年月日,開盤價(元),最高價(元),最低價(元),收盤價(元),成交量(千股),成交值(千元),報酬率％,週轉率％,成交筆數(筆),外資買賣超(千股),投信買賣超(千股),自營買賣超(千股),合計買賣超(千股),融資餘額(張),融資買進(張),融資賣出(張),融券買進(張),融券餘額(張),融券賣出(張),本益比-TSE,股價淨值比-TSE,股利殖利率-TSE
2015/11/02,,,,,,,,,,0.0,0.0,0.0,10.0,,,,,,,,,
2015/11/03,,,,,,,,,,0.0,0.0,0.0,0.0,,,,,,,,,
2015/11/04,,,,,,,,,,2.0,0.0,0.0,2.0,,,,,,,,,
2015/11/05,,,,,,,,,,0.0,0.0,0.0,0.0,,,,,,,,,
2015/11/06,,,,,,,,,,-2.0,0.0,0.0,-2.0,,,,,,,,,
2015/11/09,,,,,,,,,,0.0,0.0,0.0,0.0,,,,,,,,,
2015/11/10,,,,,,,,,,0.0,0.0,0.0,0.0,,,,,,,,,
2015/11/11,,,,,,,,,,0.0,0.0,0.0,0.0,,,,,,,,,
2015/11/12,,,,,,,,,,0.0,0.0,0.0,0.0,,,,,,,,,
2015/11/13,,,,,,,,,,0.0,0.0,0.0,0.0,,,,,,,,,
2015/11/16,,,,,,,,,,0.0,0.0,0.0,0.0,,,,,,,,,
2015/11/17,,,,,,,,,,0.0,0.0,0.0,0.0,,,,,,,,,
2015/11/18,,,,,,,,,,0.0,0.0,0.0,0.0,,,,,,,,,
2015/11/19,,,,,,,,,,0.0,0.0,0.0,0.0,,,,,,,,,
2015/11/20,,,,,,,,,,0.0,0.0,0.0,0.0,,,,,,,,,
2015/11/23,,,,,,,,,,0.0,0.0,0.0,0.0,,,,,,,,,
2015/11/24,,,,,,,,,,-5.0,0.0,0.0,-5.0,,,,,,,,,
2015/11/25,,,,,,,,,,0.0,0.0,0.0,0.0,,,,,,,,,
2015/11/26,,,,,,,,,,0.0,0.0,0.0,0.0,,,,,,,,,
2015/11/27,,,,,,,,,,0.0,0.0,0.0,0.0,,,,,,,,,
2015/11/30,,,,,,,,,,0.0,0.0,0.0,0.0,,,,,,,,,
2015/12/01,,,,,,,,,,-5.0,0.0,0.0,-5.0,,,,,,,,,
2015/12/02,,,,,,,,,,0.0,0.0,0.0,0.0,,,,,,,,,
2015/12/03,,,,,,,,,,0.0,0.0,0.0,0.0,,,,,,,,,
2015/12/04,,,,,,,,,,0.0,0.0,0.0,0.0,,,,,,,,,
2015/12/07,,,,,,,,,,0.0,0.0,0.0,0.0,,,,,,,,,
2015/12/08,,,,,,,,,,0.0,0.0,0.0,0.0,,,,,,,,,
2015/12/09,,,,,,,,,,0.0,0.0,0.0,0.0,,,,,,,,,
2015/12/10,,,,,,,,,,0.0,0.0,0.0,0.0,,,,,,,,,
2015/12/11,,,,,,,,,,0.0,0.0,0.0,0.0,,,,,,,,,
2015/12/14,,,,,,,,,,0.0,0.0,0.0,0.0,,,,,,,,,
2015/12/15,,,,,,,,,,0.0,0.0,0.0,0.0,,,,,,,,,
2015/12/16,,,,,,,,,,0.0,0.0,0.0,0.0,,,,,,,,,
2015/12/17,,,,,,,,,,0.0,0.0,0.0,0.0,,,,,,,,,
2015/12/18,,,,,,,,,,0.0,0.0,0.0,0.0,,,,,,,,,
2015/12/21,,,,,,,,,,0.0,0.0,0.0,0.0,,,,,,,,,
2015/12/22,,,,,,,,,,0.0,0.0,0.0,0.0,,,,,,,,,
2015/12/23,,,,,,,,,,0.0,0.0,0.0,0.0,,,,,,,,,
2015/12/24,,,,,,,,,,0.0,0.0,0.0,0.0,,,,,,,,,
2015/12/25,,,,,,,,,,0.0,0.0,0.0,0.0,,,,,,,,,
2015/12/28,,,,,,,,,,0.0,0.0,0.0,0.0,,,,,,,,,
2015/12/29,,,,,,,,,,0.0,0.0,0.0,0.0,,,,,,,,,
2015/12/30,,,,,,,,,,0.0,0.0,0.0,0.0,,,,,,,,,
2015/12/31,,,,,,,,,,0.0,0.0,0.0,0.0,,,,,,,,,
2016/01/04,,,,,,,,,,0.0,0.0,0.0,0.0,,,,,,,,,
2016/01/05,,,,,,,,,,0.0,0.0,0.0,0.0,,,,,,,,,
2016/01/06,,,,,,,,,,0.0,0.0,0.0,0.0,,,,,,,,,
2016/01/07,,,,,,,,,,0.0,0.0,0.0,0.0,,,,,,,,,
2016/01/08,,,,,,,,,,0.0,0.0,0.0,0.0,,,,,,,,,
2016/01/11,,,,,,,,,,0.0,0.0,0.0,0.0,,,,,,,,,
2016/01/12,,,,,,,,,,0.0,0.0,0.0,0.0,,,,,,,,,
2016/01/13,,,,,,,,,,0.0,0.0,0.0,0.0,,,,,,,,,
2016/01/14,,,,,,,,,,0.0,0.0,0.0,0.0,,,,,,,,,
2016/01/15,,,,,,,,,,0.0,0.0,0.0,0.0,,,,,,,,,
2016/01/18,,,,,,,,,,0.0,0.0,0.0,0.0,,,,,,,,,
2016/01/19,,,,,,,,,,0.0,0.0,0.0,0.0,,,,,,,,,
2016/01/20,,,,,,,,,,0.0,0.0,0.0,0.0,,,,,,,,,
2016/01/21,,,,,,,,,,0.0,0.0,0.0,0.0,,,,,,,,,
2016/01/22,,,,,,,,,,0.0,0.0,0.0,0.0,,,,,,,,,
2016/01/25,,,,,,,,,,0.0,0.0,0.0,0.0,,,,,,,,,
2016/01/26,,,,,,,,,,0.0,0.0,0.0,0.0,,,,,,,,,
2016/01/27,,,,,,,,,,0.0,0.0,0.0,0.0,,,,,,,,,
2016/01/28,,,,,,,,,,0.0,0.0,0.0,0.0,,,,,,,,,
2016/01/29,,,,,,,,,,0.0,0.0,0.0,0.0,,,,,,,,,
2016/01/30,,,,,,,,,,0.0,0.0,0.0,0.0,,,,,,,,,
2016/02/01,,,,,,,,,,0.0,0.0,0.0,0.0,,,,,,,,,
2016/02/02,,,,,,,,,,0.0,0.0,0.0,0.0,,,,,,,,,
2016/02/03,,,,,,,,,,0.0,0.0,0.0,0.0,,,,,,,,,
2016/02/15,,,,,,,,,,0.0,0.0,0.0,0.0,,,,,,,,,
2016/02/16,,,,,,,,,,0.0,0.0,0.0,0.0,,,,,,,,,
2016/02/17,,,,,,,,,,0.0,0.0,0.0,0.0,,,,,,,,,
2016/02/18,,,,,,,,,,0.0,0.0,0.0,0.0,,,,,,,,,
2016/02/19,,,,,,,,,,0.0,0.0,0.0,0.0,,,,,,,,,
2016/02/22,,,,,,,,,,0.0,0.0,0.0,0.0,,,,,,,,,
2016/02/23,,,,,,,,,,0.0,0.0,0.0,0.0,,,,,,,,,
2016/02/24,,,,,,,,,,0.0,0.0,0.0,0.0,,,,,,,,,
2016/02/25,,,,,,,,,,0.0,0.0,0.0,0.0,,,,,,,,,
2016/02/26,,,,,,,,,,0.0,0.0,0.0,0.0,,,,,,,,,
2016/03/01,,,,,,,,,,0.0,0.0,0.0,0.0,,,,,,,,,
2016/03/02,,,,,,,,,,0.0,0.0,0.0,0.0,,,,,,,,,
2016/03/03,,,,,,,,,,0.0,0.0,0.0,0.0,,,,,,,,,
2016/03/04,,,,,,,,,,0.0,0.0,0.0,0.0,,,,,,,,,
2016/03/07,,,,,,,,,,0.0,0.0,0.0,0.0,,,,,,,,,
2016/03/08,,,,,,,,,,0.0,0.0,0.0,0.0,,,,,,,,,
2016/03/09,,,,,,,,,,0.0,0.0,0.0,0.0,,,,,,,,,
2016/03/10,,,,,,,,,,0.0,0.0,0.0,0.0,,,,,,,,,
2016/03/11,,,,,,,,,,0.0,0.0,0.0,0.0,,,,,,,,,
2016/03/14,,,,,,,,,,0.0,0.0,0.0,0.0,,,,,,,,,
2016/03/15,,,,,,,,,,0.0,0.0,0.0,0.0,,,,,,,,,
2016/03/16,,,,,,,,,,0.0,0.0,0.0,0.0,,,,,,,,,
2016/03/17,,,,,,,,,,0.0,0.0,0.0,0.0,,,,,,,,,
2016/03/18,,,,,,,,,,0.0,0.0,0.0,0.0,,,,,,,,,
2016/03/21,,,,,,,,,,0.0,0.0,15.0,15.0,,,,,,,,,
2016/03/22,,,,,,,,,,0.0,0.0,15.0,15.0,,,,,,,,,
2016/03/23,,,,,,,,,,0.0,0.0,0.0,0.0,,,,,,,,,
2016/03/24,,,,,,,,,,0.0,0.0,0.0,0.0,,,,,,,,,
2016/03/25,,,,,,,,,,0.0,0.0,0.0,0.0,,,,,,,,,
2016/03/28,,,,,,,,,,0.0,0.0,0.0,0.0,,,,,,,,,
2016/03/29,,,,,,,,,,0.0,0.0,0.0,0.0,,,,,,,,,
2016/03/30,,,,,,,,,,0.0,0.0,0.0,0.0,,,,,,,,,
2016/03/31,,,,,,,,,,0.0,0.0,0.0,0.0,,,,,,,,,
2016/04/01,,,,,,,,,,0.0,0.0,0.0,0.0,,,,,,,,,
2016/04/06,,,,,,,,,,0.0,0.0,0.0,0.0,,,,,,,,,
2016/04/07,,,,,,,,,,0.0,0.0,0.0,0.0,,,,,,,,,
2016/04/08,,,,,,,,,,0.0,0.0,0.0,0.0,,,,,,,,,
2016/04/11,,,,,,,,,,0.0,0.0,0.0,0.0,,,,,,,,,
2016/04/12,,,,,,,,,,0.0,0.0,0.0,0.0,,,,,,,,,
2016/04/13,,,,,,,,,,0.0,0.0,0.0,0.0,,,,,,,,,
2016/04/14,,,,,,,,,,0.0,0.0,0.0,0.0,,,,,,,,,
2016/04/15,,,,,,,,,,0.0,0.0,0.0,0.0,,,,,,,,,
2016/04/18,,,,,,,,,,0.0,0.0,0.0,0.0,,,,,,,,,
2016/04/19,,,,,,,,,,0.0,0.0,0.0,0.0,,,,,,,,,
2016/04/20,,,,,,,,,,0.0,0.0,0.0,0.0,,,,,,,,,
2016/04/21,,,,,,,,,,0.0,0.0,0.0,0.0,,,,,,,,,
2016/04/22,,,,,,,,,,0.0,0.0,0.0,0.0,,,,,,,,,
2016/04/25,,,,,,,,,,0.0,0.0,0.0,0.0,,,,,,,,,
2016/04/26,,,,,,,,,,0.0,0.0,0.0,0.0,,,,,,,,,
2016/04/27,,,,,,,,,,0.0,0.0,0.0,0.0,,,,,,,,,
2016/04/28,,,,,,,,,,0.0,0.0,0.0,0.0,,,,,,,,,
2016/04/29,,,,,,,,,,0.0,0.0,0.0,0.0,,,,,,,,,
2016/05/03,,,,,,,,,,0.0,0.0,0.0,0.0,,,,,,,,,
2016/05/04,,,,,,,,,,0.0,0.0,0.0,0.0,,,,,,,,,
2016/05/05,,,,,,,,,,0.0,0.0,0.0,0.0,,,,,,,,,
2016/05/06,,,,,,,,,,0.0,0.0,0.0,0.0,,,,,,,,,
2016/05/09,,,,,,,,,,0.0,0.0,0.0,0.0,,,,,,,,,
2016/05/10,,,,,,,,,,0.0,0.0,0.0,0.0,,,,,,,,,
2016/05/11,,,,,,,,,,81.0,0.0,0.0,81.0,,,,,,,,,
2016/05/12,,,,,,,,,,0.0,0.0,0.0,0.0,,,,,,,,,
2016/05/13,,,,,,,,,,0.0,0.0,0.0,0.0,,,,,,,,,
2016/05/16,,,,,,,,,,0.0,0.0,0.0,0.0,,,,,,,,,
2016/05/17,,,,,,,,,,0.0,0.0,0.0,0.0,,,,,,,,,
2016/05/18,,,,,,,,,,0.0,0.0,0.0,0.0,,,,,,,,,
2016/05/19,,,,,,,,,,0.0,0.0,0.0,0.0,,,,,,,,,
2016/05/20,,,,,,,,,,0.0,0.0,0.0,0.0,,,,,,,,,
2016/05/23,,,,,,,,,,0.0,0.0,0.0,0.0,,,,,,,,,
2016/05/24,,,,,,,,,,0.0,0.0,0.0,0.0,,,,,,,,,
2016/05/25,,,,,,,,,,0.0,0.0,0.0,0.0,,,,,,,,,
2016/05/26,,,,,,,,,,0.0,0.0,0.0,0.0,,,,,,,,,
2016/05/27,,,,,,,,,,0.0,0.0,0.0,0.0,,,,,,,,,
2016/05/30,,,,,,,,,,0.0,0.0,0.0,0.0,,,,,,,,,
2016/05/31,,,,,,,,,,0.0,0.0,0.0,0.0,,,,,,,,,
2016/06/01,,,,,,,,,,0.0,0.0,0.0,0.0,,,,,,,,,
2016/06/02,,,,,,,,,,0.0,0.0,0.0,0.0,,,,,,,,,
2016/06/03,,,,,,,,,,0.0,0.0,0.0,0.0,,,,,,,,,
2016/06/04,,,,,,,,,,0.0,0.0,0.0,0.0,,,,,,,,,
2016/06/06,,,,,,,,,,0.0,0.0,0.0,0.0,,,,,,,,,
2016/06/07,,,,,,,,,,0.0,0.0,0.0,0.0,,,,,,,,,
2016/06/08,,,,,,,,,,0.0,0.0,0.0,0.0,,,,,,,,,
2016/06/13,,,,,,,,,,0.0,0.0,0.0,0.0,,,,,,,,,
2016/06/14,,,,,,,,,,0.0,0.0,0.0,0.0,,,,,,,,,
2016/06/15,,,,,,,,,,0.0,0.0,0.0,0.0,,,,,,,,,
2016/06/16,,,,,,,,,,0.0,0.0,0.0,0.0,,,,,,,,,
2016/06/17,,,,,,,,,,0.0,0.0,0.0,0.0,,,,,,,,,
2016/06/20,,,,,,,,,,0.0,0.0,0.0,0.0,,,,,,,,,
2016/06/21,,,,,,,,,,0.0,0.0,0.0,0.0,,,,,,,,,
2016/06/22,,,,,,,,,,0.0,0.0,0.0,0.0,,,,,,,,,
2016/06/23,,,,,,,,,,0.0,0.0,0.0,0.0,,,,,,,,,
2016/06/24,,,,,,,,,,0.0,0.0,0.0,0.0,,,,,,,,,
2016/06/27,,,,,,,,,,0.0,0.0,0.0,0.0,,,,,,,,,
2016/06/28,,,,,,,,,,0.0,0.0,0.0,0.0,,,,,,,,,
2016/06/29,,,,,,,,,,0.0,0.0,0.0,0.0,,,,,,,,,
2016/06/30,,,,,,,,,,0.0,0.0,0.0,0.0,,,,,,,,,
2016/07/01,,,,,,,,,,79.0,0.0,0.0,79.0,,,,,,,,,
2016/07/04,,,,,,,,,,0.0,0.0,0.0,0.0,,,,,,,,,
2016/07/05,,,,,,,,,,0.0,0.0,0.0,0.0,,,,,,,,,
2016/07/06,,,,,,,,,,0.0,0.0,0.0,0.0,,,,,,,,,
2016/07/07,,,,,,,,,,0.0,0.0,0.0,0.0,,,,,,,,,
2016/07/11,,,,,,,,,,0.0,0.0,0.0,0.0,,,,,,,,,
2016/07/12,,,,,,,,,,0.0,0.0,0.0,0.0,,,,,,,,,
2016/07/13,,,,,,,,,,0.0,0.0,0.0,0.0,,,,,,,,,
2016/07/14,,,,,,,,,,0.0,0.0,0.0,0.0,,,,,,,,,
2016/07/15,,,,,,,,,,0.0,0.0,0.0,0.0,,,,,,,,,
2016/07/18,,,,,,,,,,0.0,0.0,0.0,0.0,,,,,,,,,
2016/07/19,,,,,,,,,,0.0,0.0,0.0,0.0,,,,,,,,,
2016/07/20,,,,,,,,,,0.0,0.0,0.0,0.0,,,,,,,,,
2016/07/21,,,,,,,,,,0.0,0.0,0.0,0.0,,,,,,,,,
2016/07/22,,,,,,,,,,0.0,0.0,0.0,0.0,,,,,,,,,
2016/07/25,,,,,,,,,,0.0,0.0,0.0,0.0,,,,,,,,,
2016/07/26,,,,,,,,,,0.0,0.0,0.0,0.0,,,,,,,,,
2016/07/27,,,,,,,,,,0.0,0.0,0.0,0.0,,,,,,,,,
2016/07/28,,,,,,,,,,0.0,0.0,0.0,0.0,,,,,,,,,
2016/07/29,,,,,,,,,,0.0,0.0,0.0,0.0,,,,,,,,,
2016/08/01,,,,,,,,,,0.0,0.0,0.0,0.0,,,,,,,,,
2016/08/02,,,,,,,,,,0.0,0.0,0.0,0.0,,,,,,,,,
2016/08/03,,,,,,,,,,0.0,0.0,0.0,0.0,,,,,,,,,
2016/08/04,,,,,,,,,,0.0,0.0,0.0,0.0,,,,,,,,,
2016/08/05,,,,,,,,,,0.0,0.0,0.0,0.0,,,,,,,,,
2016/08/08,,,,,,,,,,0.0,0.0,0.0,0.0,,,,,,,,,
2016/08/09,,,,,,,,,,0.0,0.0,0.0,0.0,,,,,,,,,
2016/08/10,,,,,,,,,,0.0,0.0,0.0,0.0,,,,,,,,,
2016/08/11,,,,,,,,,,0.0,0.0,0.0,0.0,,,,,,,,,
2016/08/12,,,,,,,,,,0.0,0.0,0.0,0.0,,,,,,,,,
2016/08/15,,,,,,,,,,0.0,0.0,0.0,0.0,,,,,,,,,
2016/08/16,,,,,,,,,,0.0,0.0,0.0,0.0,,,,,,,,,
2016/08/17,,,,,,,,,,0.0,0.0,0.0,0.0,,,,,,,,,
2016/08/18,,,,,,,,,,0.0,0.0,0.0,0.0,,,,,,,,,
2016/08/19,,,,,,,,,,0.0,0.0,0.0,0.0,,,,,,,,,
2016/08/22,,,,,,,,,,0.0,0.0,0.0,0.0,,,,,,,,,
2016/08/23,,,,,,,,,,0.0,0.0,0.0,0.0,,,,,,,,,
2016/08/24,,,,,,,,,,0.0,0.0,0.0,0.0,,,,,,,,,
2016/08/25,,,,,,,,,,0.0,0.0,0.0,0.0,,,,,,,,,
2016/08/26,,,,,,,,,,0.0,0.0,0.0,0.0,,,,,,,,,
2016/08/29,,,,,,,,,,0.0,0.0,0.0,0.0,,,,,,,,,
2016/08/30,,,,,,,,,,0.0,0.0,0.0,0.0,,,,,,,,,
2016/08/31,,,,,,,,,,0.0,0.0,0.0,0.0,,,,,,,,,
2016/09/01,,,,,,,,,,0.0,0.0,0.0,0.0,,,,,,,,,
2016/09/02,,,,,,,,,,0.0,0.0,0.0,0.0,,,,,,,,,
2016/09/05,,,,,,,,,,0.0,0.0,0.0,0.0,,,,,,,,,
2016/09/06,,,,,,,,,,0.0,0.0,0.0,0.0,,,,,,,,,
2016/09/07,,,,,,,,,,0.0,0.0,0.0,0.0,,,,,,,,,
2016/09/08,,,,,,,,,,0.0,0.0,0.0,0.0,,,,,,,,,
2016/09/09,,,,,,,,,,0.0,0.0,0.0,0.0,,,,,,,,,
2016/09/10,,,,,,,,,,0.0,0.0,0.0,0.0,,,,,,,,,
2016/09/12,,,,,,,,,,0.0,0.0,0.0,0.0,,,,,,,,,
2016/09/13,,,,,,,,,,0.0,0.0,0.0,0.0,,,,,,,,,
2016/09/14,,,,,,,,,,0.0,0.0,0.0,0.0,,,,,,,,,
2016/09/19,,,,,,,,,,0.0,0.0,0.0,0.0,,,,,,,,,
2016/09/20,,,,,,,,,,0.0,0.0,0.0,0.0,,,,,,,,,
2016/09/21,,,,,,,,,,0.0,0.0,0.0,0.0,,,,,,,,,
2016/09/22,,,,,,,,,,0.0,0.0,0.0,0.0,,,,,,,,,
2016/09/23,,,,,,,,,,0.0,0.0,0.0,0.0,,,,,,,,,
2016/09/26,,,,,,,,,,0.0,0.0,0.0,0.0,,,,,,,,,
2016/09/29,,,,,,,,,,0.0,0.0,0.0,0.0,,,,,,,,,
2016/09/30,,,,,,,,,,0.0,0.0,0.0,0.0,,,,,,,,,
2016/10/03,,,,,,,,,,0.0,0.0,0.0,0.0,,,,,,,,,
2016/10/04,,,,,,,,,,0.0,0.0,0.0,0.0,,,,,,,,,
2016/10/05,,,,,,,,,,0.0,0.0,0.0,0.0,,,,,,,,,
2016/10/06,,,,,,,,,,0.0,0.0,0.0,0.0,,,,,,,,,
2016/10/07,,,,,,,,,,0.0,0.0,0.0,0.0,,,,,,,,,
2016/10/11,,,,,,,,,,0.0,0.0,0.0,0.0,,,,,,,,,
2016/10/12,,,,,,,,,,0.0,0.0,0.0,0.0,,,,,,,,,
2016/10/13,,,,,,,,,,0.0,0.0,0.0,0.0,,,,,,,,,
2016/10/14,,,,,,,,,,0.0,0.0,0.0,0.0,,,,,,,,,
2016/10/17,,,,,,,,,,0.0,0.0,0.0,0.0,,,,,,,,,
2016/10/18,,,,,,,,,,0.0,0.0,0.0,0.0,,,,,,,,,
2016/10/19,,,,,,,,,,0.0,0.0,0.0,0.0,,,,,,,,,
2016/10/20,,,,,,,,,,0.0,0.0,0.0,0.0,,,,,,,,,
2016/10/21,,,,,,,,,,0.0,0.0,0.0,0.0,,,,,,,,,
2016/10/24,,,,,,,,,,0.0,0.0,0.0,0.0,,,,,,,,,
2016/10/25,,,,,,,,,,0.0,0.0,0.0,0.0,,,,,,,,,
2016/10/26,,,,,,,,,,0.0,0.0,0.0,0.0,,,,,,,,,
2016/10/27,,,,,,,,,,0.0,0.0,0.0,0.0,,,,,,,,,
2016/10/28,,,,,,,,,,0.0,0.0,0.0,0.0,,,,,,,,,
2016/10/31,,,,,,,,,,0.0,0.0,0.0,0.0,,,,,,,,,
2016/11/01,,,,,,,,,,0.0,0.0,0.0,0.0,,,,,,,,,
2016/11/02,,,,,,,,,,0.0,0.0,0.0,0.0,,,,,,,,,
2016/11/03,,,,,,,,,,0.0,0.0,0.0,0.0,,,,,,,,,
2016/11/04,,,,,,,,,,0.0,0.0,0.0,0.0,,,,,,,,,
2016/11/07,,,,,,,,,,0.0,0.0,0.0,0.0,,,,,,,,,
2016/11/08,,,,,,,,,,0.0,0.0,0.0,0.0,,,,,,,,,
2016/11/09,,,,,,,,,,0.0,0.0,0.0,0.0,,,,,,,,,
2016/11/10,,,,,,,,,,0.0,0.0,0.0,0.0,,,,,,,,,
2016/11/11,,,,,,,,,,0.0,0.0,0.0,0.0,,,,,,,,,
2016/11/14,,,,,,,,,,0.0,0.0,0.0,0.0,,,,,,,,,
2016/11/15,,,,,,,,,,0.0,0.0,0.0,0.0,,,,,,,,,
2016/11/16,,,,,,,,,,0.0,0.0,0.0,0.0,,,,,,,,,
2016/11/17,,,,,,,,,,-5.0,0.0,0.0,-5.0,,,,,,,,,
2016/11/18,,,,,,,,,,0.0,0.0,0.0,0.0,,,,,,,,,
2016/11/21,,,,,,,,,,160.0,0.0,0.0,160.0,,,,,,,,,
2016/11/22,,,,,,,,,,306.0,0.0,0.0,306.0,,,,,,,,,
2016/11/23,55.7,57.1,51.3,51.6,2640.0,142796.0,3.2,4.0221,2301.0,0.0,0.0,0.0,0.0,,,,,,,16.07,3.94,4.84
2016/11/24,50.9,52.3,50.6,51.0,921.0,47301.0,-1.1628,1.4032,760.0,8.0,0.0,0.0,8.0,,,,,,,15.89,3.9,4.9
2016/11/25,51.0,51.6,50.3,50.5,390.0,19768.0,-0.9804,0.5942,306.0,-8.0,0.0,0.0,-8.0,,,,,,,15.73,3.86,4.95
2016/11/28,50.8,51.0,50.1,50.2,741.0,37530.0,-0.5941,1.1289,300.0,0.0,0.0,0.0,0.0,,,,,,,15.64,3.84,4.98
2016/11/29,50.2,50.7,50.1,50.5,504.0,25433.0,0.5976,0.7679,199.0,0.0,0.0,0.0,0.0,,,,,,,15.73,3.86,4.95
2016/11/30,50.7,50.7,50.0,50.0,243.0,12248.0,-0.9901,0.3702,176.0,-15.0,0.0,-1.0,-16.0,,,,,,,15.58,3.82,5.0
2016/12/01,50.0,50.0,48.85,49.05,486.0,23893.0,-1.9,0.7404,251.0,-14.0,0.0,0.0,-14.0,,,,,,,15.28,3.75,5.1
2016/12/02,49.0,49.0,48.1,48.9,231.0,11223.0,-0.3058,0.3519,139.0,3.0,0.0,0.0,3.0,,,,,,,15.23,3.74,5.11
2016/12/05,48.5,48.7,48.0,48.5,340.0,16453.0,-0.818,0.518,190.0,3.0,0.0,0.0,3.0,,,,,,,15.11,3.71,5.15
2016/12/06,48.45,48.45,48.1,48.4,118.0,5727.0,-0.2062,0.1798,90.0,0.0,0.0,0.0,0.0,,,,,,,15.08,3.7,5.17
2016/12/07,48.5,49.5,48.5,49.2,119.0,5846.0,1.6529,0.1813,96.0,10.0,0.0,0.0,10.0,,,,,,,15.33,3.76,5.08
2016/12/08,49.2,49.2,48.7,48.75,75.0,3665.0,-0.9146,0.1143,65.0,-7.0,0.0,0.0,-7.0,,,,,,,15.19,3.73,5.13
2016/12/09,48.75,49.0,48.75,48.8,51.0,2495.0,0.1026,0.0777,45.0,0.0,0.0,0.0,0.0,,,,,,,15.2,3.73,5.12
2016/12/12,48.7,48.9,48.6,48.75,90.0,4388.0,-0.1025,0.1371,62.0,11.0,0.0,0.0,11.0,,,,,,,15.19,3.73,5.13
2016/12/13,48.9,49.5,48.75,49.0,72.0,3544.0,0.5128,0.1097,69.0,0.0,0.0,0.0,0.0,,,,,,,15.26,3.75,5.1
2016/12/14,49.3,49.35,48.95,48.95,75.0,3697.0,-0.102,0.1143,65.0,-1.0,0.0,0.0,-1.0,,,,,,,15.25,3.74,5.11
2016/12/15,49.0,49.0,48.5,48.8,81.0,3943.0,-0.3064,0.1234,48.0,0.0,0.0,0.0,0.0,,,,,,,15.2,3.73,5.12
2016/12/16,48.35,48.9,48.35,48.45,53.0,2569.0,-0.7172,0.0807,34.0,0.0,0.0,0.0,0.0,,,,,,,15.09,3.7,5.16
2016/12/19,48.5,48.5,48.2,48.2,95.0,4622.0,-0.516,0.1447,60.0,0.0,0.0,0.0,0.0,,,,,,,15.02,3.69,5.19
2016/12/20,48.0,48.2,47.75,47.75,121.0,5805.0,-0.9336,0.1843,75.0,1.0,0.0,0.0,1.0,,,,,,,14.88,3.65,5.24
2016/12/21,47.8,48.65,47.8,48.0,85.0,4106.0,0.5236,0.1295,59.0,4.0,0.0,0.0,4.0,,,,,,,14.95,3.67,5.21
2016/12/22,48.0,48.2,48.0,48.1,71.0,3413.0,0.2083,0.1082,41.0,0.0,0.0,0.0,0.0,,,,,,,14.98,3.68,5.2
2016/12/23,48.05,48.2,48.05,48.2,20.0,962.0,0.2079,0.0305,14.0,0.0,0.0,0.0,0.0,,,,,,,15.02,3.69,5.19
2016/12/26,48.2,48.7,48.2,48.7,37.0,1796.0,1.0373,0.0564,27.0,0.0,0.0,0.0,0.0,,,,,,,15.17,3.72,5.13
2016/12/27,48.7,48.7,48.3,48.45,33.0,1598.0,-0.5133,0.0503,20.0,0.0,0.0,0.0,0.0,,,,,,,15.09,3.7,5.16
2016/12/28,48.7,48.7,48.2,48.2,31.0,1501.0,-0.516,0.0472,25.0,2.0,0.0,0.0,2.0,,,,,,,15.02,3.69,5.19
2016/12/29,48.2,48.6,48.2,48.3,32.0,1551.0,0.2075,0.0488,24.0,0.0,0.0,0.0,0.0,,,,,,,15.05,3.69,5.18
2016/12/30,48.2,48.5,48.15,48.5,33.0,1591.0,0.4141,0.0503,23.0,0.0,0.0,0.0,0.0,,,,,,,15.11,3.71,5.15
2017/01/03,48.2,48.5,48.2,48.3,27.0,1305.0,-0.4124,0.0411,22.0,-3.0,0.0,0.0,-3.0,,,,,,,15.05,3.69,5.18
2017/01/04,48.25,49.5,48.1,49.5,153.0,7500.0,2.4845,0.2331,106.0,0.0,0.0,0.0,0.0,,,,,,,15.42,3.78,5.05
2017/01/05,50.0,50.0,49.4,49.4,41.0,2030.0,-0.202,0.0625,27.0,-13.0,0.0,0.0,-13.0,,,,,,,15.39,3.78,5.06
2017/01/06,48.55,50.3,48.55,50.1,235.0,11752.0,1.417,0.358,141.0,-75.0,0.0,0.0,-75.0,,,,,,,15.61,3.83,4.99
2017/01/09,50.1,50.8,49.7,50.5,94.0,4717.0,0.7984,0.1432,61.0,-16.0,0.0,0.0,-16.0,,,,,,,15.73,3.86,4.95
2017/01/10,50.5,50.9,50.3,50.4,103.0,5200.0,-0.198,0.1569,67.0,0.0,0.0,0.0,0.0,,,,,,,15.7,3.85,4.96
2017/01/11,50.4,51.1,50.4,51.1,131.0,6664.0,1.3889,0.1996,103.0,0.0,0.0,0.0,0.0,,,,,,,15.92,3.91,4.89
2017/01/12,51.2,51.8,51.1,51.8,205.0,10563.0,1.3699,0.3123,135.0,0.0,0.0,0.0,0.0,,,,,,,16.14,3.96,4.83
2017/01/13,51.6,53.3,51.5,52.7,334.0,17531.0,1.7375,0.5089,189.0,0.0,0.0,0.0,0.0,,,,,,,16.42,4.03,4.74
2017/01/16,52.7,53.6,52.5,53.3,174.0,9261.0,1.1385,0.2651,141.0,0.0,0.0,0.0,0.0,,,,,,,16.6,4.07,4.69
2017/01/17,53.3,54.6,53.3,54.5,240.0,13036.0,2.2514,0.3656,181.0,0.0,0.0,0.0,0.0,,,,,,,16.98,4.17,4.59
2017/01/18,54.5,54.6,52.6,52.7,204.0,11026.0,-3.3028,0.3108,143.0,12.0,0.0,0.0,12.0,,,,,,,16.42,4.03,4.74
2017/01/19,53.0,53.1,52.5,53.0,107.0,5661.0,0.5693,0.163,76.0,1.0,0.0,1.0,2.0,,,,,,,16.51,4.05,4.72
2017/01/20,53.0,53.1,52.7,52.8,60.0,3176.0,-0.3774,0.0914,42.0,1.0,0.0,0.0,1.0,,,,,,,16.45,4.04,4.73
2017/01/23,52.8,53.4,52.2,52.2,99.0,5250.0,-1.1364,0.1508,77.0,1.0,0.0,0.0,1.0,,,,,,,16.26,3.99,4.79
2017/01/24,52.4,53.5,52.4,53.0,102.0,5402.0,1.5326,0.1554,77.0,1.0,0.0,0.0,1.0,,,,,,,16.51,4.05,4.72
2017/02/02,52.8,53.3,52.5,53.3,70.0,3710.0,0.566,0.1066,60.0,2.0,0.0,1.0,3.0,,,,,,,16.6,4.07,4.69
2017/02/03,53.3,53.8,52.7,53.5,97.0,5180.0,0.3752,0.1478,77.0,0.0,0.0,0.0,0.0,,,,,,,16.67,4.09,4.67
2017/02/06,53.5,54.1,53.3,53.8,136.0,7332.0,0.5607,0.2072,95.0,1.0,0.0,0.0,1.0,,,,,,,16.76,4.11,4.65
2017/02/07,53.8,54.1,53.8,53.9,70.0,3775.0,0.1859,0.1066,58.0,0.0,0.0,0.0,0.0,,,,,,,16.79,4.12,4.64
2017/02/08,54.0,54.3,53.9,53.9,99.0,5358.0,0.0,0.1508,75.0,-11.0,0.0,0.0,-11.0,,,,,,,16.79,4.12,4.64
2017/02/09,53.9,54.2,53.5,53.5,74.0,3988.0,-0.7421,0.1127,58.0,-1.0,0.0,0.0,-1.0,,,,,,,16.67,4.09,4.67
2017/02/10,53.8,54.1,53.7,53.9,94.0,5066.0,0.7477,0.1432,72.0,-1.0,0.0,3.0,2.0,,,,,,,16.79,4.12,4.64
2017/02/13,53.7,53.7,53.4,53.7,29.0,1552.0,-0.3711,0.0442,21.0,-1.0,0.0,0.0,-1.0,,,,,,,16.73,4.11,4.66
2017/02/14,53.7,53.9,53.0,53.4,46.0,2469.0,-0.5587,0.0701,38.0,-1.0,0.0,0.0,-1.0,,,,,,,16.64,4.08,4.68
2017/02/15,53.5,55.0,53.0,53.3,140.0,7561.0,-0.1873,0.2133,125.0,7.0,0.0,-1.0,6.0,,,,,,,16.6,4.07,4.69
2017/02/16,53.5,54.2,53.5,54.0,86.0,4638.0,1.3133,0.131,58.0,-1.0,0.0,-2.0,-3.0,,,,,,,16.82,4.13,4.63
2017/02/17,54.2,54.3,53.9,53.9,39.0,2110.0,-0.1852,0.0594,33.0,0.0,0.0,0.0,0.0,,,,,,,16.79,4.12,4.64
2017/02/18,54.0,54.2,53.7,53.8,30.0,1619.0,-0.1855,0.0457,23.0,0.0,0.0,0.0,0.0,,,,,,,16.76,4.11,4.65
2017/02/20,53.8,54.4,53.8,54.2,79.0,4275.0,0.7435,0.1204,58.0,1.0,0.0,0.0,1.0,,,,,,,16.88,4.14,4.61
2017/02/21,54.1,54.9,54.0,54.5,149.0,8113.0,0.5535,0.227,88.0,3.0,0.0,0.0,3.0,,,,,,,16.98,4.17,4.59
2017/02/22,54.5,54.5,54.2,54.3,57.0,3103.0,-0.367,0.0868,46.0,0.0,0.0,0.0,0.0,,,,,,,16.92,4.15,4.6
2017/02/23,54.4,54.7,54.3,54.4,87.0,4741.0,0.1842,0.1325,59.0,0.0,0.0,0.0,0.0,,,,,,,16.95,4.16,4.6
2017/02/24,54.5,54.8,54.4,54.7,82.0,4476.0,0.5515,0.1249,58.0,3.0,0.0,0.0,3.0,,,,,,,17.04,4.18,4.57
2017/03/01,54.7,54.7,54.0,54.1,60.0,3271.0,-1.0969,0.0914,41.0,3.0,0.0,0.0,3.0,,,,,,,16.85,4.14,4.62
2017/03/02,54.1,54.5,54.1,54.1,83.0,4515.0,0.0,0.1265,57.0,2.0,0.0,0.0,2.0,,,,,,,16.85,4.14,4.62
2017/03/03,54.1,54.5,54.0,54.5,42.0,2275.0,0.7394,0.064,39.0,3.0,0.0,0.0,3.0,,,,,,,16.98,4.17,4.59
2017/03/06,54.7,54.7,54.4,54.4,44.0,2398.0,-0.1835,0.067,23.0,2.0,0.0,0.0,2.0,,,,,,,16.95,4.16,4.6
2017/03/07,54.4,54.9,54.3,54.9,96.0,5239.0,0.9191,0.1463,60.0,9.0,0.0,0.0,9.0,,,,,,,17.1,4.2,4.55
2017/03/08,55.0,55.0,54.6,54.7,28.0,1532.0,-0.3643,0.0427,27.0,1.0,0.0,0.0,1.0,,,,,,,17.04,4.18,4.57
2017/03/09,54.8,55.1,54.7,54.7,46.0,2525.0,0.0,0.0701,37.0,22.0,0.0,0.0,22.0,,,,,,,17.04,4.18,4.57
2017/03/10,54.4,54.7,54.3,54.6,81.0,4420.0,-0.1828,0.1234,50.0,9.0,0.0,0.0,9.0,,,,,,,17.01,4.17,4.58
2017/03/13,54.3,54.3,53.5,53.9,61.0,3285.0,-1.2821,0.0929,46.0,-8.0,0.0,0.0,-8.0,,,,,,,16.79,4.12,4.64
2017/03/14,53.9,54.0,53.8,54.0,46.0,2478.0,0.1855,0.0701,31.0,1.0,0.0,0.0,1.0,,,,,,,16.82,4.13,4.63
2017/03/15,54.0,55.3,54.0,54.3,149.0,8150.0,0.5556,0.227,65.0,36.0,0.0,-1.0,35.0,,,,,,,16.92,4.15,4.6
2017/03/16,54.2,54.5,54.2,54.4,34.0,1846.0,0.1842,0.0518,30.0,9.0,0.0,0.0,9.0,,,,,,,16.95,4.16,4.6
2017/03/17,54.4,55.0,54.3,54.4,39.0,2127.0,0.0,0.0594,29.0,17.0,0.0,0.0,17.0,,,,,,,16.95,4.16,4.6
2017/03/20,54.5,54.7,54.4,54.5,52.0,2835.0,0.1838,0.0792,33.0,0.0,0.0,0.0,0.0,,,,,,,18.6,3.19,4.59
2017/03/21,54.8,55.0,54.7,54.8,117.0,6424.0,0.5505,0.1783,69.0,5.0,0.0,0.0,5.0,,,,,,,18.7,3.21,4.56
2017/03/22,54.5,55.1,54.3,55.0,62.0,3399.0,0.365,0.0945,50.0,5.0,0.0,0.0,5.0,,,,,,,18.77,3.22,4.55
2017/03/23,56.9,58.5,56.8,56.8,306.0,17593.0,3.2727,0.4662,213.0,2.0,0.0,0.0,2.0,,,,,,,19.39,3.33,4.4
2017/03/24,56.8,57.1,55.8,56.2,143.0,8097.0,-1.0563,0.2179,68.0,10.0,0.0,0.0,10.0,,,,,,,19.18,3.29,4.45
2017/03/27,56.2,57.0,55.7,56.5,77.0,4324.0,0.5338,0.1173,57.0,8.0,0.0,0.0,8.0,,,,,,,19.28,3.31,4.42
2017/03/28,56.5,56.5,56.0,56.0,47.0,2639.0,-0.885,0.0716,43.0,10.0,0.0,0.0,10.0,,,,,,,19.11,3.28,4.46
2017/03/29,56.0,56.0,55.6,55.6,61.0,3406.0,-0.7143,0.0929,48.0,1.0,0.0,0.0,1.0,,,,,,,18.98,3.26,4.5
2017/03/30,55.6,56.3,55.6,55.7,40.0,2228.0,0.1799,0.0609,27.0,13.0,0.0,0.0,13.0,,,,,,,19.01,3.26,4.49
2017/03/31,55.7,56.6,55.7,56.6,66.0,3709.0,1.6158,0.1006,37.0,8.0,0.0,0.0,8.0,,,,,,,19.32,3.31,4.42
2017/04/05,56.6,56.7,56.2,56.2,31.0,1749.0,-0.7067,0.0472,24.0,7.0,0.0,0.0,7.0,,,,,,,19.18,3.29,4.45
2017/04/06,56.2,56.5,56.2,56.4,40.0,2254.0,0.3559,0.0609,26.0,13.0,0.0,0.0,13.0,,,,,,,19.25,3.3,4.43
2017/04/07,57.0,57.0,56.4,56.4,34.0,1920.0,0.0,0.0518,26.0,13.0,0.0,-1.0,12.0,,,,,,,19.25,3.3,4.43
2017/04/10,56.4,56.6,56.1,56.1,40.0,2252.0,-0.5319,0.0609,26.0,0.0,0.0,0.0,0.0,,,,,,,19.15,3.28,4.46
2017/04/11,55.8,56.1,55.7,55.7,54.0,3017.0,-0.713,0.0823,35.0,-13.0,0.0,0.0,-13.0,,,,,,,19.01,3.26,4.49
2017/04/12,55.7,57.0,55.5,55.5,52.0,2900.0,-0.3591,0.0792,29.0,6.0,0.0,0.0,6.0,,,,,,,18.94,3.25,4.5
2017/04/13,55.5,56.3,55.5,56.3,36.0,2011.0,1.4414,0.0548,26.0,-1.0,0.0,0.0,-1.0,,,,,,,19.22,3.3,4.44
2017/04/14,56.0,56.0,53.9,54.7,72.0,3983.0,-2.8419,0.1097,47.0,-16.0,0.0,0.0,-16.0,,,,,,,18.67,3.2,4.57
2017/04/17,54.8,55.1,54.7,55.0,52.0,2856.0,0.5484,0.0792,27.0,-2.0,0.0,0.0,-2.0,,,,,,,18.77,3.22,4.55
2017/04/18,55.2,55.5,55.2,55.5,32.0,1771.0,0.9091,0.0488,21.0,-3.0,0.0,0.0,-3.0,,,,,,,18.94,3.25,4.5
2017/04/19,55.7,56.0,55.3,55.9,22.0,1222.0,0.7207,0.0335,18.0,-2.0,0.0,1.0,-1.0,,,,,,,19.08,3.27,4.47
2017/04/20,55.2,56.6,55.2,56.5,59.0,3316.0,1.0733,0.0899,47.0,-1.0,0.0,-1.0,-2.0,,,,,,,19.28,3.31,4.42
2017/04/21,57.0,57.7,56.7,56.8,76.0,4353.0,0.531,0.1158,62.0,-1.0,0.0,0.0,-1.0,,,,,,,19.39,3.33,4.4
2017/04/24,57.0,57.9,56.8,56.9,98.0,5607.0,0.1761,0.1493,63.0,0.0,0.0,0.0,0.0,,,,,,,19.42,3.33,4.39
2017/04/25,56.9,57.0,56.5,57.0,21.0,1191.0,0.1757,0.032,19.0,0.0,0.0,0.0,0.0,,,,,,,19.45,3.34,4.39
2017/04/26,56.6,57.2,56.6,56.7,43.0,2462.0,-0.5263,0.0655,39.0,1.0,0.0,0.0,1.0,,,,,,,19.35,3.32,4.41
2017/04/27,56.5,57.1,56.5,56.8,76.0,4323.0,0.1764,0.1158,40.0,18.0,0.0,0.0,18.0,,,,,,,19.39,3.33,4.4
2017/04/28,57.0,57.1,56.2,56.8,91.0,5165.0,0.0,0.1386,49.0,9.0,10.0,0.0,19.0,,,,,,,19.39,3.33,4.4
2017/05/02,58.0,58.0,56.5,56.8,73.0,4167.0,0.0,0.1112,45.0,15.0,16.0,0.0,31.0,,,,,,,19.39,3.33,4.4
2017/05/03,57.0,57.0,55.1,55.2,41.0,2303.0,-2.8169,0.0625,33.0,-1.0,0.0,0.0,-1.0,,,,,,,18.84,3.23,4.53
2017/05/04,56.0,56.4,55.8,56.0,21.0,1176.0,1.4493,0.032,18.0,-1.0,0.0,0.0,-1.0,,,,,,,19.11,3.28,4.46
2017/05/05,57.1,57.1,56.0,56.8,17.0,960.0,1.4286,0.0259,11.0,0.0,12.0,0.0,12.0,,,,,,,19.39,3.33,4.4
2017/05/08,56.6,56.6,56.0,56.0,13.0,737.0,-1.4085,0.0198,14.0,0.0,0.0,0.0,0.0,,,,,,,19.11,3.28,4.46
2017/05/09,56.0,56.3,56.0,56.2,10.0,562.0,0.3571,0.0152,9.0,-2.0,10.0,0.0,8.0,,,,,,,19.18,3.29,4.45
2017/05/10,56.5,56.6,56.0,56.0,27.0,1517.0,-0.3559,0.0411,19.0,-1.0,0.0,0.0,-1.0,,,,,,,19.11,3.28,4.46
2017/05/11,56.3,56.3,56.3,56.3,26.0,1463.0,0.5357,0.0396,18.0,-1.0,10.0,0.0,9.0,,,,,,,19.02,3.11,4.44
2017/05/12,56.3,57.4,56.3,56.8,101.0,5756.0,0.8881,0.1539,53.0,0.0,8.0,0.0,8.0,,,,,,,19.19,3.14,4.4
2017/05/15,56.5,57.0,56.5,57.0,18.0,1022.0,0.3521,0.0274,17.0,0.0,0.0,0.0,0.0,,,,,,,19.26,3.15,4.39
2017/05/16,57.2,58.3,57.1,58.2,179.0,10407.0,2.1053,0.2727,129.0,0.0,12.0,10.0,22.0,,,,,,,19.66,3.22,4.3
2017/05/17,58.9,58.9,58.0,58.5,93.0,5437.0,0.5155,0.1417,65.0,0.0,0.0,5.0,5.0,,,,,,,19.76,3.23,4.27
2017/05/18,59.0,59.0,58.2,58.7,206.0,12098.0,0.3419,0.3138,98.0,1.0,30.0,0.0,31.0,,,,,,,19.83,3.24,4.26
2017/05/19,59.2,61.6,58.8,60.0,298.0,17938.0,2.2147,0.454,192.0,0.0,40.0,3.0,43.0,,,,,,,20.27,3.31,4.17
2017/05/22,60.7,62.0,60.0,61.5,305.0,18649.0,2.5,0.4647,230.0,6.0,0.0,0.0,6.0,,,,,,,20.78,3.4,4.07
2017/05/23,61.5,61.5,60.4,60.5,181.0,11018.0,-1.626,0.2758,99.0,-6.0,0.0,0.0,-6.0,,,,,,,20.44,3.34,4.13
2017/05/24,60.5,63.5,60.2,62.6,524.0,32493.0,3.4711,0.7983,365.0,3.0,40.0,2.0,45.0,,,,,,,21.15,3.46,3.99
2017/05/25,63.0,63.2,62.3,62.9,414.0,26096.0,0.4792,0.6307,237.0,-4.0,109.0,0.0,105.0,,,,,,,21.25,3.48,3.97
2017/05/26,63.0,63.2,62.0,63.0,586.0,36840.0,0.159,0.8928,251.0,-4.0,181.0,0.0,177.0,0.0,0.0,0.0,0.0,0.0,0.0,21.28,3.48,3.97
2017/05/31,65.0,65.3,63.1,63.2,909.0,58601.0,0.3175,1.3849,619.0,-2.0,284.0,0.0,282.0,173.0,173.0,0.0,0.0,0.0,0.0,21.35,3.49,3.96
2017/06/01,64.0,69.5,64.0,68.1,2487.0,167029.0,7.7532,3.789,1530.0,42.0,337.0,61.0,440.0,387.0,284.0,70.0,0.0,3.0,3.0,23.01,3.76,3.67
2017/06/02,70.0,74.9,69.3,74.9,3503.0,254485.0,9.9853,5.3369,1994.0,1191.0,28.0,58.0,1277.0,455.0,271.0,203.0,0.0,57.0,54.0,25.3,4.14,3.34
2017/06/03,78.0,78.5,73.8,75.2,2534.0,193867.0,0.4005,3.8606,1867.0,1.0,0.0,-466.0,-465.0,756.0,448.0,147.0,12.0,52.0,7.0,25.41,4.15,3.32
2017/06/05,75.0,75.0,73.1,73.6,1030.0,76310.0,-2.1277,1.5692,805.0,-11.0,0.0,-168.0,-179.0,982.0,322.0,96.0,9.0,44.0,1.0,24.86,4.07,3.4
2017/06/06,73.6,75.4,73.0,73.9,1197.0,88772.0,0.4076,1.8237,878.0,15.0,0.0,-56.0,-41.0,1146.0,307.0,143.0,6.0,42.0,4.0,24.97,4.08,3.38
2017/06/07,74.3,76.5,74.1,74.6,1734.0,130442.0,0.9472,2.6418,1248.0,11.0,402.0,175.0,588.0,1079.0,284.0,351.0,11.0,34.0,3.0,25.2,4.12,3.35
2017/06/08,77.4,78.5,75.0,75.9,1641.0,125971.0,1.7426,2.5001,1217.0,10.0,0.0,27.0,37.0,1160.0,338.0,257.0,3.0,41.0,10.0,25.64,4.19,3.29
2017/06/09,76.4,76.4,72.6,74.0,751.0,55618.0,-2.5033,1.1442,598.0,88.0,0.0,-50.0,38.0,1052.0,127.0,235.0,18.0,25.0,2.0,25.0,4.09,3.38
2017/06/12,74.6,74.6,73.5,74.0,251.0,18592.0,0.0,0.3824,199.0,81.0,0.0,0.0,81.0,1034.0,33.0,51.0,4.0,21.0,0.0,25.0,4.09,3.38
2017/06/13,74.8,75.5,74.2,74.4,434.0,32475.0,0.5405,0.6612,375.0,14.0,100.0,23.0,137.0,976.0,49.0,107.0,0.0,22.0,1.0,25.14,4.11,3.36
2017/06/14,75.3,75.3,71.0,72.6,530.0,38708.0,-2.4194,0.8075,386.0,64.0,0.0,-4.0,60.0,913.0,91.0,154.0,14.0,9.0,1.0,24.53,4.01,3.44
2017/06/15,72.3,72.6,69.7,70.0,735.0,51992.0,-3.5813,1.1198,539.0,169.0,-28.0,-66.0,75.0,924.0,86.0,75.0,5.0,6.0,2.0,23.65,3.87,3.57
2017/06/16,71.0,73.3,70.6,72.1,537.0,38669.0,3.0,0.8181,331.0,52.0,110.0,26.0,188.0,910.0,49.0,63.0,6.0,0.0,0.0,24.36,3.98,3.47
2017/06/19,73.1,73.1,71.6,71.8,341.0,24606.0,-0.4161,0.5195,250.0,5.0,100.0,-7.0,98.0,944.0,66.0,32.0,0.0,0.0,0.0,24.26,3.97,3.48
2017/06/20,72.3,74.8,71.7,72.4,503.0,36603.0,0.8357,0.7663,345.0,4.0,0.0,65.0,69.0,967.0,100.0,77.0,0.0,0.0,0.0,24.46,4.0,3.45
2017/06/21,72.4,74.0,71.7,73.7,396.0,28908.0,1.7956,0.6033,307.0,-11.0,0.0,54.0,43.0,963.0,46.0,50.0,0.0,0.0,0.0,24.9,4.07,3.39
2017/06/22,71.2,71.5,70.1,71.2,365.0,25894.0,0.0,0.5561,315.0,10.0,0.0,-33.0,-23.0,980.0,77.0,60.0,0.0,3.0,3.0,24.05,3.93,3.51
2017/06/23,71.1,71.2,70.1,70.2,211.0,14884.0,-1.4045,0.3215,147.0,12.0,0.0,10.0,22.0,926.0,21.0,75.0,0.0,3.0,0.0,23.72,3.88,3.56
2017/06/26,70.2,70.2,68.6,69.8,396.0,27570.0,-0.5698,0.6033,284.0,63.0,110.0,-6.0,167.0,891.0,11.0,46.0,0.0,3.0,0.0,23.58,3.86,3.58
2017/06/27,70.6,71.4,70.1,70.1,302.0,21397.0,0.4298,0.4601,211.0,64.0,50.0,-32.0,82.0,925.0,47.0,13.0,0.0,3.0,0.0,23.68,3.87,3.57
2017/06/28,70.1,70.7,69.8,70.1,182.0,12758.0,0.0,0.2773,141.0,3.0,0.0,0.0,3.0,895.0,13.0,43.0,0.0,3.0,0.0,23.68,3.87,3.57
2017/06/29,70.2,70.2,69.0,69.2,182.0,12682.0,-1.2839,0.2773,142.0,-3.0,0.0,-37.0,-40.0,880.0,15.0,30.0,0.0,3.0,0.0,23.38,3.82,3.61
2017/06/30,68.6,68.6,67.3,68.1,242.0,16495.0,-1.5896,0.3687,171.0,8.0,0.0,-61.0,-53.0,845.0,10.0,45.0,1.0,3.0,1.0,23.01,3.76,3.67
2017/07/03,67.6,68.0,67.0,67.0,211.0,14241.0,-1.6153,0.3215,154.0,12.0,0.0,-16.0,-4.0,842.0,30.0,33.0,1.0,2.0,0.0,22.64,3.7,3.73
2017/07/04,67.2,70.0,66.7,68.0,258.0,17596.0,1.4925,0.3931,157.0,12.0,0.0,41.0,53.0,858.0,39.0,23.0,0.0,2.0,0.0,22.97,3.76,3.68
2017/07/05,68.0,68.1,67.3,67.3,51.0,3449.0,-1.0294,0.0777,42.0,-2.0,0.0,-20.0,-22.0,856.0,6.0,8.0,0.0,2.0,0.0,22.74,3.72,3.71
2017/07/06,67.5,68.2,66.4,67.1,258.0,17407.0,-0.2972,0.3931,151.0,2.0,70.0,-6.0,66.0,790.0,11.0,77.0,0.0,2.0,0.0,22.67,3.71,3.73
2017/07/07,67.8,67.9,67.0,67.2,110.0,7418.0,0.149,0.1676,87.0,-9.0,30.0,-23.0,-2.0,779.0,10.0,21.0,0.0,2.0,0.0,22.7,3.71,3.72
2017/07/10,67.5,67.6,67.1,67.3,47.0,3168.0,0.1488,0.0716,42.0,-4.0,0.0,-5.0,-9.0,780.0,7.0,6.0,0.0,2.0,0.0,22.74,3.72,3.71
2017/07/11,66.1,67.9,66.1,67.7,223.0,14980.0,0.5944,0.3397,144.0,8.0,50.0,-17.0,41.0,764.0,20.0,36.0,0.0,2.0,0.0,22.87,3.74,3.69
2017/07/12,68.1,69.7,66.6,66.9,325.0,22140.0,-1.1817,0.4951,242.0,20.0,-48.0,-23.0,-51.0,785.0,36.0,15.0,0.0,2.0,0.0,22.6,3.7,3.74
2017/07/13,66.9,68.2,66.9,67.9,127.0,8611.0,1.4948,0.1935,99.0,8.0,57.0,-1.0,64.0,743.0,4.0,46.0,0.0,2.0,0.0,22.94,3.75,3.68
2017/07/14,68.8,69.0,68.1,68.3,115.0,7889.0,0.5891,0.1752,84.0,6.0,56.0,-2.0,60.0,749.0,13.0,7.0,0.0,2.0,0.0,23.07,3.77,3.66
2017/07/17,69.0,69.0,67.5,67.6,89.0,6087.0,-1.0249,0.1356,69.0,25.0,0.0,-2.0,23.0,757.0,21.0,13.0,0.0,2.0,0.0,22.84,3.73,3.7
2017/07/18,68.5,68.5,67.4,67.6,65.0,4400.0,0.0,0.099,47.0,3.0,0.0,3.0,6.0,747.0,2.0,12.0,0.0,2.0,0.0,22.84,3.73,3.7
2017/07/19,68.4,68.4,67.6,67.8,74.0,5025.0,0.2959,0.1127,55.0,3.0,0.0,-14.0,-11.0,729.0,7.0,25.0,0.0,2.0,0.0,22.91,3.75,3.69
2017/07/20,68.3,68.5,67.9,67.9,122.0,8331.0,0.1475,0.1859,112.0,6.0,43.0,3.0,52.0,738.0,20.0,11.0,0.0,2.0,0.0,22.94,3.75,3.68
2017/07/21,68.1,69.4,68.0,68.9,223.0,15328.0,1.4728,0.3397,155.0,14.0,39.0,10.0,63.0,793.0,63.0,8.0,0.0,2.0,0.0,23.28,3.81,3.63
2017/07/24,69.5,70.3,68.7,68.7,203.0,14041.0,-0.2903,0.3093,155.0,-8.0,35.0,0.0,27.0,793.0,48.0,48.0,0.0,2.0,0.0,23.21,3.8,3.64
2017/07/25,69.3,69.4,68.2,68.9,105.0,7227.0,0.2911,0.16,75.0,-4.0,40.0,0.0,36.0,797.0,28.0,24.0,0.0,2.0,0.0,23.28,3.81,3.63
2017/07/26,69.0,69.0,66.6,68.0,254.0,17223.0,-1.3062,0.387,172.0,-7.0,30.0,-55.0,-32.0,790.0,39.0,46.0,0.0,2.0,0.0,22.97,3.76,3.68
2017/07/27,67.2,68.7,67.2,67.9,106.0,7211.0,-0.1471,0.1615,76.0,2.0,30.0,-1.0,31.0,767.0,9.0,32.0,0.0,2.0,0.0,22.94,3.75,3.68
2017/07/28,68.5,68.6,67.5,67.6,74.0,5040.0,-0.4418,0.1127,42.0,6.0,30.0,-3.0,33.0,768.0,7.0,6.0,0.0,2.0,0.0,22.84,3.73,3.7
2017/07/31,68.4,68.4,67.0,67.2,96.0,6481.0,-0.5917,0.1463,66.0,2.0,35.0,2.0,39.0,776.0,16.0,8.0,0.0,2.0,0.0,22.7,3.71,3.72
2017/08/01,67.4,69.2,67.2,67.9,375.0,25465.0,1.0417,0.5713,219.0,-13.0,40.0,30.0,57.0,847.0,82.0,11.0,0.0,2.0,0.0,22.94,3.75,3.68
2017/08/02,68.4,68.4,67.7,68.0,97.0,6601.0,0.1473,0.1478,75.0,5.0,0.0,-1.0,4.0,859.0,35.0,23.0,1.0,1.0,0.0,22.97,3.76,3.68
2017/08/03,67.9,68.2,67.3,67.6,158.0,10684.0,-0.5882,0.2407,84.0,0.0,40.0,-90.0,-50.0,880.0,31.0,10.0,0.0,1.0,0.0,22.84,3.73,3.7
2017/08/04,68.0,69.6,67.9,68.3,256.0,17578.0,1.0355,0.39,185.0,-6.0,47.0,-34.0,7.0,918.0,66.0,28.0,0.0,1.0,0.0,23.07,3.77,3.66
2017/08/07,69.3,70.2,68.6,70.2,551.0,38375.0,2.7818,0.8395,291.0,-36.0,51.0,-5.0,10.0,1123.0,234.0,29.0,0.0,1.0,0.0,23.72,3.88,3.56
2017/08/08,70.7,73.5,70.2,72.4,1062.0,76394.0,3.1339,1.618,678.0,28.0,225.0,87.0,340.0,987.0,131.0,267.0,0.0,1.0,0.0,24.46,4.0,3.45
2017/08/09,73.0,75.5,72.5,73.4,2020.0,149836.0,1.3812,3.0775,1255.0,-204.0,184.0,21.0,1.0,1189.0,496.0,294.0,0.0,1.0,0.0,24.8,4.06,3.41
2017/08/10,74.4,74.4,70.4,70.4,700.0,50206.0,-4.0872,1.0665,493.0,-46.0,68.0,0.0,22.0,1160.0,109.0,138.0,0.0,1.0,0.0,23.78,3.89,3.55
2017/08/11,71.1,71.1,68.8,69.4,502.0,34932.0,-1.4205,0.7648,348.0,-164.0,134.0,-80.0,-110.0,1194.0,71.0,37.0,1.0,0.0,0.0,23.45,3.83,3.6
2017/08/14,70.1,71.0,67.2,67.4,352.0,24168.0,-2.8818,0.5363,232.0,-46.0,65.0,-30.0,-11.0,1063.0,48.0,59.0,0.0,0.0,0.0,21.46,4.14,3.71
2017/08/15,68.6,68.6,67.2,67.8,258.0,17429.0,0.5935,0.3931,170.0,-100.0,0.0,-31.0,-131.0,1081.0,62.0,44.0,0.0,0.0,0.0,21.59,4.16,3.69
2017/08/16,67.8,68.2,64.0,65.8,472.0,31470.0,-2.9499,0.7191,307.0,-71.0,60.0,-1.0,-12.0,1021.0,49.0,109.0,0.0,9.0,9.0,20.96,4.04,3.8
2017/08/17,66.3,67.4,66.1,66.4,309.0,20588.0,0.9119,0.4708,210.0,-190.0,50.0,14.0,-126.0,1013.0,36.0,44.0,0.0,9.0,0.0,21.15,4.08,3.77
2017/08/18,66.5,67.8,66.2,67.8,177.0,11933.0,2.1084,0.2697,115.0,-1.0,41.0,20.0,60.0,1023.0,36.0,26.0,0.0,9.0,0.0,21.59,4.16,3.69
2017/08/21,67.8,67.9,66.9,67.0,96.0,6500.0,-1.1799,0.1463,79.0,12.0,0.0,-2.0,10.0,1024.0,19.0,18.0,6.0,3.0,0.0,21.34,4.12,3.73
2017/08/22,66.9,68.0,66.7,66.7,160.0,10761.0,-0.4478,0.2438,116.0,24.0,0.0,-2.0,22.0,995.0,26.0,55.0,2.0,1.0,0.0,21.24,4.1,3.75
2017/08/23,66.8,67.3,66.6,66.7,127.0,8489.0,0.0,0.1935,97.0,-10.0,0.0,0.0,-10.0,965.0,24.0,54.0,0.0,1.0,0.0,21.24,4.1,3.75
2017/08/24,66.7,67.3,66.3,66.5,176.0,11714.0,-0.2999,0.2681,89.0,-78.0,0.0,0.0,-78.0,958.0,17.0,24.0,0.0,1.0,0.0,21.18,4.08,3.76
2017/08/25,66.3,66.3,64.6,64.8,428.0,27945.0,-2.5564,0.6521,245.0,-259.0,0.0,0.0,-259.0,960.0,40.0,38.0,0.0,1.0,0.0,20.64,3.98,3.86
2017/08/28,64.9,66.6,64.8,66.5,141.0,9300.0,2.6235,0.2148,111.0,33.0,0.0,0.0,33.0,946.0,27.0,41.0,0.0,2.0,1.0,21.18,4.08,3.76
2017/08/29,66.5,66.7,65.6,66.2,107.0,7092.0,-0.4511,0.163,82.0,1.0,-33.0,0.0,-32.0,943.0,7.0,10.0,0.0,2.0,0.0,21.08,4.07,3.78
2017/08/30,66.2,66.2,65.1,65.5,116.0,7607.0,-1.0574,0.1767,96.0,12.0,0.0,-17.0,-5.0,925.0,22.0,40.0,0.0,3.0,1.0,20.86,4.02,3.82
2017/08/31,65.5,65.8,65.1,65.3,73.0,4776.0,-0.3053,0.1112,56.0,-12.0,0.0,10.0,-2.0,934.0,10.0,1.0,0.0,4.0,1.0,20.8,4.01,3.83
2017/09/01,65.4,66.9,65.4,66.0,88.0,5828.0,1.072,0.1341,63.0,5.0,0.0,0.0,5.0,966.0,39.0,7.0,0.0,4.0,0.0,21.02,4.05,3.79
2017/09/04,66.0,66.7,66.0,66.4,29.0,1938.0,0.6061,0.0442,28.0,0.0,0.0,0.0,0.0,974.0,14.0,6.0,0.0,4.0,0.0,21.15,4.08,3.77
2017/09/05,66.4,66.4,65.3,66.2,99.0,6510.0,-0.3012,0.1508,72.0,-2.0,0.0,0.0,-2.0,952.0,12.0,34.0,0.0,4.0,0.0,21.08,4.07,3.78
2017/09/06,66.3,66.5,65.7,66.5,47.0,3101.0,0.4532,0.0716,43.0,-7.0,0.0,0.0,-7.0,951.0,12.0,13.0,0.0,4.0,0.0,21.18,4.08,3.76
2017/09/07,66.7,66.7,65.8,65.9,89.0,5886.0,-0.9023,0.1356,77.0,-22.0,-28.0,0.0,-50.0,977.0,28.0,2.0,1.0,3.0,0.0,20.99,4.05,3.79
2017/09/08,65.5,66.3,65.2,65.4,183.0,12013.0,-0.7587,0.2788,125.0,-82.0,0.0,0.0,-82.0,956.0,5.0,26.0,0.0,4.0,1.0,20.83,4.02,3.82
2017/09/11,65.4,66.1,65.4,65.8,57.0,3752.0,0.6116,0.0868,36.0,-2.0,0.0,0.0,-2.0,962.0,17.0,11.0,0.0,4.0,0.0,20.96,4.04,3.8
2017/09/12,65.8,65.9,65.5,65.5,72.0,4728.0,-0.4559,0.1097,53.0,1.0,0.0,0.0,1.0,968.0,18.0,12.0,0.0,4.0,0.0,20.86,4.02,3.82
2017/09/13,66.0,66.0,65.4,65.5,80.0,5246.0,0.0,0.1219,56.0,-10.0,0.0,0.0,-10.0,946.0,4.0,26.0,0.0,4.0,0.0,20.86,4.02,3.82
2017/09/14,65.5,65.8,65.5,65.7,39.0,2559.0,0.3053,0.0594,32.0,3.0,0.0,0.0,3.0,944.0,3.0,5.0,1.0,3.0,0.0,20.92,4.04,3.81
2017/09/15,67.8,67.8,65.8,65.8,48.0,3179.0,0.1522,0.0731,43.0,-6.0,10.0,0.0,4.0,938.0,4.0,10.0,0.0,3.0,0.0,20.96,4.04,3.8
2017/09/18,68.5,69.6,67.3,68.8,915.0,62749.0,4.5593,1.394,561.0,22.0,27.0,0.0,49.0,1128.0,239.0,49.0,0.0,3.0,0.0,21.91,4.23,3.63
2017/09/19,69.3,69.6,68.5,68.7,195.0,13450.0,-0.1453,0.2971,132.0,-2.0,30.0,0.0,28.0,1159.0,57.0,26.0,0.0,3.0,0.0,21.88,4.22,3.64
2017/09/20,68.9,69.0,67.4,68.0,194.0,13292.0,-1.0189,0.2956,120.0,7.0,10.0,0.0,17.0,1148.0,20.0,31.0,0.0,3.0,0.0,21.66,4.18,3.68
2017/09/21,68.8,70.1,68.7,69.5,482.0,33523.0,2.2059,0.7343,299.0,26.0,35.0,0.0,61.0,1211.0,150.0,87.0,0.0,3.0,0.0,22.13,4.27,3.6
2017/09/22,69.5,70.0,69.5,70.0,220.0,15360.0,0.7194,0.3352,159.0,8.0,15.0,7.0,30.0,1189.0,20.0,42.0,0.0,3.0,0.0,22.29,4.3,3.57
2017/09/25,70.5,73.5,70.5,73.5,1075.0,77947.0,5.0,1.6378,761.0,422.0,124.0,7.0,553.0,1182.0,129.0,136.0,0.0,3.0,0.0,23.41,4.51,3.4
2017/09/26,74.5,75.4,68.8,69.5,1166.0,85505.0,-5.4422,1.7764,819.0,-4.0,15.0,14.0,25.0,1171.0,194.0,205.0,0.0,6.0,3.0,22.13,4.27,3.6
2017/09/27,69.5,72.1,69.4,70.9,295.0,20854.0,2.0144,0.4494,186.0,28.0,47.0,0.0,75.0,1187.0,45.0,29.0,0.0,8.0,2.0,22.58,4.36,3.53
2017/09/28,71.5,73.5,71.2,71.2,372.0,26843.0,0.4231,0.5668,260.0,-4.0,50.0,15.0,61.0,1193.0,63.0,57.0,1.0,7.0,0.0,22.68,4.37,3.51
2017/09/29,71.4,71.4,69.3,71.3,104.0,7352.0,0.1404,0.1584,76.0,25.0,9.0,1.0,35.0,1189.0,5.0,9.0,0.0,9.0,2.0,22.71,4.38,3.51
2017/09/30,71.4,72.0,70.6,70.6,87.0,6203.0,-0.9818,0.1325,64.0,0.0,0.0,11.0,11.0,1196.0,16.0,9.0,0.0,9.0,0.0,22.48,4.34,3.54
2017/10/02,70.6,71.9,70.6,71.4,70.0,5014.0,1.1331,0.1066,52.0,13.0,7.0,9.0,29.0,1185.0,5.0,16.0,0.0,9.0,0.0,22.74,4.39,3.5
2017/10/03,71.0,71.8,69.9,70.1,137.0,9665.0,-1.8207,0.2087,87.0,6.0,0.0,-12.0,-6.0,1170.0,8.0,23.0,0.0,9.0,0.0,22.32,4.31,3.57
2017/10/05,70.3,71.3,70.0,70.6,100.0,7038.0,0.7133,0.1524,67.0,11.0,6.0,0.0,17.0,1118.0,2.0,54.0,0.0,9.0,0.0,22.48,4.34,3.54
2017/10/06,70.6,70.6,69.9,70.0,66.0,4639.0,-0.8499,0.1006,46.0,13.0,0.0,0.0,13.0,1095.0,2.0,25.0,2.0,7.0,0.0,22.29,4.3,3.57
2017/10/11,70.1,70.4,70.0,70.1,98.0,6869.0,0.1429,0.1493,47.0,35.0,0.0,-3.0,32.0,1075.0,8.0,28.0,0.0,7.0,0.0,22.32,4.31,3.57
2017/10/12,70.1,72.5,70.1,72.5,448.0,32169.0,3.4237,0.6825,316.0,28.0,38.0,4.0,70.0,1050.0,29.0,54.0,0.0,16.0,9.0,23.09,4.45,3.45
2017/10/13,72.7,73.2,71.4,73.0,196.0,14260.0,0.6897,0.2986,144.0,-1.0,25.0,-9.0,15.0,1055.0,15.0,10.0,0.0,16.0,0.0,23.25,4.48,3.42
2017/10/16,73.0,73.0,71.6,71.9,59.0,4254.0,-1.5068,0.0899,51.0,-9.0,0.0,0.0,-9.0,1050.0,2.0,7.0,0.0,16.0,0.0,22.9,4.42,3.48
2017/10/17,71.7,71.9,71.0,71.0,90.0,6434.0,-1.2517,0.1371,77.0,-30.0,0.0,-2.0,-32.0,1073.0,38.0,15.0,0.0,16.0,0.0,22.61,4.36,3.52
2017/10/18,71.0,72.3,71.0,72.1,69.0,4958.0,1.5493,0.1051,57.0,-2.0,15.0,0.0,13.0,1080.0,16.0,9.0,0.0,16.0,0.0,22.96,4.43,3.47
2017/10/19,72.4,72.4,71.5,72.0,105.0,7546.0,-0.1387,0.16,73.0,-3.0,15.0,4.0,16.0,1086.0,22.0,16.0,0.0,16.0,0.0,22.93,4.42,3.47
2017/10/20,71.9,72.2,71.9,72.0,91.0,6556.0,0.0,0.1386,66.0,-3.0,10.0,5.0,12.0,1082.0,9.0,13.0,0.0,16.0,0.0,22.93,4.42,3.47
2017/10/23,72.0,72.0,71.7,72.0,67.0,4833.0,0.0,0.1021,49.0,-6.0,10.0,0.0,4.0,1076.0,3.0,9.0,0.0,16.0,0.0,22.93,4.42,3.47
2017/10/24,72.0,72.1,71.5,71.9,89.0,6403.0,-0.1389,0.1356,67.0,1.0,0.0,8.0,9.0,1062.0,2.0,16.0,0.0,16.0,0.0,22.9,4.42,3.48
2017/10/25,71.7,71.9,71.0,71.4,78.0,5584.0,-0.6954,0.1188,58.0,-9.0,0.0,0.0,-9.0,1038.0,24.0,48.0,0.0,16.0,0.0,22.74,4.39,3.5
2017/10/26,71.0,71.8,71.0,71.4,64.0,4564.0,0.0,0.0975,53.0,-5.0,0.0,0.0,-5.0,1011.0,10.0,37.0,0.0,16.0,0.0,22.74,4.39,3.5
2017/10/27,71.4,71.4,70.7,70.7,139.0,9857.0,-0.9804,0.2118,91.0,-3.0,0.0,-12.0,-15.0,1002.0,37.0,46.0,0.0,16.0,0.0,22.52,4.34,3.54
2017/10/30,70.6,71.0,70.3,70.9,92.0,6502.0,0.2829,0.1402,64.0,-20.0,0.0,-5.0,-25.0,997.0,29.0,34.0,0.0,16.0,0.0,22.58,4.36,3.53
2017/10/31,70.6,71.2,70.6,71.2,57.0,4039.0,0.4231,0.0868,40.0,0.0,0.0,0.0,0.0,998.0,16.0,15.0,0.0,16.0,0.0,22.68,4.37,3.51
2017/11/01,71.9,71.9,70.6,70.6,42.0,2974.0,-0.8427,0.064,31.0,-9.0,0.0,2.0,-7.0,1011.0,13.0,0.0,0.0,16.0,0.0,22.48,4.34,3.54
2017/11/02,70.8,71.0,70.7,70.7,64.0,4531.0,0.1416,0.0975,32.0,0.0,0.0,1.0,1.0,1012.0,14.0,13.0,0.0,16.0,0.0,22.52,4.34,3.54
2017/11/03,70.7,71.3,70.5,70.6,68.0,4814.0,-0.1414,0.1036,34.0,-10.0,0.0,-2.0,-12.0,1013.0,9.0,8.0,4.0,12.0,0.0,22.48,4.34,3.54
2017/11/06,70.5,70.9,69.5,69.9,153.0,10718.0,-0.9915,0.2331,90.0,-20.0,-48.0,0.0,-68.0,1025.0,21.0,9.0,6.0,6.0,0.0,22.26,4.29,3.58
2017/11/07,69.4,69.5,68.1,69.4,175.0,12055.0,-0.7153,0.2666,135.0,-4.0,-46.0,-13.0,-63.0,1011.0,32.0,46.0,0.0,6.0,0.0,22.1,4.26,3.6
2017/11/08,69.4,70.0,68.7,69.7,101.0,6995.0,0.4323,0.1539,65.0,1.0,-25.0,0.0,-24.0,1027.0,33.0,17.0,0.0,6.0,0.0,22.2,4.28,3.59
2017/11/09,69.8,69.8,68.0,68.5,292.0,20082.0,-1.7217,0.4449,179.0,-130.0,-113.0,1.0,-242.0,1100.0,97.0,24.0,1.0,6.0,1.0,21.82,4.21,3.65
2017/11/10,68.5,69.0,67.0,69.0,221.0,14939.0,0.7299,0.3367,164.0,19.0,-68.0,0.0,-49.0,1081.0,14.0,33.0,1.0,11.0,6.0,21.97,4.24,3.62
2017/11/13,69.0,69.5,68.5,68.5,79.0,5431.0,-0.7246,0.1204,60.0,-1.0,0.0,0.0,-1.0,1099.0,22.0,4.0,0.0,11.0,0.0,21.82,4.21,3.65
2017/11/14,68.5,68.5,67.3,68.4,89.0,6032.0,-0.146,0.1356,58.0,2.0,-15.0,0.0,-13.0,1113.0,14.0,0.0,0.0,12.0,1.0,22.57,4.08,3.65
2017/11/15,68.2,68.2,67.2,67.7,99.0,6692.0,-1.0234,0.1508,69.0,3.0,-42.0,0.0,-39.0,1137.0,43.0,19.0,0.0,20.0,8.0,22.34,4.03,3.69
2017/11/16,67.0,68.2,67.0,67.9,53.0,3590.0,0.2954,0.0807,43.0,6.0,-25.0,-1.0,-20.0,1144.0,9.0,2.0,0.0,20.0,0.0,22.41,4.05,3.68
2017/11/17,68.0,68.3,66.9,67.6,97.0,6539.0,-0.4418,0.1478,71.0,6.0,-15.0,0.0,-9.0,1122.0,13.0,35.0,0.0,20.0,0.0,22.31,4.03,3.7
2017/11/20,68.1,69.2,68.0,68.1,49.0,3347.0,0.7396,0.0747,34.0,3.0,0.0,0.0,3.0,1112.0,0.0,10.0,0.0,20.0,0.0,22.48,4.06,3.67
2017/11/21,68.1,68.1,66.9,66.9,104.0,7032.0,-1.7621,0.1584,87.0,-85.0,0.0,0.0,-85.0,1124.0,15.0,3.0,3.0,17.0,0.0,22.08,3.99,3.74
2017/11/22,67.7,67.7,66.7,66.7,69.0,4651.0,-0.299,0.1051,50.0,2.0,-4.0,0.0,-2.0,1135.0,13.0,2.0,0.0,17.0,0.0,22.01,3.97,3.75
2017/11/23,67.2,67.2,66.9,67.1,28.0,1885.0,0.5997,0.0427,22.0,-6.0,0.0,0.0,-6.0,1132.0,0.0,3.0,4.0,13.0,0.0,22.15,4.0,3.73
2017/11/24,67.8,67.9,67.2,67.3,19.0,1284.0,0.2981,0.0289,19.0,-1.0,0.0,0.0,-1.0,1131.0,2.0,3.0,0.0,13.0,0.0,22.21,4.01,3.71
2017/11/27,67.9,68.0,66.9,66.9,23.0,1548.0,-0.5944,0.035,19.0,-1.0,0.0,0.0,-1.0,1119.0,0.0,12.0,0.0,13.0,0.0,22.08,3.99,3.74
2017/11/28,66.8,67.3,66.8,67.0,11.0,738.0,0.1495,0.0168,12.0,-4.0,0.0,0.0,-4.0,1117.0,0.0,2.0,0.0,13.0,0.0,22.11,3.99,3.73
2017/11/29,66.5,67.1,66.3,66.7,54.0,3597.0,-0.4478,0.0823,45.0,-5.0,0.0,0.0,-5.0,1087.0,2.0,32.0,0.0,13.0,0.0,22.01,3.97,3.75
2017/11/30,66.3,67.1,66.3,66.7,43.0,2866.0,0.0,0.0655,29.0,-4.0,0.0,0.0,-4.0,1081.0,0.0,6.0,5.0,8.0,0.0,22.01,3.97,3.75
2017/12/01,66.8,68.5,66.3,68.5,33.0,2249.0,2.6987,0.0503,28.0,-16.0,0.0,0.0,-16.0,1016.0,3.0,8.0,0.0,8.0,0.0,22.61,4.08,3.65
2017/12/04,67.5,67.9,66.4,67.7,39.0,2632.0,-1.1679,0.0594,36.0,-16.0,0.0,0.0,-16.0,1022.0,9.0,3.0,0.0,8.0,0.0,22.34,4.03,3.69
2017/12/05,68.0,68.0,67.4,67.4,7.0,472.0,-0.4431,0.0107,7.0,-3.0,0.0,0.0,-3.0,1027.0,5.0,0.0,0.0,8.0,0.0,22.24,4.02,3.71
2017/12/06,66.0,67.2,65.7,66.1,76.0,5025.0,-1.9288,0.1158,64.0,-13.0,0.0,0.0,-13.0,999.0,1.0,29.0,0.0,8.0,0.0,21.82,3.94,3.78
2017/12/07,66.1,66.2,65.5,66.2,8.0,527.0,0.1513,0.0122,8.0,-5.0,0.0,0.0,-5.0,1000.0,2.0,1.0,0.0,8.0,0.0,21.85,3.95,3.78
2017/12/08,66.5,66.6,65.2,66.4,46.0,3026.0,0.3021,0.0701,34.0,-9.0,0.0,0.0,-9.0,1002.0,11.0,9.0,7.0,1.0,0.0,21.91,3.96,3.77
2017/12/11,65.5,66.1,65.2,65.4,103.0,6792.0,-1.506,0.1569,74.0,-44.0,0.0,0.0,-44.0,990.0,2.0,14.0,0.0,1.0,0.0,21.58,3.9,3.82
2017/12/12,65.5,65.5,64.4,64.9,52.0,3375.0,-0.7645,0.0792,49.0,-4.0,0.0,0.0,-4.0,985.0,2.0,7.0,0.0,2.0,1.0,21.42,3.87,3.85
2017/12/13,64.9,65.0,64.3,64.6,32.0,2068.0,-0.4622,0.0488,27.0,-8.0,0.0,0.0,-8.0,979.0,0.0,6.0,0.0,2.0,0.0,21.32,3.85,3.87
2017/12/14,64.6,65.0,64.5,64.7,47.0,3040.0,0.1548,0.0716,32.0,4.0,0.0,0.0,4.0,962.0,0.0,17.0,0.0,2.0,0.0,21.35,3.86,3.86
2017/12/15,64.7,64.7,63.5,63.5,90.0,5796.0,-1.8547,0.1371,54.0,16.0,0.0,0.0,16.0,930.0,0.0,32.0,2.0,2.0,2.0,20.96,3.78,3.94
2017/12/18,63.6,64.0,63.6,63.9,32.0,2042.0,0.6299,0.0488,23.0,-1.0,0.0,0.0,-1.0,932.0,3.0,1.0,0.0,2.0,0.0,21.09,3.81,3.91
2017/12/19,63.9,64.1,63.5,63.6,33.0,2118.0,-0.4695,0.0503,20.0,-1.0,0.0,0.0,-1.0,928.0,0.0,4.0,0.0,2.0,0.0,20.99,3.79,3.93
2017/12/20,64.1,64.5,63.7,64.1,22.0,1413.0,0.7862,0.0335,19.0,1.0,0.0,0.0,1.0,938.0,10.0,0.0,0.0,2.0,0.0,21.16,3.82,3.9
2017/12/21,64.1,64.9,64.1,64.9,44.0,2834.0,1.248,0.067,24.0,6.0,0.0,0.0,6.0,939.0,5.0,4.0,0.0,2.0,0.0,21.42,3.87,3.85
2017/12/22,64.9,65.5,64.9,65.0,29.0,1893.0,0.1541,0.0442,22.0,-1.0,0.0,0.0,-1.0,944.0,5.0,0.0,0.0,2.0,0.0,21.45,3.87,3.85
2017/12/25,64.5,65.0,64.5,64.9,14.0,923.0,-0.1538,0.0213,12.0,0.0,0.0,0.0,0.0,947.0,3.0,0.0,0.0,2.0,0.0,21.42,3.87,3.85
2017/12/26,64.6,64.8,64.5,64.6,19.0,1227.0,-0.4622,0.0289,17.0,0.0,0.0,0.0,0.0,950.0,7.0,4.0,0.0,2.0,0.0,21.32,3.85,3.87
2017/12/27,64.7,65.2,64.6,64.6,18.0,1198.0,0.0,0.0274,21.0,-4.0,4.0,0.0,0.0,949.0,0.0,1.0,0.0,3.0,1.0,21.32,3.85,3.87
2017/12/28,64.6,66.0,64.6,66.0,39.0,2536.0,2.1672,0.0594,35.0,-1.0,9.0,0.0,8.0,949.0,12.0,12.0,0.0,3.0,0.0,21.78,3.93,3.79
2017/12/29,66.0,67.8,65.6,67.8,114.0,7622.0,2.7273,0.1737,79.0,2.0,23.0,22.0,47.0,973.0,32.0,8.0,0.0,3.0,0.0,22.38,4.04,3.69
2018/01/02,68.0,68.0,66.7,67.1,33.0,2213.0,-1.0324,0.0503,27.0,-1.0,0.0,-18.0,-19.0,982.0,10.0,1.0,1.0,2.0,0.0,22.15,4.0,3.73
2018/01/03,67.1,67.1,66.6,66.6,13.0,880.0,-0.7452,0.0198,14.0,1.0,0.0,0.0,1.0,970.0,8.0,1.0,0.0,2.0,0.0,21.98,3.97,3.75
2018/01/04,66.6,67.5,66.5,67.5,29.0,1946.0,1.3514,0.0442,25.0,1.0,0.0,0.0,1.0,968.0,1.0,3.0,0.0,2.0,0.0,22.28,4.02,3.7
2018/01/05,67.5,69.0,67.5,68.8,184.0,12604.0,1.9259,0.2803,104.0,-4.0,11.0,0.0,7.0,975.0,12.0,5.0,0.0,2.0,0.0,22.71,4.1,3.63
2018/01/08,69.1,69.1,67.6,67.6,55.0,3780.0,-1.7442,0.0838,49.0,-30.0,0.0,0.0,-30.0,988.0,17.0,4.0,1.0,1.0,0.0,22.31,4.03,3.7
2018/01/09,69.5,69.5,67.3,67.8,59.0,4025.0,0.2959,0.0899,41.0,-1.0,0.0,0.0,-1.0,991.0,23.0,20.0,0.0,1.0,0.0,22.38,4.04,3.69
2018/01/10,68.4,68.4,67.7,67.7,15.0,1047.0,-0.1475,0.0229,18.0,-1.0,0.0,0.0,-1.0,994.0,3.0,0.0,0.0,1.0,0.0,22.34,4.03,3.69
2018/01/11,68.0,68.1,67.7,67.7,15.0,1026.0,0.0,0.0229,10.0,0.0,0.0,0.0,0.0,991.0,0.0,3.0,0.0,1.0,0.0,22.34,4.03,3.69
2018/01/12,67.6,67.6,67.5,67.5,19.0,1283.0,-0.2954,0.0289,12.0,-1.0,0.0,-10.0,-11.0,990.0,3.0,4.0,0.0,1.0,0.0,22.28,4.02,3.7
2018/01/15,68.0,68.0,66.6,67.0,41.0,2761.0,-0.7407,0.0625,24.0,-2.0,0.0,0.0,-2.0,993.0,3.0,0.0,0.0,1.0,0.0,22.11,3.99,3.73
2018/01/16,67.0,67.0,66.6,66.8,18.0,1204.0,-0.2985,0.0274,9.0,0.0,0.0,0.0,0.0,991.0,0.0,2.0,0.0,1.0,0.0,22.05,3.98,3.74
2018/01/17,67.0,67.8,67.0,67.5,42.0,2829.0,1.0479,0.064,33.0,0.0,0.0,0.0,0.0,985.0,0.0,6.0,0.0,1.0,0.0,22.28,4.02,3.7
2018/01/18,67.5,68.3,67.5,67.5,45.0,3046.0,0.0,0.0686,31.0,-7.0,-2.0,-10.0,-19.0,987.0,3.0,1.0,0.0,1.0,0.0,22.28,4.02,3.7
2018/01/19,67.0,67.8,66.9,67.0,118.0,7910.0,-0.7407,0.1798,52.0,-76.0,0.0,-10.0,-86.0,992.0,6.0,1.0,0.0,1.0,0.0,22.11,3.99,3.73
2018/01/22,66.7,67.0,66.6,66.7,90.0,6006.0,-0.4478,0.1371,53.0,-48.0,-6.0,0.0,-54.0,994.0,2.0,0.0,0.0,1.0,0.0,22.01,3.97,3.75
2018/01/23,66.8,66.8,66.1,66.3,137.0,9144.0,-0.5997,0.2087,104.0,-102.0,-3.0,0.0,-105.0,995.0,5.0,4.0,0.0,1.0,0.0,21.88,3.95,3.77
2018/01/24,66.8,66.8,65.7,65.7,103.0,6789.0,-0.905,0.1569,76.0,-80.0,0.0,0.0,-80.0,1006.0,16.0,5.0,0.0,1.0,0.0,21.68,3.92,3.81
2018/01/25,65.1,65.7,65.1,65.1,98.0,6388.0,-0.9132,0.1493,46.0,-82.0,-1.0,0.0,-83.0,998.0,0.0,8.0,0.0,1.0,0.0,21.49,3.88,3.84
2018/01/26,65.2,65.2,64.5,64.9,66.0,4275.0,-0.3072,0.1006,52.0,-38.0,-1.0,0.0,-39.0,1002.0,4.0,0.0,0.0,1.0,0.0,21.42,3.87,3.85
2018/01/29,64.9,64.9,64.3,64.3,101.0,6522.0,-0.9245,0.1539,69.0,-61.0,0.0,0.0,-61.0,1002.0,6.0,6.0,0.0,1.0,0.0,21.22,3.83,3.89
2018/01/30,64.2,64.5,63.8,64.3,57.0,3672.0,0.0,0.0868,47.0,1.0,-16.0,0.0,-15.0,1002.0,0.0,0.0,0.0,1.0,0.0,21.22,3.83,3.89
2018/01/31,64.5,65.1,64.0,64.3,49.0,3162.0,0.0,0.0747,35.0,3.0,0.0,0.0,3.0,996.0,1.0,7.0,0.0,1.0,0.0,21.22,3.83,3.89
2018/02/01,64.3,65.1,64.0,64.0,45.0,2905.0,-0.4666,0.0686,41.0,-5.0,0.0,0.0,-5.0,995.0,3.0,2.0,0.0,1.0,0.0,21.12,3.81,3.91
2018/02/02,64.0,64.0,63.3,63.3,91.0,5803.0,-1.0938,0.1386,83.0,-87.0,0.0,0.0,-87.0,998.0,5.0,0.0,0.0,1.0,0.0,20.89,3.77,3.95
2018/02/05,62.7,63.3,61.9,63.3,164.0,10231.0,0.0,0.2499,117.0,-138.0,0.0,0.0,-138.0,1002.0,4.0,0.0,0.0,3.0,2.0,20.89,3.77,3.95
2018/02/06,63.0,63.0,60.0,60.7,289.0,17483.0,-4.1074,0.4403,155.0,156.0,-39.0,0.0,117.0,960.0,7.0,49.0,2.0,1.0,0.0,20.03,3.62,4.12
2018/02/07,60.8,61.0,60.0,60.6,121.0,7314.0,-0.1647,0.1843,87.0,13.0,-62.0,0.0,-49.0,970.0,12.0,2.0,0.0,1.0,0.0,20.0,3.61,4.13
2018/02/08,60.5,60.5,57.8,59.0,279.0,16354.0,-2.6403,0.4251,170.0,7.0,-50.0,0.0,-43.0,931.0,26.0,24.0,1.0,0.0,0.0,19.47,3.52,4.24
2018/02/09,58.4,58.4,53.1,54.1,561.0,30375.0,-8.3051,0.8547,285.0,10.0,-108.0,0.0,-98.0,928.0,17.0,20.0,0.0,2.0,2.0,17.85,3.22,4.62
2018/02/12,55.0,55.5,54.1,54.7,187.0,10190.0,1.1091,0.2849,109.0,11.0,-50.0,0.0,-39.0,965.0,58.0,10.0,0.0,3.0,1.0,18.05,3.26,4.57
2018/02/21,55.0,57.6,55.0,55.9,96.0,5355.0,2.1938,0.1463,66.0,20.0,-29.0,0.0,-9.0,965.0,0.0,0.0,2.0,1.0,0.0,18.45,3.33,4.47
2018/02/22,55.6,55.6,54.6,54.7,125.0,6873.0,-2.1467,0.1904,86.0,-33.0,0.0,0.0,-33.0,966.0,9.0,8.0,0.0,1.0,0.0,18.05,3.26,4.57
2018/02/23,55.5,56.3,55.4,55.5,41.0,2276.0,1.4625,0.0625,35.0,-2.0,-15.0,0.0,-17.0,968.0,6.0,4.0,0.0,1.0,0.0,18.32,3.31,4.5
2018/02/26,55.7,56.3,55.5,56.0,59.0,3300.0,0.9009,0.0899,50.0,-5.0,-20.0,0.0,-25.0,969.0,9.0,8.0,0.0,1.0,0.0,18.48,3.34,4.46
2018/02/27,56.1,56.1,55.8,55.8,33.0,1845.0,-0.3571,0.0503,28.0,-15.0,-5.0,0.0,-20.0,980.0,12.0,1.0,0.0,1.0,0.0,18.42,3.33,4.48
2018/03/01,55.8,55.8,55.0,55.0,89.0,4936.0,-1.4337,0.1356,57.0,-20.0,-20.0,0.0,-40.0,991.0,11.0,0.0,0.0,1.0,0.0,18.15,3.28,4.55
2018/03/02,54.4,56.7,54.3,55.6,87.0,4788.0,1.0909,0.1325,65.0,1.0,-18.0,0.0,-17.0,1003.0,12.0,0.0,1.0,0.0,0.0,18.35,3.31,4.5
2018/03/05,55.6,56.6,55.3,56.3,70.0,3915.0,1.259,0.1066,46.0,-13.0,-5.0,0.0,-18.0,1011.0,8.0,0.0,0.0,0.0,0.0,18.58,3.36,4.44
2018/03/06,56.8,56.9,56.5,56.5,32.0,1811.0,0.3552,0.0488,25.0,-7.0,0.0,0.0,-7.0,1003.0,0.0,8.0,0.0,0.0,0.0,18.65,3.37,4.42
2018/03/07,55.6,56.0,55.6,55.7,33.0,1846.0,-1.4159,0.0503,33.0,-11.0,0.0,0.0,-11.0,999.0,0.0,4.0,0.0,0.0,0.0,18.38,3.32,4.49
2018/03/08,55.7,56.4,55.7,56.3,64.0,3599.0,1.0772,0.0975,56.0,-19.0,0.0,0.0,-19.0,1005.0,10.0,4.0,0.0,0.0,0.0,18.58,3.36,4.44
2018/03/09,56.8,58.6,56.5,58.0,108.0,6149.0,3.0195,0.1645,84.0,3.0,0.0,0.0,3.0,1029.0,41.0,17.0,0.0,0.0,0.0,19.14,3.46,4.31
2018/03/12,58.0,58.0,57.5,57.5,57.0,3300.0,-0.8621,0.0868,44.0,-6.0,0.0,0.0,-6.0,1039.0,14.0,4.0,0.0,0.0,0.0,18.98,3.43,4.35
2018/03/13,58.3,58.8,58.0,58.5,72.0,4207.0,1.7391,0.1097,54.0,6.0,0.0,0.0,6.0,1039.0,3.0,3.0,0.0,0.0,0.0,19.31,3.49,4.27
2018/03/14,59.0,59.2,58.5,58.5,142.0,8337.0,0.0,0.2163,67.0,-28.0,0.0,0.0,-28.0,1039.0,9.0,9.0,0.0,0.0,0.0,19.31,3.49,4.27
2018/03/15,64.3,64.3,60.3,60.3,662.0,41289.0,3.0769,1.0086,473.0,-1.0,0.0,-4.0,-5.0,1090.0,91.0,40.0,0.0,0.0,0.0,19.9,3.59,4.15
2018/03/16,61.0,62.8,59.6,59.9,159.0,9659.0,-0.6633,0.2422,127.0,-20.0,0.0,0.0,-20.0,1080.0,9.0,19.0,0.0,1.0,1.0,19.77,3.57,4.17
2018/03/19,59.6,59.6,58.1,58.5,124.0,7270.0,-2.3372,0.1889,89.0,-16.0,-50.0,0.0,-66.0,1100.0,25.0,5.0,0.0,1.0,0.0,19.31,3.49,4.27
2018/03/20,57.9,58.1,57.2,57.9,97.0,5606.0,-1.0256,0.1478,76.0,-1.0,-50.0,0.0,-51.0,1099.0,7.0,8.0,0.0,1.0,0.0,19.11,3.45,4.32
2018/03/21,59.5,59.5,58.0,58.1,67.0,3894.0,0.3454,0.1021,60.0,-1.0,-45.0,0.0,-46.0,1098.0,3.0,4.0,1.0,0.0,0.0,19.17,3.46,4.73
2018/03/22,58.0,58.9,57.9,58.3,80.0,4665.0,0.3442,0.1219,64.0,-8.0,-33.0,0.0,-41.0,934.0,4.0,17.0,0.0,0.0,0.0,19.24,3.47,4.72
2018/03/23,57.7,58.0,57.1,57.7,61.0,3523.0,-1.0292,0.0929,32.0,-19.0,0.0,0.0,-19.0,926.0,0.0,8.0,0.0,0.0,0.0,16.58,3.19,4.77
2018/03/26,59.1,59.1,58.0,58.0,102.0,5965.0,0.5199,0.1554,82.0,-8.0,-32.0,0.0,-40.0,923.0,2.0,5.0,0.0,0.0,0.0,16.67,3.21,4.74
2018/03/27,58.9,58.9,58.3,58.3,16.0,938.0,0.5172,0.0244,16.0,-4.0,0.0,0.0,-4.0,923.0,3.0,3.0,0.0,0.0,0.0,16.75,3.23,4.72
2018/03/28,57.0,57.2,57.0,57.1,49.0,2794.0,-2.0583,0.0747,31.0,-1.0,0.0,0.0,-1.0,917.0,3.0,9.0,0.0,0.0,0.0,16.41,3.16,4.82
2018/03/29,58.0,59.0,58.0,58.4,33.0,1935.0,2.2767,0.0503,29.0,-6.0,0.0,0.0,-6.0,910.0,1.0,8.0,0.0,0.0,0.0,16.78,3.23,4.71
2018/03/30,58.0,58.4,58.0,58.4,34.0,1974.0,0.0,0.0518,29.0,-2.0,0.0,1.0,-1.0,895.0,0.0,15.0,0.0,0.0,0.0,16.78,3.23,4.71
2018/03/31,58.6,59.6,58.6,59.3,52.0,3070.0,1.5411,0.0792,28.0,0.0,0.0,0.0,0.0,881.0,0.0,14.0,0.0,1.0,1.0,17.04,3.28,4.64
2018/04/02,59.2,59.5,58.3,59.5,81.0,4805.0,0.3373,0.1234,53.0,0.0,0.0,0.0,0.0,885.0,22.0,18.0,0.0,1.0,0.0,17.1,3.29,4.62
2018/04/03,59.5,60.0,58.5,58.7,115.0,6771.0,-1.3445,0.1752,72.0,0.0,0.0,0.0,0.0,893.0,21.0,13.0,0.0,1.0,0.0,16.87,3.25,4.68
2018/04/09,58.7,59.2,58.5,58.5,26.0,1527.0,-0.3407,0.0396,23.0,2.0,0.0,0.0,2.0,895.0,5.0,3.0,0.0,1.0,0.0,16.81,3.24,4.7
2018/04/10,59.0,60.6,58.1,60.3,218.0,13037.0,3.0769,0.3321,117.0,15.0,0.0,-1.0,14.0,918.0,107.0,84.0,0.0,1.0,0.0,17.33,3.34,4.56
2018/04/11,60.4,60.4,59.1,59.6,57.0,3394.0,-1.1609,0.0868,46.0,5.0,0.0,0.0,5.0,910.0,7.0,15.0,0.0,1.0,0.0,17.13,3.3,4.61
2018/04/12,59.4,59.4,58.6,59.2,30.0,1769.0,-0.6711,0.0457,27.0,5.0,0.0,0.0,5.0,912.0,2.0,0.0,0.0,1.0,0.0,17.01,3.28,4.65
2018/04/13,59.5,60.5,59.5,60.2,143.0,8591.0,1.6892,0.2179,93.0,16.0,0.0,0.0,16.0,935.0,36.0,13.0,0.0,1.0,0.0,17.3,3.33,4.57
2018/04/16,60.4,60.8,60.0,60.2,81.0,4879.0,0.0,0.1234,64.0,12.0,0.0,0.0,12.0,950.0,22.0,7.0,0.0,6.0,5.0,17.3,3.33,4.57
2018/04/17,60.2,60.5,60.0,60.1,30.0,1818.0,-0.1661,0.0457,31.0,4.0,0.0,0.0,4.0,953.0,3.0,0.0,0.0,6.0,0.0,17.27,3.33,4.58
2018/04/18,60.0,60.4,59.7,60.2,76.0,4560.0,0.1664,0.1158,41.0,-1.0,0.0,0.0,-1.0,926.0,4.0,31.0,0.0,6.0,0.0,17.3,3.33,4.57
2018/04/19,60.5,60.5,59.9,60.0,105.0,6306.0,-0.3322,0.16,52.0,20.0,0.0,0.0,20.0,901.0,0.0,25.0,0.0,6.0,0.0,17.24,3.32,4.58
2018/04/20,60.0,60.3,59.9,60.0,46.0,2776.0,0.0,0.0701,30.0,9.0,0.0,0.0,9.0,898.0,1.0,4.0,0.0,6.0,0.0,17.24,3.32,4.58
2018/04/23,59.5,59.9,59.1,59.7,102.0,6088.0,-0.5,0.1554,68.0,12.0,0.0,0.0,12.0,856.0,0.0,42.0,0.0,6.0,0.0,17.16,3.31,4.61
2018/04/24,58.6,59.7,58.1,59.3,75.0,4447.0,-0.67,0.1143,35.0,-5.0,-2.0,1.0,-6.0,848.0,0.0,8.0,0.0,6.0,0.0,17.04,3.28,4.64
2018/04/25,59.0,59.3,59.0,59.3,38.0,2246.0,0.0,0.0579,23.0,0.0,-9.0,0.0,-9.0,841.0,0.0,7.0,0.0,6.0,0.0,17.04,3.28,4.64
2018/04/26,58.4,59.5,58.4,59.0,76.0,4499.0,-0.5059,0.1158,54.0,-6.0,-20.0,0.0,-26.0,831.0,0.0,10.0,0.0,6.0,0.0,16.95,3.27,4.66
2018/04/27,58.1,59.0,58.1,58.9,33.0,1950.0,-0.1695,0.0503,24.0,0.0,-20.0,0.0,-20.0,830.0,0.0,1.0,0.0,6.0,0.0,16.93,3.26,4.67
2018/04/30,58.4,59.7,58.4,59.1,18.0,1062.0,0.3396,0.0274,14.0,-2.0,-5.0,0.0,-7.0,831.0,1.0,0.0,0.0,6.0,0.0,16.98,3.27,4.65
2018/05/02,59.1,59.3,59.0,59.1,64.0,3781.0,0.0,0.0975,48.0,2.0,-21.0,0.0,-19.0,830.0,9.0,10.0,0.0,6.0,0.0,16.98,3.27,4.65
2018/05/03,59.3,60.2,58.7,59.0,69.0,4092.0,-0.1692,0.1051,47.0,6.0,-42.0,0.0,-36.0,829.0,3.0,4.0,0.0,6.0,0.0,16.95,3.27,4.66
2018/05/04,59.0,60.2,59.0,59.2,26.0,1547.0,0.339,0.0396,20.0,-2.0,-8.0,0.0,-10.0,844.0,18.0,3.0,0.0,6.0,0.0,17.01,3.28,4.65
2018/05/07,59.2,60.2,59.2,60.0,41.0,2436.0,1.3514,0.0625,27.0,2.0,-25.0,0.0,-23.0,825.0,0.0,0.0,0.0,6.0,0.0,17.24,3.32,4.58
2018/05/08,60.0,60.0,59.5,60.0,23.0,1376.0,0.0,0.035,16.0,1.0,-16.0,0.0,-15.0,826.0,1.0,0.0,0.0,6.0,0.0,17.24,3.32,4.58
2018/05/09,59.3,59.3,59.2,59.2,37.0,2191.0,-1.3333,0.0564,17.0,8.0,-33.0,0.0,-25.0,826.0,0.0,0.0,0.0,6.0,0.0,17.01,3.28,4.65
2018/05/10,59.1,59.2,58.6,58.9,86.0,5073.0,-0.5068,0.131,55.0,0.0,-55.0,0.0,-55.0,816.0,10.0,20.0,0.0,6.0,0.0,17.02,3.09,4.67
2018/05/11,58.9,58.9,56.1,58.0,228.0,13188.0,-1.528,0.3474,158.0,-19.0,-27.0,0.0,-46.0,830.0,29.0,15.0,2.0,4.0,0.0,16.76,3.04,4.74
2018/05/14,57.3,57.8,57.0,57.3,120.0,6874.0,-1.2069,0.1828,79.0,9.0,-30.0,-10.0,-31.0,839.0,13.0,4.0,0.0,4.0,0.0,16.56,3.01,4.8
2018/05/15,57.9,57.9,56.3,57.1,173.0,9791.0,-0.349,0.2636,95.0,-13.0,-40.0,0.0,-53.0,770.0,12.0,81.0,0.0,4.0,0.0,16.5,3.0,4.82
2018/05/16,56.8,57.1,56.1,56.7,102.0,5777.0,-0.7005,0.1554,71.0,3.0,-47.0,0.0,-44.0,770.0,5.0,5.0,0.0,5.0,1.0,16.39,2.98,4.85
2018/05/17,56.7,56.7,55.7,55.7,157.0,8808.0,-1.7637,0.2392,85.0,-16.0,-50.0,0.0,-66.0,762.0,26.0,34.0,0.0,6.0,1.0,16.1,2.92,4.94
2018/05/18,55.7,57.5,55.5,55.9,61.0,3414.0,0.3591,0.0929,44.0,-3.0,-30.0,0.0,-33.0,763.0,6.0,5.0,0.0,6.0,0.0,16.16,2.93,4.92
2018/05/21,55.5,56.1,55.0,56.1,79.0,4386.0,0.3578,0.1204,59.0,1.0,-43.0,0.0,-42.0,764.0,5.0,4.0,0.0,6.0,0.0,16.21,2.94,4.9
2018/05/22,56.4,57.0,56.3,56.7,66.0,3739.0,1.0695,0.1006,44.0,-10.0,-15.0,0.0,-25.0,751.0,2.0,15.0,0.0,6.0,0.0,16.39,2.98,4.85
2018/05/23,56.0,56.7,56.0,56.4,26.0,1464.0,-0.5291,0.0396,20.0,-1.0,-5.0,-1.0,-7.0,752.0,1.0,0.0,0.0,6.0,0.0,16.3,2.96,4.88
2018/05/24,57.0,57.3,56.7,57.0,72.0,4104.0,1.0638,0.1097,53.0,-2.0,-10.0,0.0,-12.0,746.0,7.0,13.0,0.0,7.0,1.0,16.47,2.99,4.82
2018/05/25,57.0,57.0,56.1,56.7,52.0,2952.0,-0.5263,0.0792,33.0,0.0,-23.0,-18.0,-41.0,750.0,5.0,1.0,0.0,7.0,0.0,16.39,2.98,4.85
2018/05/28,57.3,57.3,56.5,56.7,21.0,1195.0,0.0,0.032,20.0,1.0,-11.0,0.0,-10.0,751.0,3.0,2.0,0.0,7.0,0.0,16.39,2.98,4.85
2018/05/29,57.0,57.0,56.4,56.7,35.0,1984.0,0.0,0.0533,26.0,1.0,-16.0,0.0,-15.0,760.0,13.0,4.0,0.0,7.0,0.0,16.39,2.98,4.85
2018/05/30,56.3,57.2,56.2,57.0,89.0,5052.0,0.5291,0.1356,42.0,0.0,-42.0,0.0,-42.0,747.0,5.0,0.0,1.0,6.0,0.0,16.47,2.99,4.82
2018/05/31,57.2,58.0,57.2,58.0,73.0,4208.0,1.7544,0.1112,46.0,4.0,-21.0,0.0,-17.0,772.0,26.0,1.0,0.0,6.0,0.0,16.76,3.04,4.74
2018/06/01,58.0,58.2,57.7,58.0,83.0,4808.0,0.0,0.1265,57.0,-1.0,-22.0,-10.0,-33.0,819.0,55.0,8.0,0.0,6.0,0.0,16.76,3.04,4.74
2018/06/04,58.0,58.1,58.0,58.0,29.0,1682.0,0.0,0.0442,21.0,6.0,0.0,0.0,6.0,816.0,3.0,6.0,0.0,6.0,0.0,16.76,3.04,4.74
2018/06/05,58.0,59.9,57.6,58.6,73.0,4238.0,1.0345,0.1112,39.0,-1.0,-10.0,-20.0,-31.0,830.0,15.0,1.0,0.0,6.0,0.0,16.94,3.08,4.69
2018/06/06,58.6,58.8,58.6,58.7,30.0,1760.0,0.1706,0.0457,23.0,0.0,-8.0,0.0,-8.0,832.0,3.0,1.0,0.0,6.0,0.0,16.97,3.08,4.68
2018/06/07,58.2,59.1,58.2,59.1,55.0,3233.0,0.6814,0.0838,36.0,0.0,-10.0,0.0,-10.0,844.0,17.0,5.0,0.0,6.0,0.0,17.08,3.1,4.65
2018/06/08,59.1,59.2,58.8,59.2,20.0,1180.0,0.1692,0.0305,14.0,0.0,-4.0,0.0,-4.0,853.0,9.0,0.0,0.0,6.0,0.0,17.11,3.11,4.65
2018/06/11,59.1,60.4,59.1,60.0,65.0,3875.0,1.3514,0.099,47.0,5.0,0.0,0.0,5.0,860.0,12.0,5.0,0.0,6.0,0.0,17.34,3.15,4.58
2018/06/12,60.6,62.5,60.5,61.7,238.0,14608.0,2.8333,0.3626,125.0,-6.0,0.0,0.0,-6.0,992.0,158.0,26.0,0.0,7.0,1.0,17.83,3.24,4.46
2018/06/13,62.0,62.0,60.4,61.0,65.0,3954.0,-1.1345,0.099,37.0,-15.0,0.0,0.0,-15.0,1029.0,39.0,2.0,0.0,7.0,0.0,17.63,3.2,4.51
2018/06/14,60.9,61.0,60.4,60.4,50.0,3037.0,-0.9836,0.0762,26.0,0.0,0.0,0.0,0.0,1062.0,34.0,1.0,0.0,7.0,0.0,17.46,3.17,4.55
2018/06/15,60.0,60.1,59.9,59.9,32.0,1919.0,-0.8278,0.0488,24.0,-2.0,0.0,0.0,-2.0,1069.0,12.0,5.0,1.0,6.0,0.0,17.31,3.14,4.59
2018/06/19,58.5,59.5,58.5,59.3,50.0,2956.0,-1.0017,0.0762,31.0,-3.0,0.0,-1.0,-4.0,1059.0,10.0,20.0,6.0,0.0,0.0,17.14,3.11,4.64
2018/06/20,59.0,59.4,58.0,58.4,29.0,1701.0,-1.5177,0.0442,16.0,0.0,0.0,0.0,0.0,1060.0,7.0,6.0,0.0,0.0,0.0,16.88,3.07,4.71
2018/06/21,58.5,58.5,58.5,58.5,34.0,1989.0,0.1712,0.0518,1.0,0.0,0.0,0.0,0.0,1060.0,0.0,0.0,0.0,0.0,0.0,16.91,3.07,4.7
2018/06/22,64.3,64.3,62.2,64.3,1563.0,100413.0,9.9145,2.3813,639.0,-152.0,0.0,0.0,-152.0,1208.0,314.0,166.0,0.0,0.0,0.0,18.58,3.38,4.28
2018/06/25,66.6,70.5,65.0,69.6,1381.0,93792.0,8.2426,2.104,808.0,165.0,0.0,0.0,165.0,1342.0,302.0,168.0,0.0,0.0,0.0,20.12,3.65,3.95
2018/06/26,68.0,71.5,66.5,70.0,995.0,69289.0,0.5747,1.5159,598.0,193.0,0.0,0.0,193.0,1331.0,202.0,213.0,0.0,0.0,0.0,20.23,3.67,3.93
2018/06/27,67.6,70.0,65.5,66.0,482.0,32250.0,-1.7857,0.7343,320.0,-101.0,0.0,0.0,-101.0,1385.0,96.0,42.0,0.0,2.0,2.0,19.08,3.46,4.17
2018/06/28,66.0,69.4,65.2,68.8,558.0,38015.0,4.2424,0.8501,398.0,33.0,164.0,1.0,198.0,1325.0,28.0,88.0,0.0,5.0,3.0,19.88,3.61,4.0
2018/06/29,68.8,72.5,68.5,70.4,778.0,54863.0,2.3256,1.1853,502.0,-40.0,124.0,0.0,84.0,1385.0,141.0,81.0,0.0,8.0,3.0,20.35,3.7,3.91
2018/07/02,70.8,74.9,70.8,73.2,688.0,49928.0,3.9773,1.0482,454.0,206.0,8.0,-1.0,213.0,1481.0,144.0,48.0,0.0,11.0,3.0,21.16,3.84,3.76
2018/07/03,74.0,74.2,70.3,70.3,533.0,38167.0,-3.9617,0.812,390.0,-89.0,79.0,0.0,-10.0,1348.0,47.0,180.0,2.0,12.0,3.0,20.32,3.69,3.91
2018/07/04,71.8,71.8,68.5,69.0,338.0,23562.0,-1.8492,0.515,234.0,52.0,0.0,0.0,52.0,1276.0,23.0,95.0,5.0,10.0,3.0,19.94,3.62,3.99
2018/07/05,68.7,70.8,67.7,69.4,429.0,29816.0,0.5797,0.6536,260.0,8.0,101.0,0.0,109.0,1146.0,52.0,182.0,1.0,12.0,3.0,20.06,3.64,3.96
2018/07/06,69.4,71.0,68.5,69.8,160.0,11118.0,0.5764,0.2438,109.0,20.0,-20.0,0.0,0.0,1140.0,25.0,31.0,2.0,11.0,1.0,20.17,3.66,3.94
2018/07/09,69.9,71.0,68.6,70.5,181.0,12686.0,1.0029,0.2758,124.0,60.0,57.0,-1.0,116.0,1103.0,5.0,42.0,0.0,9.0,0.0,20.38,3.7,3.9
2018/07/10,71.0,71.1,68.8,70.0,138.0,9601.0,-0.7092,0.2102,81.0,-44.0,-7.0,0.0,-51.0,1109.0,20.0,14.0,0.0,9.0,0.0,20.23,3.67,3.93
2018/07/11,70.0,70.0,69.1,69.7,58.0,4041.0,-0.4286,0.0884,48.0,7.0,31.0,0.0,38.0,1093.0,2.0,18.0,0.0,9.0,0.0,20.14,3.66,3.95
2018/07/12,69.2,69.6,69.2,69.5,38.0,2636.0,-0.2869,0.0579,31.0,5.0,0.0,-1.0,4.0,1092.0,0.0,1.0,0.0,9.0,0.0,20.09,3.65,3.96
2018/07/13,69.0,69.5,68.9,68.9,171.0,11824.0,-0.8633,0.2605,87.0,0.0,11.0,0.0,11.0,1093.0,20.0,19.0,0.0,9.0,0.0,19.91,3.62,3.99
2018/07/16,68.9,68.9,68.3,68.3,92.0,6301.0,-0.8708,0.1402,54.0,3.0,0.0,0.0,3.0,1061.0,5.0,37.0,0.0,9.0,0.0,19.74,3.59,4.03
2018/07/17,68.3,68.3,67.4,68.0,120.0,8125.0,-0.4392,0.1828,83.0,11.0,6.0,0.0,17.0,1009.0,3.0,55.0,0.0,10.0,1.0,19.65,3.57,4.04
2018/07/18,68.3,68.5,68.0,68.2,87.0,5928.0,0.2941,0.1325,66.0,20.0,-26.0,0.0,-6.0,1003.0,6.0,8.0,0.0,10.0,0.0,19.71,3.58,4.03
2018/07/19,68.2,68.5,68.0,68.4,117.0,7986.0,0.2933,0.1783,69.0,16.0,-27.0,0.0,-11.0,999.0,0.0,4.0,0.0,11.0,1.0,19.77,3.59,4.02
2018/07/20,68.4,69.3,68.0,69.0,92.0,6328.0,0.8772,0.1402,70.0,10.0,34.0,0.0,44.0,998.0,1.0,2.0,0.0,11.0,0.0,19.94,3.62,3.99
2018/07/23,69.0,69.0,68.0,69.0,56.0,3857.0,0.0,0.0853,41.0,-9.0,31.0,0.0,22.0,997.0,2.0,3.0,0.0,11.0,0.0,19.94,3.62,3.99
2018/07/24,69.0,69.5,67.0,69.5,67.0,4600.0,0.7246,0.1021,50.0,15.0,25.0,0.0,40.0,994.0,1.0,4.0,0.0,12.0,1.0,20.09,3.65,3.96
2018/07/25,69.5,69.5,68.5,69.0,33.0,2278.0,-0.7194,0.0503,22.0,-18.0,13.0,0.0,-5.0,1000.0,6.0,0.0,0.0,12.0,0.0,19.94,3.62,3.99
2018/07/26,68.9,68.9,67.8,67.8,66.0,4536.0,-1.7391,0.1006,58.0,-33.0,21.0,0.0,-12.0,987.0,1.0,14.0,0.0,12.0,0.0,19.6,3.56,4.06
2018/07/27,67.8,68.0,67.7,67.7,22.0,1497.0,-0.1475,0.0335,26.0,2.0,-5.0,0.0,-3.0,988.0,2.0,1.0,1.0,11.0,0.0,19.57,3.55,4.06
2018/07/30,67.8,69.0,67.8,67.9,69.0,4718.0,0.2954,0.1051,63.0,3.0,6.0,0.0,9.0,967.0,5.0,26.0,0.0,12.0,1.0,19.62,3.56,4.05
2018/07/31,67.5,68.4,67.5,68.0,43.0,2923.0,0.1473,0.0655,32.0,-4.0,0.0,0.0,-4.0,966.0,9.0,10.0,0.0,12.0,0.0,19.65,3.57,4.04
2018/08/01,67.5,68.9,67.5,68.7,28.0,1923.0,1.0294,0.0427,25.0,0.0,0.0,0.0,0.0,963.0,0.0,3.0,0.0,12.0,0.0,19.86,3.61,4.0
2018/08/02,68.3,68.4,67.8,68.1,28.0,1903.0,-0.8734,0.0427,26.0,-9.0,0.0,0.0,-9.0,964.0,2.0,1.0,0.0,12.0,0.0,19.68,3.57,4.04
2018/08/03,68.1,68.1,67.6,67.9,22.0,1493.0,-0.2937,0.0335,20.0,-1.0,8.0,0.0,7.0,960.0,1.0,5.0,0.0,12.0,0.0,19.62,3.56,4.05
2018/08/06,67.4,67.5,67.1,67.3,36.0,2431.0,-0.8837,0.0548,33.0,-1.0,0.0,0.0,-1.0,950.0,3.0,13.0,0.0,12.0,0.0,19.45,3.53,4.09
2018/08/07,67.1,69.4,67.1,68.2,70.0,4747.0,1.3373,0.1066,52.0,-7.0,-5.0,-1.0,-13.0,952.0,7.0,5.0,0.0,12.0,0.0,19.71,3.58,4.03
2018/08/08,68.0,68.2,67.9,67.9,46.0,3135.0,-0.4399,0.0701,20.0,11.0,0.0,0.0,11.0,947.0,1.0,6.0,0.0,12.0,0.0,19.62,3.56,4.05
2018/08/09,67.9,69.2,67.9,68.2,23.0,1584.0,0.4418,0.035,21.0,-2.0,0.0,0.0,-2.0,951.0,4.0,0.0,0.0,12.0,0.0,19.71,3.58,4.03
2018/08/10,67.5,68.3,67.5,68.3,29.0,1973.0,0.1466,0.0442,18.0,10.0,0.0,0.0,10.0,909.0,2.0,16.0,0.0,13.0,1.0,22.03,4.11,4.03
2018/08/13,68.0,68.6,67.5,68.5,110.0,7493.0,0.2928,0.1676,100.0,-30.0,0.0,0.0,-30.0,918.0,14.0,5.0,0.0,13.0,0.0,22.1,4.12,4.01
2018/08/14,68.3,68.5,67.7,68.5,38.0,2592.0,0.0,0.0579,31.0,-10.0,0.0,0.0,-10.0,930.0,13.0,1.0,0.0,13.0,0.0,22.1,4.12,4.01
2018/08/15,68.1,68.4,67.7,67.9,29.0,1973.0,-0.8759,0.0442,21.0,-2.0,0.0,0.0,-2.0,920.0,1.0,1.0,0.0,13.0,0.0,21.9,4.08,4.05
2018/08/16,67.4,68.0,65.5,68.0,15.0,1020.0,0.1473,0.0229,12.0,-2.0,0.0,0.0,-2.0,926.0,8.0,2.0,0.0,13.0,0.0,21.94,4.09,4.04
2018/08/17,67.1,69.8,67.1,68.3,61.0,4190.0,0.4412,0.0929,53.0,-1.0,13.0,0.0,12.0,925.0,5.0,6.0,0.0,13.0,0.0,22.03,4.11,4.03
2018/08/20,68.2,68.2,67.5,68.2,8.0,542.0,-0.1464,0.0122,7.0,-2.0,0.0,0.0,-2.0,928.0,4.0,1.0,0.0,13.0,0.0,22.0,4.1,4.03
2018/08/21,68.2,68.2,67.5,67.6,20.0,1357.0,-0.8798,0.0305,22.0,-4.0,0.0,0.0,-4.0,930.0,5.0,3.0,0.0,13.0,0.0,21.81,4.06,4.07
2018/08/22,67.6,68.0,67.2,67.5,21.0,1454.0,-0.1479,0.032,24.0,-7.0,0.0,0.0,-7.0,936.0,8.0,2.0,0.0,13.0,0.0,21.77,4.06,4.07
2018/08/23,67.5,68.0,67.5,67.5,34.0,2304.0,0.0,0.0518,27.0,-3.0,0.0,0.0,-3.0,941.0,13.0,8.0,0.0,16.0,3.0,21.77,4.06,4.07
2018/08/24,67.5,67.5,67.0,67.1,22.0,1486.0,-0.5926,0.0335,19.0,-2.0,0.0,0.0,-2.0,945.0,7.0,3.0,0.0,16.0,0.0,21.65,4.03,4.1
2018/08/27,67.2,67.2,66.3,66.5,66.0,4434.0,-0.8942,0.1006,56.0,-30.0,0.0,0.0,-30.0,946.0,15.0,14.0,0.0,16.0,0.0,21.45,4.0,4.14
2018/08/28,66.5,67.0,66.5,67.0,12.0,800.0,0.7519,0.0183,12.0,-1.0,0.0,0.0,-1.0,947.0,3.0,2.0,0.0,16.0,0.0,21.61,4.03,4.1
2018/08/29,67.2,67.2,66.2,67.0,32.0,2135.0,0.0,0.0488,26.0,-6.0,0.0,0.0,-6.0,958.0,15.0,4.0,0.0,16.0,0.0,21.61,4.03,4.1
2018/08/30,67.0,67.0,66.5,67.0,35.0,2339.0,0.0,0.0533,29.0,0.0,0.0,0.0,0.0,960.0,6.0,4.0,0.0,16.0,0.0,21.61,4.03,4.1
2018/08/31,66.3,66.4,66.0,66.3,53.0,3508.0,-1.0448,0.0807,38.0,-8.0,0.0,0.0,-8.0,956.0,6.0,10.0,0.0,16.0,0.0,21.39,3.99,4.15
2018/09/03,66.1,66.8,65.6,66.3,33.0,2212.0,0.0,0.0503,26.0,-9.0,0.0,0.0,-9.0,957.0,1.0,0.0,0.0,16.0,0.0,21.39,3.99,4.15
2018/09/04,66.1,66.2,65.5,65.8,24.0,1578.0,-0.7541,0.0366,18.0,-5.0,0.0,0.0,-5.0,958.0,1.0,0.0,0.0,16.0,0.0,21.23,3.96,4.18
2018/09/05,65.2,65.8,65.0,65.7,77.0,5036.0,-0.152,0.1173,43.0,-28.0,0.0,0.0,-28.0,948.0,1.0,11.0,0.0,16.0,0.0,21.19,3.95,4.19
2018/09/06,65.8,66.0,65.6,66.0,10.0,658.0,0.4566,0.0152,10.0,-1.0,0.0,0.0,-1.0,949.0,1.0,0.0,0.0,16.0,0.0,21.29,3.97,4.17
2018/09/07,66.0,67.4,65.2,65.3,27.0,1782.0,-1.0606,0.0411,21.0,-10.0,0.0,0.0,-10.0,951.0,3.0,1.0,0.0,16.0,0.0,21.06,3.93,4.21
2018/09/10,63.2,65.0,63.2,64.5,70.0,4473.0,-1.2251,0.1066,36.0,-29.0,-10.0,0.0,-39.0,947.0,6.0,10.0,3.0,13.0,0.0,20.81,3.88,4.26
2018/09/11,65.0,65.0,63.0,63.6,51.0,3239.0,-1.3953,0.0777,28.0,-8.0,-2.0,0.0,-10.0,952.0,8.0,3.0,0.0,27.0,14.0,20.52,3.82,4.32
2018/09/12,63.9,63.9,59.3,61.0,111.0,6803.0,-4.0881,0.1691,71.0,-9.0,-10.0,0.0,-19.0,959.0,38.0,31.0,0.0,38.0,11.0,19.68,3.67,4.51
2018/09/13,61.0,64.0,61.0,62.3,82.0,5117.0,2.1311,0.1249,58.0,-2.0,-11.0,0.0,-13.0,942.0,4.0,21.0,0.0,40.0,2.0,20.1,3.75,4.41
2018/09/14,63.0,63.0,61.2,62.9,23.0,1419.0,0.9631,0.035,19.0,1.0,-12.0,0.0,-11.0,942.0,4.0,4.0,0.0,40.0,0.0,20.29,3.78,4.37
2018/09/17,62.9,62.9,61.6,62.2,26.0,1620.0,-1.1129,0.0396,19.0,-3.0,-12.0,0.0,-15.0,939.0,4.0,7.0,2.0,38.0,0.0,20.06,3.74,4.42
2018/09/18,62.2,62.6,62.2,62.2,38.0,2368.0,0.0,0.0579,17.0,-5.0,-4.0,0.0,-9.0,934.0,3.0,8.0,0.0,38.0,0.0,20.06,3.74,4.42
2018/09/19,62.1,63.6,62.0,62.2,16.0,1002.0,0.0,0.0244,16.0,5.0,0.0,0.0,5.0,927.0,1.0,6.0,0.0,38.0,0.0,20.06,3.74,4.42
2018/09/20,62.2,62.5,61.8,62.3,4.0,248.0,0.1608,0.0061,4.0,0.0,0.0,0.0,0.0,927.0,1.0,1.0,0.0,38.0,0.0,20.1,3.75,4.41
2018/09/21,62.0,62.2,62.0,62.0,9.0,561.0,-0.4815,0.0137,10.0,0.0,0.0,0.0,0.0,925.0,1.0,3.0,0.0,38.0,0.0,20.0,3.73,4.44
2018/09/25,61.5,62.8,61.5,62.8,3.0,186.0,1.2903,0.0046,5.0,0.0,0.0,0.0,0.0,924.0,1.0,2.0,0.0,38.0,0.0,20.26,3.78,4.38
2018/09/26,62.8,63.0,62.8,63.0,12.0,761.0,0.3185,0.0183,13.0,0.0,0.0,0.0,0.0,922.0,2.0,4.0,1.0,37.0,0.0,20.32,3.79,4.37
2018/09/27,63.0,63.7,63.0,63.7,10.0,635.0,1.1111,0.0152,11.0,-2.0,0.0,0.0,-2.0,922.0,1.0,1.0,1.0,36.0,0.0,20.55,3.83,4.32
2018/09/28,64.0,64.5,63.7,63.7,46.0,2953.0,0.0,0.0701,35.0,-2.0,0.0,0.0,-2.0,922.0,3.0,3.0,11.0,25.0,0.0,20.55,3.83,4.32
2018/10/01,64.4,64.5,64.4,64.5,12.0,775.0,1.2559,0.0183,11.0,-5.0,0.0,0.0,-5.0,922.0,0.0,0.0,4.0,21.0,0.0,20.81,3.88,4.26
2018/10/02,64.5,64.8,64.4,64.6,19.0,1225.0,0.155,0.0289,15.0,-2.0,0.0,0.0,-2.0,921.0,2.0,3.0,8.0,16.0,3.0,20.84,3.88,4.26
2018/10/03,64.7,65.0,64.6,64.6,23.0,1492.0,0.0,0.035,15.0,-6.0,0.0,0.0,-6.0,920.0,0.0,1.0,0.0,16.0,0.0,20.84,3.88,4.26
2018/10/04,64.6,64.6,64.5,64.5,14.0,904.0,-0.1548,0.0213,11.0,-3.0,0.0,0.0,-3.0,903.0,0.0,2.0,0.0,16.0,0.0,20.81,3.88,4.26
2018/10/05,64.5,64.5,63.4,64.3,23.0,1470.0,-0.3101,0.035,21.0,-1.0,5.0,1.0,5.0,898.0,2.0,7.0,2.0,14.0,0.0,20.74,3.87,4.28
2018/10/08,64.3,64.5,63.2,64.3,26.0,1668.0,0.0,0.0396,22.0,3.0,5.0,0.0,8.0,893.0,2.0,7.0,0.0,14.0,0.0,20.74,3.87,4.28
2018/10/09,64.3,64.5,64.0,64.5,16.0,1031.0,0.311,0.0244,11.0,2.0,0.0,0.0,2.0,892.0,1.0,2.0,0.0,14.0,0.0,20.81,3.88,4.26
2018/10/11,64.5,64.5,60.8,62.7,76.0,4740.0,-2.7907,0.1158,60.0,-3.0,29.0,-1.0,25.0,876.0,15.0,31.0,0.0,15.0,1.0,20.23,3.77,4.39
2018/10/12,61.0,62.5,61.0,61.8,33.0,2039.0,-1.4354,0.0503,29.0,-14.0,5.0,0.0,-9.0,871.0,2.0,7.0,0.0,15.0,0.0,19.94,3.72,4.45
2018/10/15,61.8,62.9,61.5,61.8,15.0,929.0,0.0,0.0229,15.0,-8.0,1.0,0.0,-7.0,863.0,4.0,1.0,1.0,14.0,0.0,19.94,3.72,4.45
2018/10/16,63.0,63.0,62.0,62.3,26.0,1622.0,0.8091,0.0396,23.0,-10.0,8.0,0.0,-2.0,857.0,0.0,6.0,0.0,14.0,0.0,20.1,3.75,4.41
2018/10/17,63.3,63.3,62.5,62.5,7.0,440.0,0.321,0.0107,8.0,-1.0,5.0,0.0,4.0,856.0,1.0,2.0,0.0,14.0,0.0,20.16,3.76,4.4
2018/10/18,63.0,63.8,63.0,63.6,18.0,1140.0,1.76,0.0274,15.0,-2.0,8.0,0.0,6.0,860.0,5.0,1.0,0.0,14.0,0.0,20.52,3.82,4.32
2018/10/19,62.2,63.5,62.2,63.5,15.0,961.0,-0.1572,0.0229,14.0,-3.0,0.0,0.0,-3.0,861.0,2.0,1.0,0.0,14.0,0.0,20.48,3.82,4.33
2018/10/22,63.5,63.9,62.3,63.6,14.0,886.0,0.1575,0.0213,11.0,0.0,0.0,0.0,0.0,861.0,6.0,6.0,0.0,15.0,1.0,20.52,3.82,4.32
2018/10/23,62.0,63.5,62.0,63.1,8.0,506.0,-0.7862,0.0122,8.0,0.0,0.0,0.0,0.0,858.0,1.0,4.0,0.0,15.0,0.0,20.35,3.79,4.36
2018/10/24,63.3,63.3,62.5,63.0,17.0,1077.0,-0.1585,0.0259,15.0,1.0,5.0,0.0,6.0,858.0,1.0,1.0,0.0,15.0,0.0,20.32,3.79,4.37
2018/10/25,62.0,63.0,62.0,62.7,32.0,2000.0,-0.4762,0.0488,31.0,-1.0,3.0,0.0,2.0,865.0,8.0,1.0,0.0,18.0,3.0,20.23,3.77,4.39
2018/10/26,63.0,63.0,61.6,62.6,27.0,1689.0,-0.1595,0.0411,22.0,-4.0,4.0,0.0,0.0,872.0,9.0,2.0,0.0,18.0,0.0,20.19,3.76,4.39
2018/10/29,62.6,63.0,62.0,63.0,13.0,815.0,0.639,0.0198,13.0,-3.0,3.0,0.0,0.0,871.0,2.0,3.0,0.0,18.0,0.0,20.32,3.79,4.37
2018/10/30,62.1,62.6,61.7,62.1,42.0,2608.0,-1.4286,0.064,43.0,-15.0,5.0,0.0,-10.0,887.0,19.0,3.0,0.0,18.0,0.0,20.03,3.73,4.43
2018/10/31,62.4,63.0,62.0,62.1,43.0,2695.0,0.0,0.0655,32.0,-4.0,12.0,-3.0,5.0,891.0,5.0,1.0,2.0,16.0,0.0,20.03,3.73,4.43
2018/11/01,63.0,64.2,62.5,63.3,57.0,3615.0,1.9324,0.0868,37.0,-11.0,0.0,0.0,-11.0,929.0,41.0,3.0,0.0,16.0,0.0,20.42,3.81,4.34
2018/11/02,63.5,64.4,63.2,64.4,58.0,3699.0,1.7378,0.0884,38.0,-9.0,0.0,0.0,-9.0,969.0,42.0,2.0,0.0,16.0,0.0,20.77,3.87,4.27
2018/11/05,62.5,63.7,62.5,63.2,23.0,1450.0,-1.8634,0.035,16.0,-1.0,0.0,0.0,-1.0,976.0,7.0,0.0,0.0,17.0,1.0,20.39,3.8,4.35
2018/11/06,63.0,64.0,62.8,63.7,30.0,1900.0,0.7911,0.0457,20.0,0.0,0.0,0.0,0.0,988.0,15.0,3.0,0.0,17.0,0.0,20.55,3.83,4.32
2018/11/07,63.7,63.7,63.0,63.6,6.0,381.0,-0.157,0.0091,5.0,0.0,0.0,0.0,0.0,991.0,3.0,0.0,1.0,16.0,0.0,20.52,3.82,4.32
2018/11/08,63.6,64.0,63.0,63.2,30.0,1905.0,-0.6289,0.0457,17.0,-1.0,0.0,0.0,-1.0,1009.0,18.0,0.0,0.0,16.0,0.0,21.57,3.73,4.35
2018/11/09,62.5,63.1,61.1,62.4,54.0,3335.0,-1.2658,0.0823,43.0,2.0,9.0,0.0,11.0,978.0,8.0,39.0,1.0,21.0,6.0,21.3,3.68,4.41
2018/11/12,61.5,61.5,60.3,61.5,62.0,3779.0,-1.4423,0.0945,39.0,1.0,0.0,0.0,1.0,938.0,2.0,42.0,0.0,23.0,2.0,20.99,3.63,4.47
2018/11/13,61.0,63.1,61.0,62.8,59.0,3674.0,2.1138,0.0899,47.0,5.0,15.0,0.0,20.0,934.0,7.0,11.0,2.0,21.0,0.0,21.43,3.7,4.38
2018/11/14,63.2,63.2,63.2,63.2,5.0,316.0,0.6369,0.0076,4.0,0.0,0.0,0.0,0.0,932.0,0.0,2.0,0.0,21.0,0.0,21.57,3.73,4.35
2018/11/15,63.2,63.2,63.2,63.2,0.0,0.0,0.0,0.0,0.0,0.0,0.0,0.0,0.0,932.0,0.0,0.0,0.0,21.0,0.0,21.57,3.73,4.35
2018/11/16,63.0,63.0,62.0,62.0,23.0,1433.0,-1.8987,0.035,20.0,-1.0,0.0,0.0,-1.0,929.0,9.0,9.0,0.0,21.0,0.0,21.16,3.66,4.44
2018/11/19,62.0,63.0,62.0,63.0,5.0,311.0,1.6129,0.0076,4.0,0.0,0.0,0.0,0.0,925.0,1.0,5.0,0.0,21.0,0.0,21.5,3.71,4.37
2018/11/20,63.0,63.0,63.0,63.0,0.0,0.0,0.0,0.0,0.0,0.0,0.0,0.0,0.0,925.0,0.0,0.0,0.0,21.0,0.0,21.37,3.69,4.39
2018/11/21,62.8,62.8,62.8,62.8,1.0,62.0,-0.3175,0.0015,1.0,0.0,0.0,0.0,0.0,925.0,1.0,1.0,0.0,21.0,0.0,21.43,3.7,4.38
2018/11/22,62.2,62.6,60.9,60.9,43.0,2632.0,-3.0255,0.0655,34.0,-1.0,0.0,0.0,-1.0,933.0,10.0,2.0,0.0,21.0,0.0,20.78,3.59,4.52
2018/11/23,61.8,61.8,61.0,61.0,8.0,491.0,0.1642,0.0122,6.0,0.0,0.0,0.0,0.0,934.0,2.0,1.0,0.0,21.0,0.0,20.82,3.6,4.51
2018/11/26,63.0,63.0,61.9,61.9,22.0,1367.0,1.4754,0.0335,22.0,5.0,0.0,0.0,5.0,935.0,4.0,3.0,0.0,21.0,0.0,21.13,3.65,4.44
2018/11/27,63.0,63.8,62.1,63.2,73.0,4600.0,2.1002,0.1112,44.0,-1.0,0.0,0.0,-1.0,947.0,29.0,17.0,0.0,21.0,0.0,21.57,3.73,4.35
2018/11/28,62.7,62.8,62.2,62.8,14.0,876.0,-0.6329,0.0213,11.0,-1.0,0.0,0.0,-1.0,951.0,4.0,0.0,0.0,21.0,0.0,21.43,3.7,4.38
2018/11/29,62.5,63.6,62.3,63.0,24.0,1507.0,0.3185,0.0366,16.0,-5.0,0.0,1.0,-4.0,952.0,4.0,3.0,0.0,21.0,0.0,21.5,3.71,4.37
2018/11/30,63.0,63.0,62.6,62.8,28.0,1760.0,-0.3175,0.0427,21.0,-2.0,0.0,0.0,-2.0,952.0,1.0,1.0,0.0,21.0,0.0,21.43,3.7,4.38
2018/12/03,63.0,67.5,63.0,64.1,59.0,3800.0,2.0701,0.0899,51.0,-7.0,0.0,0.0,-7.0,960.0,15.0,7.0,4.0,17.0,0.0,21.88,3.78,4.29
2018/12/04,62.6,64.0,62.6,63.9,19.0,1212.0,-0.312,0.0289,14.0,-2.0,0.0,-1.0,-3.0,967.0,13.0,6.0,0.0,17.0,0.0,21.81,3.77,4.3
2018/12/05,63.0,63.9,62.8,63.9,18.0,1142.0,0.0,0.0274,18.0,-2.0,0.0,0.0,-2.0,961.0,3.0,5.0,0.0,17.0,0.0,21.81,3.77,4.3
2018/12/06,64.6,64.6,62.3,62.3,18.0,1138.0,-2.5039,0.0274,15.0,-7.0,0.0,0.0,-7.0,965.0,5.0,0.0,0.0,17.0,0.0,21.26,3.67,4.41
2018/12/07,63.5,63.5,62.3,62.3,8.0,501.0,0.0,0.0122,8.0,-5.0,0.0,0.0,-5.0,967.0,2.0,0.0,0.0,17.0,0.0,21.26,3.67,4.41
2018/12/10,62.1,62.2,62.0,62.2,16.0,994.0,-0.1605,0.0244,10.0,-8.0,0.0,0.0,-8.0,965.0,0.0,2.0,0.0,17.0,0.0,21.23,3.67,4.42
2018/12/11,62.5,62.5,62.0,62.0,16.0,999.0,-0.3215,0.0244,15.0,-2.0,2.0,0.0,0.0,964.0,1.0,2.0,0.0,17.0,0.0,21.16,3.66,4.44
2018/12/12,62.0,63.2,62.0,62.3,26.0,1625.0,0.4839,0.0396,16.0,-1.0,0.0,0.0,-1.0,963.0,4.0,4.0,0.0,17.0,0.0,21.26,3.67,4.41
2018/12/13,61.7,62.0,61.7,62.0,4.0,247.0,-0.4815,0.0061,3.0,0.0,0.0,0.0,0.0,962.0,0.0,1.0,0.0,17.0,0.0,21.16,3.66,4.44
2018/12/14,62.0,62.1,62.0,62.0,8.0,496.0,0.0,0.0122,4.0,0.0,0.0,0.0,0.0,958.0,0.0,4.0,0.0,17.0,0.0,21.16,3.66,4.44
2018/12/17,62.0,62.1,61.9,62.0,27.0,1674.0,0.0,0.0411,18.0,-8.0,0.0,0.0,-8.0,958.0,0.0,0.0,0.0,26.0,9.0,21.16,3.66,4.44
2018/12/18,62.0,63.1,62.0,63.1,3.0,187.0,1.7742,0.0046,3.0,0.0,0.0,0.0,0.0,958.0,0.0,0.0,0.0,26.0,0.0,21.54,3.72,4.36
2018/12/19,62.2,62.5,61.9,62.5,25.0,1553.0,-0.9509,0.0381,18.0,-7.0,2.0,0.0,-5.0,954.0,0.0,4.0,0.0,31.0,5.0,21.33,3.69,4.4
2018/12/20,62.1,62.5,61.9,61.9,20.0,1249.0,-0.96,0.0305,16.0,-1.0,0.0,0.0,-1.0,955.0,1.0,0.0,0.0,31.0,0.0,21.13,3.65,4.44
2018/12/21,61.9,62.8,61.7,61.8,4.0,249.0,-0.1616,0.0061,5.0,0.0,0.0,1.0,1.0,954.0,2.0,0.0,0.0,32.0,1.0,21.09,3.64,4.45
2018/12/22,63.0,63.0,62.8,62.8,10.0,628.0,1.6181,0.0152,3.0,0.0,0.0,0.0,0.0,956.0,10.0,8.0,0.0,32.0,0.0,21.43,3.7,4.38
2018/12/24,63.5,63.5,61.8,62.0,58.0,3601.0,-1.2739,0.0884,41.0,-1.0,5.0,0.0,4.0,952.0,3.0,7.0,1.0,31.0,0.0,21.16,3.66,4.44
2018/12/25,62.0,62.5,61.8,62.5,31.0,1928.0,0.8065,0.0472,22.0,-1.0,0.0,0.0,-1.0,941.0,0.0,11.0,0.0,36.0,5.0,21.33,3.69,4.4
2018/12/26,63.1,63.1,62.5,62.6,24.0,1504.0,0.16,0.0366,16.0,-1.0,0.0,0.0,-1.0,935.0,2.0,8.0,0.0,45.0,9.0,21.37,3.69,4.39
2018/12/27,63.0,63.0,63.0,63.0,8.0,504.0,0.639,0.0122,8.0,0.0,0.0,0.0,0.0,934.0,0.0,1.0,0.0,45.0,0.0,21.5,3.71,4.37
2018/12/28,63.2,63.3,62.3,63.2,16.0,1010.0,0.3175,0.0244,13.0,-1.0,0.0,0.0,-1.0,895.0,1.0,10.0,0.0,45.0,0.0,21.57,3.73,4.35
2019/01/02,62.5,62.5,62.5,62.5,2.0,125.0,-1.1076,0.003,3.0,0.0,0.0,0.0,0.0,895.0,1.0,1.0,0.0,45.0,0.0,21.33,3.69,4.4
2019/01/03,62.4,62.8,62.2,62.8,21.0,1309.0,0.48,0.032,14.0,-1.0,0.0,-1.0,-2.0,872.0,1.0,4.0,0.0,50.0,5.0,21.43,3.7,4.38
2019/01/04,62.5,63.3,62.5,62.8,34.0,2139.0,0.0,0.0518,26.0,1.0,0.0,0.0,1.0,888.0,26.0,10.0,0.0,54.0,4.0,21.43,3.7,4.38
2019/01/07,63.0,63.5,63.0,63.0,20.0,1264.0,0.3185,0.0305,14.0,-1.0,0.0,0.0,-1.0,876.0,0.0,12.0,0.0,54.0,0.0,21.5,3.71,4.37
2019/01/08,63.3,63.6,63.3,63.6,41.0,2600.0,0.9524,0.0625,29.0,-3.0,0.0,0.0,-3.0,884.0,19.0,11.0,0.0,54.0,0.0,21.71,3.75,4.32
2019/01/09,64.0,64.3,63.5,63.9,29.0,1847.0,0.4717,0.0442,16.0,-1.0,0.0,1.0,0.0,876.0,7.0,15.0,0.0,54.0,0.0,21.81,3.77,4.3
2019/01/10,65.0,65.0,63.5,63.5,20.0,1277.0,-0.626,0.0305,17.0,-3.0,0.0,0.0,-3.0,882.0,10.0,4.0,0.0,54.0,0.0,21.67,3.74,4.33
2019/01/11,63.5,63.7,63.4,63.7,29.0,1847.0,0.315,0.0442,25.0,-4.0,0.0,0.0,-4.0,884.0,10.0,8.0,0.0,59.0,5.0,21.74,3.76,4.32
2019/01/14,63.1,63.7,62.8,63.7,16.0,1015.0,0.0,0.0244,16.0,-3.0,8.0,0.0,5.0,881.0,4.0,7.0,0.0,59.0,0.0,21.74,3.76,4.32
2019/01/15,62.7,63.7,62.7,62.9,21.0,1322.0,-1.2559,0.032,20.0,-2.0,0.0,0.0,-2.0,876.0,3.0,8.0,0.0,59.0,0.0,21.47,3.71,4.37
2019/01/16,63.0,63.5,62.8,62.8,11.0,693.0,-0.159,0.0168,11.0,-4.0,0.0,0.0,-4.0,875.0,3.0,4.0,0.0,59.0,0.0,21.43,3.7,4.38
2019/01/17,63.0,63.8,62.7,62.7,17.0,1071.0,-0.1592,0.0259,17.0,-7.0,0.0,0.0,-7.0,871.0,2.0,6.0,0.0,59.0,0.0,21.4,3.7,4.39
2019/01/18,62.7,62.8,62.5,62.8,12.0,751.0,0.1595,0.0183,10.0,-1.0,0.0,0.0,-1.0,869.0,1.0,3.0,0.0,59.0,0.0,21.43,3.7,4.38
2019/01/21,62.8,62.8,62.3,62.4,24.0,1504.0,-0.6369,0.0366,18.0,-1.0,0.0,0.0,-1.0,852.0,1.0,18.0,0.0,59.0,0.0,21.3,3.68,4.41
2019/01/22,62.5,62.5,62.0,62.1,31.0,1926.0,-0.4808,0.0472,26.0,-2.0,-3.0,0.0,-5.0,838.0,3.0,17.0,0.0,59.0,0.0,21.19,3.66,4.43
2019/01/23,62.1,62.8,62.1,62.2,18.0,1120.0,0.161,0.0274,17.0,-7.0,-5.0,0.0,-12.0,835.0,1.0,4.0,0.0,59.0,0.0,21.23,3.67,4.42
2019/01/24,62.2,62.8,62.2,62.3,22.0,1372.0,0.1608,0.0335,19.0,-9.0,0.0,0.0,-9.0,834.0,2.0,3.0,0.0,59.0,0.0,21.26,3.67,4.41
2019/01/25,62.1,62.5,62.1,62.2,46.0,2864.0,-0.1605,0.0701,39.0,-10.0,-11.0,0.0,-21.0,817.0,0.0,17.0,0.0,59.0,0.0,21.23,3.67,4.42
2019/01/28,62.0,62.0,61.0,61.9,37.0,2282.0,-0.4823,0.0564,30.0,-1.0,-6.0,0.0,-7.0,819.0,4.0,2.0,0.0,59.0,0.0,21.13,3.65,4.44
2019/01/29,62.0,62.2,61.5,62.0,49.0,3036.0,0.1616,0.0747,44.0,-17.0,-5.0,-1.0,-23.0,809.0,0.0,10.0,0.0,59.0,0.0,21.16,3.66,4.44
2019/01/30,61.6,62.5,61.6,62.3,41.0,2543.0,0.4839,0.0625,30.0,-5.0,-13.0,0.0,-18.0,807.0,0.0,2.0,0.0,59.0,0.0,21.26,3.67,4.41
2019/02/11,62.1,63.6,62.0,62.4,74.0,4636.0,0.1605,0.1127,52.0,-2.0,-13.0,0.0,-15.0,784.0,5.0,28.0,0.0,59.0,0.0,21.3,3.68,4.41
2019/02/12,62.4,62.5,62.3,62.4,67.0,4180.0,0.0,0.1021,38.0,-11.0,-5.0,0.0,-16.0,751.0,12.0,45.0,0.0,59.0,0.0,21.3,3.68,4.41
2019/02/13,62.3,62.6,62.3,62.4,43.0,2686.0,0.0,0.0655,37.0,-11.0,-5.0,0.0,-16.0,735.0,3.0,18.0,0.0,59.0,0.0,21.3,3.68,4.41
2019/02/14,62.4,62.5,62.3,62.5,63.0,3931.0,0.1603,0.096,34.0,-21.0,-5.0,0.0,-26.0,736.0,1.0,0.0,0.0,59.0,0.0,21.33,3.69,4.4
2019/02/15,63.0,63.0,62.3,62.6,56.0,3509.0,0.16,0.0853,44.0,-11.0,-5.0,0.0,-16.0,717.0,3.0,22.0,0.0,59.0,0.0,21.37,3.69,4.39
2019/02/18,62.6,62.6,62.1,62.2,30.0,1867.0,-0.639,0.0457,26.0,-8.0,-8.0,0.0,-16.0,714.0,6.0,6.0,0.0,59.0,0.0,21.2287,3.67,4.42
2019/02/19,62.0,62.2,61.3,62.1,50.0,3092.0,-0.1608,0.0762,38.0,1.0,-13.0,0.0,-12.0,707.0,4.0,11.0,6.0,53.0,0.0,21.19,3.66,4.43
2019/02/20,62.4,62.4,62.0,62.3,14.0,872.0,0.3221,0.0213,13.0,3.0,-4.0,0.0,-1.0,703.0,0.0,4.0,0.0,53.0,0.0,21.26,3.67,4.41
2019/02/21,62.1,62.3,61.8,62.0,47.0,2916.0,-0.4815,0.0716,34.0,-16.0,-6.0,0.0,-22.0,695.0,3.0,11.0,0.0,53.0,0.0,21.1604,3.66,4.44
2019/02/22,62.9,62.9,61.9,62.0,36.0,2234.0,0.0,0.0548,31.0,-12.0,-5.0,0.0,-17.0,693.0,6.0,8.0,0.0,53.0,0.0,21.1604,3.66,4.44
2019/02/25,62.0,62.2,62.0,62.2,30.0,1861.0,0.3226,0.0457,17.0,-1.0,-5.0,0.0,-6.0,685.0,0.0,8.0,0.0,53.0,0.0,21.2287,3.67,4.42
2019/02/26,62.2,62.6,62.0,62.1,49.0,3046.0,-0.1608,0.0747,35.0,0.0,-5.0,0.0,-5.0,660.0,1.0,26.0,10.0,43.0,0.0,21.19,3.66,4.43
2019/02/27,62.8,62.8,61.5,62.2,38.0,2360.0,0.161,0.0579,35.0,-14.0,-5.0,0.0,-19.0,660.0,13.0,13.0,0.0,43.0,0.0,21.2287,3.67,4.42
2019/03/04,62.5,66.0,62.5,65.7,149.0,9491.0,5.627,0.227,113.0,3.0,-5.0,0.0,-2.0,662.0,16.0,14.0,15.0,19.0,0.0,22.4232,3.87,4.19
2019/03/05,65.7,65.7,64.2,64.2,40.0,2585.0,-2.2831,0.0609,32.0,-1.0,-10.0,0.0,-11.0,666.0,5.0,1.0,0.0,19.0,0.0,21.91,3.79,4.28
2019/03/06,65.7,65.7,63.5,63.5,29.0,1869.0,-1.0903,0.0442,26.0,-2.0,-4.0,0.0,-6.0,672.0,6.0,0.0,0.0,19.0,0.0,21.6724,3.74,4.33
2019/03/07,63.5,63.5,63.0,63.5,17.0,1075.0,0.0,0.0259,11.0,-2.0,0.0,0.0,-2.0,672.0,1.0,0.0,0.0,19.0,0.0,21.6724,3.74,4.33
2019/03/08,63.0,63.5,63.0,63.0,12.0,757.0,-0.7874,0.0183,12.0,0.0,0.0,0.0,0.0,669.0,1.0,4.0,0.0,19.0,0.0,21.5,3.71,4.37
2019/03/11,63.0,63.5,62.9,63.5,52.0,3283.0,0.7937,0.0792,29.0,2.0,-5.0,0.0,-3.0,656.0,1.0,14.0,15.0,4.0,0.0,21.6724,3.74,4.33
2019/03/12,63.4,64.5,63.4,64.4,53.0,3390.0,1.4173,0.0807,49.0,0.0,-5.0,0.0,-5.0,646.0,3.0,13.0,0.0,4.0,0.0,21.9795,3.8,4.27
2019/03/13,64.5,64.5,63.8,64.0,50.0,3210.0,-0.6211,0.0762,42.0,-1.0,-5.0,3.0,-3.0,638.0,7.0,7.0,0.0,4.0,0.0,21.843,3.77,4.3
2019/03/14,63.5,63.9,63.5,63.5,11.0,699.0,-0.7813,0.0168,6.0,0.0,0.0,0.0,0.0,636.0,0.0,2.0,0.0,4.0,0.0,21.6724,3.74,4.33
2019/03/15,63.2,63.8,63.2,63.2,21.0,1332.0,-0.4724,0.032,20.0,1.0,-5.0,1.0,-3.0,635.0,2.0,3.0,0.0,4.0,0.0,21.57,3.73,4.35
2019/03/18,63.2,63.5,63.1,63.2,53.0,3352.0,0.0,0.0807,45.0,-11.0,-5.0,0.0,-16.0,633.0,5.0,7.0,0.0,4.0,0.0,21.57,3.73,4.35
2019/03/19,63.2,63.4,63.0,63.0,43.0,2715.0,-0.3165,0.0655,30.0,-3.0,-4.0,0.0,-7.0,628.0,0.0,5.0,0.0,4.0,0.0,21.5,3.71,4.37
2019/03/20,63.1,63.6,63.0,63.0,58.0,3655.0,0.0,0.0884,49.0,-19.0,-5.0,0.0,-24.0,640.0,17.0,5.0,0.0,4.0,0.0,21.5,3.71,4.37
2019/03/21,63.5,63.5,62.5,62.7,51.0,3210.0,-0.4762,0.0777,41.0,-22.0,-3.0,0.0,-25.0,641.0,4.0,3.0,4.0,0.0,0.0,21.4,3.7,4.39
2019/03/22,62.6,63.0,62.6,62.7,42.0,2637.0,0.0,0.064,35.0,-10.0,-5.0,0.0,-15.0,640.0,1.0,2.0,0.0,0.0,0.0,21.4,3.7,4.39
2019/03/25,62.7,63.5,62.7,63.0,18.0,1132.0,0.4785,0.0274,14.0,3.0,-5.0,0.0,-2.0,642.0,6.0,4.0,0.0,0.0,0.0,21.5,3.71,4.37
2019/03/26,63.0,63.0,62.8,62.8,30.0,1887.0,-0.3175,0.0457,21.0,3.0,0.0,0.0,3.0,641.0,1.0,2.0,0.0,0.0,0.0,19.5,3.24,4.38
2019/03/27,63.5,63.5,63.2,63.2,14.0,887.0,0.6369,0.0213,12.0,1.0,-4.0,0.0,-3.0,645.0,9.0,5.0,0.0,0.0,0.0,19.63,3.26,4.35
2019/03/28,63.5,64.5,63.0,64.5,82.0,5224.0,2.057,0.1249,48.0,2.0,-5.0,0.0,-3.0,631.0,5.0,19.0,0.0,0.0,0.0,20.03,3.33,4.26
2019/03/29,64.3,64.5,63.6,64.4,53.0,3402.0,-0.155,0.0807,35.0,2.0,-2.0,-4.0,-4.0,626.0,15.0,20.0,0.0,0.0,0.0,20.0,3.32,4.27
2019/04/01,64.0,64.4,63.8,63.8,38.0,2440.0,-0.9317,0.0579,27.0,11.0,0.0,2.0,13.0,612.0,2.0,16.0,0.0,0.0,0.0,19.81,3.29,4.31
2019/04/02,64.0,64.5,63.7,63.7,52.0,3339.0,-0.1567,0.0792,36.0,0.0,-5.0,0.0,-5.0,600.0,7.0,19.0,0.0,0.0,0.0,19.78,3.29,4.32
2019/04/03,64.0,64.2,63.7,64.2,41.0,2626.0,0.7849,0.0625,25.0,-3.0,-5.0,0.0,-8.0,596.0,2.0,6.0,0.0,0.0,0.0,19.94,3.31,4.28
2019/04/08,64.6,65.0,64.3,64.4,77.0,4981.0,0.3115,0.1173,54.0,-6.0,-10.0,0.0,-16.0,594.0,2.0,4.0,0.0,0.0,0.0,20.0,3.32,4.27
2019/04/09,64.5,64.9,64.4,64.9,57.0,3689.0,0.7764,0.0868,37.0,6.0,-10.0,0.0,-4.0,590.0,10.0,14.0,0.0,0.0,0.0,20.16,3.35,4.24
2019/04/10,65.0,68.5,64.9,66.6,190.0,12635.0,2.6194,0.2895,139.0,-17.0,-11.0,0.0,-28.0,586.0,20.0,24.0,0.0,0.0,0.0,20.68,3.44,4.13
2019/04/11,66.5,66.5,64.8,64.9,109.0,7111.0,-2.5526,0.1661,94.0,-6.0,-34.0,0.0,-40.0,584.0,6.0,8.0,0.0,0.0,0.0,20.16,3.35,4.24
2019/04/12,65.0,65.6,64.5,64.9,81.0,5250.0,0.0,0.1234,56.0,-6.0,-17.0,0.0,-23.0,575.0,3.0,12.0,0.0,20.0,20.0,20.16,3.35,4.24
2019/04/15,65.0,65.8,63.9,64.0,60.0,3873.0,-1.3867,0.0914,46.0,-6.0,-3.0,0.0,-9.0,572.0,2.0,5.0,0.0,24.0,4.0,19.88,3.3,4.3
2019/04/16,64.2,64.3,63.5,64.0,82.0,5240.0,0.0,0.1249,54.0,15.0,-22.0,0.0,-7.0,558.0,4.0,18.0,0.0,42.0,18.0,19.88,3.3,4.3
2019/04/17,64.2,64.2,63.5,64.0,83.0,5291.0,0.0,0.1265,62.0,1.0,-8.0,0.0,-7.0,544.0,1.0,15.0,0.0,42.0,0.0,19.88,3.3,4.3
2019/04/18,63.5,63.8,63.5,63.5,105.0,6677.0,-0.7813,0.16,56.0,-17.0,0.0,0.0,-17.0,537.0,10.0,17.0,0.0,42.0,0.0,19.72,3.28,4.33
2019/04/19,63.4,63.9,63.4,63.9,27.0,1713.0,0.6299,0.0411,19.0,1.0,-6.0,0.0,-5.0,538.0,13.0,12.0,0.0,42.0,0.0,19.84,3.3,4.3
2019/04/22,64.0,64.1,63.6,63.9,30.0,1918.0,0.0,0.0457,26.0,-1.0,-5.0,0.0,-6.0,536.0,1.0,3.0,0.0,48.0,6.0,19.84,3.3,4.3
2019/04/23,63.9,63.9,63.3,63.3,24.0,1523.0,-0.939,0.0366,18.0,0.0,0.0,0.0,0.0,539.0,4.0,1.0,0.0,48.0,0.0,19.66,3.27,4.34
2019/04/24,63.5,63.6,63.4,63.5,28.0,1777.0,0.316,0.0427,20.0,-4.0,-5.0,0.0,-9.0,534.0,1.0,6.0,0.0,48.0,0.0,19.72,3.28,4.33
2019/04/25,63.4,63.5,63.3,63.5,56.0,3553.0,0.0,0.0853,43.0,-9.0,-5.0,0.0,-14.0,537.0,13.0,10.0,0.0,48.0,0.0,19.72,3.28,4.33
2019/04/26,63.9,63.9,62.8,63.1,50.0,3168.0,-0.6299,0.0762,37.0,-6.0,-1.0,0.0,-7.0,541.0,7.0,3.0,0.0,48.0,0.0,19.6,3.26,4.36
2019/04/29,63.6,63.8,63.1,63.4,48.0,3056.0,0.4754,0.0731,34.0,-5.0,-5.0,0.0,-10.0,525.0,5.0,21.0,0.0,48.0,0.0,19.69,3.27,4.34
2019/04/30,63.5,63.6,63.4,63.5,15.0,952.0,0.1577,0.0229,9.0,-4.0,-4.0,-2.0,-10.0,524.0,1.0,2.0,4.0,44.0,0.0,19.72,3.28,4.33
2019/05/02,63.6,63.6,63.4,63.4,31.0,1967.0,-0.1575,0.0472,18.0,0.0,-2.0,0.0,-2.0,526.0,7.0,5.0,0.0,44.0,0.0,19.69,3.27,4.34
2019/05/03,63.5,64.0,63.4,63.4,32.0,2034.0,0.0,0.0488,26.0,-4.0,-5.0,0.0,-9.0,527.0,1.0,0.0,0.0,44.0,0.0,19.69,3.27,4.34
2019/05/06,63.0,63.6,62.8,63.4,58.0,3674.0,0.0,0.0884,31.0,-5.0,-5.0,0.0,-10.0,528.0,1.0,0.0,0.0,44.0,0.0,19.69,3.27,4.34
2019/05/07,63.1,63.6,63.1,63.4,47.0,2980.0,0.0,0.0716,28.0,-12.0,-5.0,0.0,-17.0,527.0,3.0,4.0,0.0,44.0,0.0,19.69,3.27,4.34
2019/05/08,63.1,63.5,63.0,63.3,50.0,3162.0,-0.1577,0.0762,33.0,-11.0,-5.0,0.0,-16.0,509.0,5.0,23.0,0.0,44.0,0.0,19.66,3.27,4.34
2019/05/09,63.5,63.5,63.2,63.3,224.0,14196.0,0.0,0.3413,26.0,-14.0,-5.0,0.0,-19.0,505.0,2.0,6.0,0.0,44.0,0.0,18.73,3.08,4.34
2019/05/10,63.3,63.3,62.6,62.7,68.0,4279.0,-0.9479,0.1036,53.0,-9.0,-1.0,0.0,-10.0,476.0,5.0,34.0,0.0,44.0,0.0,18.55,3.05,4.39
2019/05/13,63.0,63.0,61.8,61.8,98.0,6108.0,-1.4354,0.1493,76.0,-6.0,-10.0,1.0,-15.0,452.0,5.0,29.0,0.0,44.0,0.0,18.28,3.01,4.45
2019/05/14,61.3,61.5,60.7,61.5,78.0,4761.0,-0.4854,0.1188,58.0,-6.0,-10.0,2.0,-14.0,435.0,2.0,19.0,0.0,44.0,0.0,18.2,3.0,4.47
2019/05/15,61.4,61.5,61.0,61.2,43.0,2633.0,-0.4878,0.0655,35.0,-5.0,-10.0,0.0,-15.0,437.0,2.0,0.0,0.0,44.0,0.0,18.11,2.98,4.49
2019/05/16,61.7,61.8,61.0,61.3,35.0,2141.0,0.1634,0.0533,28.0,-7.0,-13.0,4.0,-16.0,440.0,3.0,0.0,0.0,44.0,0.0,18.14,2.99,4.49
2019/05/17,61.3,61.5,61.2,61.2,42.0,2572.0,-0.1631,0.064,27.0,-6.0,-15.0,0.0,-21.0,430.0,1.0,11.0,10.0,34.0,0.0,18.11,2.98,4.49
2019/05/20,61.2,61.2,60.5,60.9,65.0,3948.0,-0.4902,0.099,45.0,-9.0,-5.0,1.0,-13.0,397.0,0.0,33.0,0.0,34.0,0.0,18.02,2.97,4.52
2019/05/21,60.9,61.4,60.5,60.9,57.0,3473.0,0.0,0.0868,54.0,9.0,-23.0,1.0,-13.0,377.0,0.0,20.0,0.0,34.0,0.0,18.02,2.97,4.52
2019/05/22,60.6,60.8,60.4,60.7,53.0,3213.0,-0.3284,0.0807,39.0,-9.0,-10.0,0.0,-19.0,364.0,0.0,13.0,2.0,32.0,0.0,17.96,2.96,4.53
2019/05/23,60.7,60.7,60.3,60.5,35.0,2119.0,-0.3295,0.0533,21.0,-11.0,-10.0,0.0,-21.0,359.0,0.0,5.0,10.0,22.0,0.0,17.9,2.95,4.55
2019/05/24,60.8,60.9,60.3,60.8,73.0,4417.0,0.4959,0.1112,54.0,-5.0,-32.0,-1.0,-38.0,344.0,0.0,15.0,0.0,22.0,0.0,17.99,2.96,4.52
2019/05/27,60.8,61.1,60.7,60.9,45.0,2739.0,0.1645,0.0686,32.0,1.0,-14.0,0.0,-13.0,337.0,1.0,8.0,0.0,22.0,0.0,18.02,2.97,4.52
2019/05/28,60.9,61.2,60.8,60.9,37.0,2256.0,0.0,0.0564,34.0,-12.0,-16.0,0.0,-28.0,337.0,0.0,0.0,10.0,12.0,0.0,18.02,2.97,4.52
2019/05/29,60.7,60.9,60.7,60.8,21.0,1276.0,-0.1642,0.032,21.0,2.0,-3.0,0.0,-1.0,334.0,0.0,3.0,0.0,12.0,0.0,17.99,2.96,4.52
2019/05/30,61.0,61.1,60.7,60.7,60.0,3647.0,-0.1645,0.0914,51.0,-11.0,-18.0,-1.0,-30.0,326.0,1.0,7.0,3.0,9.0,0.0,17.96,2.96,4.53
2019/05/31,61.0,61.0,60.7,60.7,40.0,2435.0,0.0,0.0609,40.0,-4.0,-12.0,0.0,-16.0,327.0,1.0,0.0,0.0,9.0,0.0,17.96,2.96,4.53
2019/06/03,60.4,61.2,60.0,61.0,67.0,4042.0,0.4942,0.1021,52.0,4.0,-9.0,0.0,-5.0,325.0,0.0,2.0,0.0,9.0,0.0,18.05,2.97,4.51
2019/06/04,61.0,61.0,60.6,60.8,12.0,729.0,-0.3279,0.0183,5.0,-1.0,0.0,0.0,-1.0,325.0,0.0,0.0,0.0,9.0,0.0,17.99,2.96,4.52
2019/06/05,60.9,61.1,60.9,60.9,18.0,1099.0,0.1645,0.0274,18.0,-10.0,0.0,-1.0,-11.0,324.0,0.0,1.0,0.0,9.0,0.0,18.02,2.97,4.52
2019/06/06,61.3,61.7,61.0,61.1,43.0,2634.0,0.3284,0.0655,42.0,-9.0,-10.0,-1.0,-20.0,325.0,1.0,0.0,0.0,9.0,0.0,18.08,2.98,4.5
2019/06/10,61.4,61.5,61.0,61.0,22.0,1344.0,-0.1637,0.0335,21.0,-6.0,-6.0,0.0,-12.0,324.0,0.0,1.0,0.0,9.0,0.0,18.05,2.97,4.51
2019/06/11,62.3,62.3,61.0,61.1,34.0,2093.0,0.1639,0.0518,33.0,-11.0,-10.0,0.0,-21.0,326.0,2.0,0.0,0.0,9.0,0.0,18.08,2.98,4.5
2019/06/12,61.2,61.3,61.2,61.3,23.0,1409.0,0.3273,0.035,19.0,-10.0,0.0,0.0,-10.0,324.0,1.0,3.0,0.0,9.0,0.0,18.14,2.99,4.49
2019/06/13,61.4,61.4,61.1,61.1,20.0,1237.0,-0.3263,0.0305,18.0,-5.0,-6.0,0.0,-11.0,326.0,2.0,0.0,0.0,9.0,0.0,18.08,2.98,4.5
2019/06/14,61.1,61.8,61.1,61.6,39.0,2407.0,0.8183,0.0594,29.0,-13.0,0.0,0.0,-13.0,327.0,3.0,2.0,0.0,9.0,0.0,18.22,3.0,4.46
2019/06/17,61.8,63.4,61.8,62.8,151.0,9521.0,1.9481,0.2301,115.0,-6.0,-10.0,0.0,-16.0,340.0,18.0,5.0,0.0,9.0,0.0,18.58,3.06,4.38
2019/06/18,63.4,63.6,62.8,62.8,112.0,7086.0,0.0,0.1706,86.0,-11.0,-10.0,0.0,-21.0,357.0,19.0,2.0,0.0,9.0,0.0,18.58,3.06,4.38
2019/06/19,62.9,63.1,62.3,62.5,154.0,9660.0,-0.4777,0.2346,80.0,-4.0,-48.0,0.0,-52.0,356.0,5.0,6.0,0.0,9.0,0.0,18.49,3.04,4.4
2019/06/20,62.4,63.0,62.1,62.9,66.0,4133.0,0.64,0.1006,56.0,-2.0,-20.0,2.0,-20.0,350.0,1.0,7.0,0.0,9.0,0.0,18.61,3.06,4.37
2019/06/21,63.3,64.0,63.2,63.5,91.0,5787.0,0.9539,0.1386,76.0,15.0,-29.0,0.0,-14.0,345.0,3.0,8.0,0.0,9.0,0.0,18.79,3.09,4.33
2019/06/24,63.5,64.2,63.5,63.8,66.0,4206.0,0.4724,0.1006,57.0,14.0,-20.0,0.0,-6.0,346.0,9.0,8.0,0.0,9.0,0.0,18.88,3.11,4.31
2019/06/25,63.8,64.3,63.4,63.6,82.0,5223.0,-0.3135,0.1249,75.0,-7.0,-25.0,0.0,-32.0,339.0,6.0,13.0,0.0,9.0,0.0,18.82,3.1,4.32
2019/06/26,63.6,63.6,62.8,63.0,61.0,3853.0,-0.9434,0.0929,54.0,-3.0,-6.0,0.0,-9.0,339.0,4.0,4.0,0.0,9.0,0.0,18.64,3.07,4.37
2019/06/27,63.1,63.3,62.5,62.5,112.0,7028.0,-0.7937,0.1706,93.0,3.0,-20.0,0.0,-17.0,327.0,3.0,15.0,9.0,0.0,0.0,18.49,3.04,4.4
2019/06/28,63.2,63.2,62.3,63.0,29.0,1838.0,0.8,0.0442,26.0,5.0,-10.0,0.0,-5.0,325.0,3.0,5.0,0.0,0.0,0.0,18.64,3.07,4.37
2019/07/01,63.0,63.0,62.4,62.6,55.0,3448.0,-0.6349,0.0838,52.0,-1.0,-20.0,0.0,-21.0,325.0,1.0,1.0,0.0,0.0,0.0,18.52,3.05,4.39
2019/07/02,62.6,63.0,61.8,62.3,140.0,8694.0,-0.4792,0.2133,112.0,7.0,-35.0,0.0,-28.0,327.0,5.0,3.0,0.0,0.0,0.0,18.43,3.03,4.41
2019/07/03,62.3,62.3,61.7,62.0,116.0,7209.0,-0.4815,0.1767,83.0,6.0,-10.0,0.0,-4.0,331.0,4.0,0.0,0.0,0.0,0.0,18.34,3.02,4.44
2019/07/04,59.8,60.8,59.8,60.6,114.0,6891.0,2.1774,0.1737,92.0,26.0,0.0,0.0,26.0,319.0,3.0,15.0,0.0,0.0,0.0,17.93,2.95,4.54
2019/07/05,60.6,60.7,60.4,60.6,37.0,2238.0,0.0,0.0564,33.0,2.0,0.0,0.0,2.0,305.0,0.0,14.0,0.0,4.0,4.0,17.93,2.95,4.54
2019/07/08,60.8,61.5,60.8,61.1,52.0,3186.0,0.8251,0.0792,44.0,3.0,0.0,0.0,3.0,301.0,10.0,14.0,0.0,4.0,0.0,18.08,2.98,4.5
2019/07/09,61.3,61.6,61.1,61.2,46.0,2850.0,0.1637,0.0701,34.0,2.0,0.0,0.0,2.0,299.0,3.0,5.0,0.0,8.0,4.0,18.11,2.98,4.49
2019/07/10,62.6,62.7,61.5,61.7,163.0,10080.0,0.817,0.2483,126.0,-11.0,-10.0,0.0,-21.0,288.0,14.0,25.0,0.0,8.0,0.0,18.25,3.01,4.46
2019/07/11,61.7,61.8,61.2,61.4,84.0,5165.0,-0.4862,0.128,68.0,-5.0,-10.0,0.0,-15.0,285.0,7.0,10.0,0.0,8.0,0.0,18.17,2.99,4.48
2019/07/12,61.4,61.6,61.4,61.6,25.0,1538.0,0.3257,0.0381,21.0,-3.0,0.0,0.0,-3.0,282.0,0.0,3.0,0.0,8.0,0.0,18.22,3.0,4.46
2019/07/15,61.6,62.5,61.1,61.4,89.0,5493.0,-0.3247,0.1356,57.0,-15.0,-5.0,15.0,-5.0,267.0,8.0,23.0,0.0,8.0,0.0,18.17,2.99,4.48
2019/07/16,61.4,61.4,61.0,61.3,57.0,3484.0,-0.1629,0.0868,52.0,-7.0,-5.0,-16.0,-28.0,271.0,11.0,7.0,0.0,8.0,0.0,18.14,2.99,4.49
2019/07/17,61.0,61.2,60.8,60.9,71.0,4327.0,-0.6525,0.1082,49.0,-6.0,-10.0,0.0,-16.0,262.0,6.0,15.0,0.0,8.0,0.0,18.02,2.97,4.52
2019/07/18,60.9,61.2,60.8,60.9,57.0,3473.0,0.0,0.0868,45.0,-3.0,-10.0,0.0,-13.0,258.0,2.0,6.0,0.0,8.0,0.0,18.02,2.97,4.52
2019/07/19,61.1,61.4,60.9,60.9,638.0,38858.0,0.0,0.972,35.0,0.0,-10.0,0.0,-10.0,258.0,0.0,0.0,0.0,8.0,0.0,18.02,2.97,4.52
2019/07/22,61.0,61.3,60.8,60.8,58.0,3535.0,-0.1642,0.0884,48.0,3.0,-10.0,3.0,-4.0,233.0,1.0,26.0,0.0,8.0,0.0,17.99,2.96,4.52
2019/07/23,61.0,61.3,60.8,61.0,55.0,3362.0,0.3289,0.0838,43.0,-11.0,-10.0,-1.0,-22.0,236.0,4.0,1.0,0.0,8.0,0.0,18.05,2.97,4.51
2019/07/24,61.0,61.0,60.7,60.9,44.0,2680.0,-0.1639,0.067,36.0,-9.0,-10.0,0.0,-19.0,236.0,0.0,0.0,0.0,8.0,0.0,18.02,2.97,4.52
2019/07/25,61.3,61.3,60.5,60.5,47.0,2853.0,-0.6568,0.0716,44.0,-2.0,-10.0,0.0,-12.0,222.0,5.0,19.0,0.0,8.0,0.0,17.9,2.95,4.55
2019/07/26,61.3,61.3,60.6,60.8,58.0,3527.0,0.4959,0.0884,43.0,-2.0,-10.0,0.0,-12.0,225.0,3.0,0.0,0.0,8.0,0.0,17.99,2.96,4.52
2019/07/29,60.6,60.9,60.6,60.8,51.0,3103.0,0.0,0.0777,35.0,-3.0,-5.0,-1.0,-9.0,223.0,0.0,2.0,0.0,8.0,0.0,17.99,2.96,4.52
2019/07/30,60.8,61.1,60.6,60.8,16.0,977.0,0.0,0.0244,17.0,-7.0,0.0,0.0,-7.0,222.0,1.0,2.0,0.0,8.0,0.0,17.99,2.96,4.52
2019/07/31,61.0,61.0,60.7,60.7,19.0,1159.0,-0.1645,0.0289,18.0,-1.0,0.0,0.0,-1.0,220.0,0.0,2.0,0.0,8.0,0.0,17.96,2.96,4.53
2019/08/01,60.7,60.7,59.9,60.3,100.0,6018.0,-0.659,0.1524,69.0,-11.0,0.0,0.0,-11.0,219.0,3.0,4.0,0.0,8.0,0.0,17.84,2.94,4.56
2019/08/02,60.2,60.2,59.7,59.7,101.0,6044.0,-0.995,0.1539,77.0,-15.0,0.0,0.0,-15.0,224.0,5.0,0.0,0.0,12.0,4.0,17.66,2.91,4.61
2019/08/05,59.5,59.5,58.4,58.5,98.0,5802.0,-2.0101,0.1493,89.0,-6.0,0.0,0.0,-6.0,220.0,5.0,9.0,0.0,12.0,0.0,17.31,2.85,4.7
2019/08/06,57.1,58.4,56.9,58.4,63.0,3663.0,-0.1709,0.096,58.0,-2.0,0.0,-1.0,-3.0,221.0,1.0,0.0,0.0,12.0,0.0,17.28,2.84,4.71
2019/08/07,58.0,58.6,58.0,58.0,33.0,1927.0,-0.6849,0.0503,33.0,1.0,0.0,0.0,1.0,223.0,2.0,0.0,0.0,12.0,0.0,17.16,2.83,4.74
2019/08/08,58.9,58.9,57.8,58.5,52.0,3028.0,0.8621,0.0792,39.0,-3.0,0.0,0.0,-3.0,223.0,2.0,2.0,0.0,12.0,0.0,16.71,3.21,4.7
2019/08/12,60.6,60.6,58.6,58.6,19.0,1119.0,0.1709,0.0289,18.0,0.0,0.0,0.0,0.0,222.0,1.0,2.0,0.0,12.0,0.0,16.74,3.21,4.69
2019/08/13,58.6,58.9,58.5,58.9,21.0,1229.0,0.5119,0.032,16.0,1.0,0.0,0.0,1.0,218.0,0.0,2.0,0.0,12.0,0.0,16.83,3.23,4.67
2019/08/14,58.9,60.1,58.8,59.0,22.0,1298.0,0.1698,0.0335,21.0,1.0,0.0,0.0,1.0,216.0,0.0,2.0,0.0,12.0,0.0,16.86,3.24,4.66
2019/08/15,58.5,59.6,58.5,59.5,35.0,2065.0,0.8475,0.0533,29.0,-1.0,0.0,0.0,-1.0,225.0,12.0,3.0,0.0,12.0,0.0,17.0,3.26,4.62
2019/08/16,60.4,60.4,59.5,59.6,23.0,1373.0,0.1681,0.035,17.0,-1.0,0.0,0.0,-1.0,224.0,0.0,1.0,0.0,12.0,0.0,17.03,3.27,4.61
2019/08/19,59.6,59.6,59.1,59.1,14.0,830.0,-0.8389,0.0213,13.0,-1.0,0.0,0.0,-1.0,223.0,0.0,1.0,0.0,12.0,0.0,16.89,3.24,4.65
2019/08/20,59.9,59.9,59.1,59.3,45.0,2674.0,0.3384,0.0686,15.0,-28.0,0.0,0.0,-28.0,218.0,1.0,6.0,0.0,12.0,0.0,16.94,3.25,4.64
2019/08/21,59.5,59.5,59.0,59.2,16.0,947.0,-0.1686,0.0244,16.0,2.0,0.0,-1.0,1.0,213.0,0.0,5.0,0.0,12.0,0.0,16.91,3.25,4.65
2019/08/22,59.8,59.8,59.1,59.1,5.0,302.0,-0.1689,0.0076,8.0,0.0,0.0,0.0,0.0,213.0,0.0,0.0,0.0,12.0,0.0,16.89,3.24,4.65
2019/08/23,59.0,59.1,58.6,58.6,26.0,1533.0,-0.846,0.0396,23.0,0.0,0.0,0.0,0.0,213.0,0.0,0.0,0.0,12.0,0.0,16.74,3.21,4.69
2019/08/26,59.0,59.0,57.8,57.8,28.0,1630.0,-1.3652,0.0427,22.0,-13.0,0.0,0.0,-13.0,214.0,1.0,0.0,0.0,12.0,0.0,16.51,3.17,4.76
2019/08/27,58.5,58.5,57.9,57.9,13.0,753.0,0.173,0.0198,13.0,-1.0,0.0,0.0,-1.0,212.0,0.0,2.0,0.0,12.0,0.0,16.54,3.18,4.75
2019/08/28,58.9,58.9,57.9,57.9,21.0,1221.0,0.0,0.032,21.0,0.0,0.0,0.0,0.0,213.0,1.0,0.0,0.0,12.0,0.0,16.54,3.18,4.75
2019/08/29,57.9,58.0,57.6,57.7,27.0,1557.0,-0.3454,0.0411,21.0,-11.0,0.0,0.0,-11.0,213.0,0.0,0.0,0.0,12.0,0.0,16.49,3.17,4.77
2019/08/30,58.6,58.6,57.7,57.9,47.0,2719.0,0.3466,0.0716,32.0,6.0,0.0,0.0,6.0,212.0,0.0,1.0,0.0,12.0,0.0,16.54,3.18,4.75
2019/09/02,57.8,58.4,57.8,58.3,63.0,3666.0,0.6908,0.096,32.0,0.0,-7.0,0.0,-7.0,210.0,0.0,2.0,0.0,12.0,0.0,16.66,3.2,4.72
2019/09/03,58.6,58.6,58.0,58.1,41.0,2382.0,-0.3431,0.0625,19.0,0.0,0.0,0.0,0.0,210.0,0.0,0.0,0.0,12.0,0.0,16.6,3.19,4.73
2019/09/04,58.1,58.1,58.0,58.1,49.0,2844.0,0.0,0.0747,23.0,0.0,-15.0,0.0,-15.0,210.0,0.0,0.0,0.0,12.0,0.0,16.6,3.19,4.73
2019/09/05,58.1,58.3,57.7,58.1,41.0,2379.0,0.0,0.0625,30.0,-2.0,0.0,0.0,-2.0,210.0,0.0,0.0,0.0,12.0,0.0,16.6,3.19,4.73
2019/09/06,58.1,58.4,57.9,57.9,28.0,1625.0,-0.3442,0.0427,13.0,0.0,0.0,0.0,0.0,210.0,0.0,0.0,0.0,12.0,0.0,16.54,3.18,4.75
2019/09/09,57.9,58.2,57.9,58.2,23.0,1334.0,0.5181,0.035,18.0,2.0,-10.0,0.0,-8.0,210.0,0.0,0.0,0.0,12.0,0.0,16.63,3.19,4.73
2019/09/10,58.2,58.2,57.8,58.0,40.0,2321.0,-0.3436,0.0609,32.0,0.0,0.0,0.0,0.0,203.0,1.0,8.0,0.0,12.0,0.0,16.57,3.18,4.74
2019/09/11,58.0,58.3,57.9,58.3,29.0,1684.0,0.5172,0.0442,18.0,2.0,0.0,0.0,2.0,196.0,0.0,7.0,0.0,12.0,0.0,16.66,3.2,4.72
2019/09/12,58.3,59.0,58.2,59.0,32.0,1875.0,1.2007,0.0488,21.0,0.0,0.0,0.0,0.0,190.0,0.0,6.0,0.0,12.0,0.0,16.86,3.24,4.66
2019/09/16,59.1,59.1,58.7,58.7,55.0,3242.0,-0.5085,0.0838,44.0,-1.0,0.0,0.0,-1.0,178.0,0.0,12.0,0.0,12.0,0.0,16.77,3.22,4.68
2019/09/17,58.7,58.7,58.4,58.5,23.0,1346.0,-0.3407,0.035,22.0,2.0,-12.0,0.0,-10.0,179.0,1.0,0.0,0.0,12.0,0.0,16.71,3.21,4.7
2019/09/18,58.4,58.7,58.2,58.7,48.0,2803.0,0.3419,0.0731,32.0,12.0,0.0,0.0,12.0,179.0,0.0,0.0,0.0,12.0,0.0,16.77,3.22,4.68
2019/09/19,58.6,58.7,58.3,58.5,39.0,2279.0,-0.3407,0.0594,27.0,2.0,-19.0,0.0,-17.0,176.0,0.0,3.0,0.0,12.0,0.0,16.71,3.21,4.7
2019/09/20,58.5,58.6,58.3,58.6,21.0,1226.0,0.1709,0.032,12.0,2.0,0.0,0.0,2.0,176.0,0.0,0.0,0.0,12.0,0.0,16.74,3.21,4.69
2019/09/23,58.5,58.6,58.5,58.5,19.0,1120.0,-0.1706,0.0289,16.0,1.0,0.0,0.0,1.0,171.0,0.0,5.0,0.0,12.0,0.0,16.71,3.21,4.7
2019/09/24,58.5,59.0,58.3,58.9,34.0,1988.0,0.6838,0.0518,22.0,-10.0,-4.0,-1.0,-15.0,168.0,1.0,4.0,0.0,12.0,0.0,16.83,3.23,4.67
2019/09/25,58.5,58.6,58.3,58.6,11.0,643.0,-0.5093,0.0168,9.0,0.0,0.0,0.0,0.0,164.0,0.0,4.0,0.0,12.0,0.0,16.74,3.21,4.69
2019/09/26,58.6,58.6,58.3,58.3,26.0,1520.0,-0.5119,0.0396,16.0,-4.0,0.0,0.0,-4.0,166.0,2.0,0.0,0.0,12.0,0.0,16.66,3.2,4.72
2019/09/27,58.3,58.3,57.8,58.0,25.0,1450.0,-0.5146,0.0381,21.0,-14.0,-9.0,0.0,-23.0,162.0,0.0,0.0,0.0,12.0,0.0,16.57,3.18,4.74
2019/10/01,58.0,58.5,57.8,58.5,29.0,1680.0,0.8621,0.0442,21.0,-10.0,-9.0,0.0,-19.0,162.0,0.0,0.0,4.0,8.0,0.0,16.71,3.21,4.7
2019/10/02,58.5,58.5,58.5,58.5,0.0,0.0,0.0,0.0,0.0,0.0,0.0,0.0,0.0,162.0,0.0,0.0,0.0,8.0,0.0,16.71,3.21,4.7
2019/10/03,58.0,58.3,57.7,58.3,12.0,696.0,-0.3419,0.0183,13.0,-7.0,0.0,0.0,-7.0,162.0,0.0,0.0,0.0,8.0,0.0,16.66,3.2,4.72
2019/10/04,57.7,58.1,57.6,58.0,33.0,1910.0,-0.5146,0.0503,28.0,-10.0,0.0,0.0,-10.0,157.0,0.0,5.0,0.0,8.0,0.0,16.57,3.18,4.74
2019/10/07,58.0,58.0,57.6,57.6,53.0,3058.0,-0.6897,0.0807,37.0,-5.0,-6.0,0.0,-11.0,152.0,0.0,5.0,0.0,8.0,0.0,16.46,3.16,4.77
2019/10/08,57.6,57.7,57.5,57.6,29.0,1670.0,0.0,0.0442,24.0,0.0,-6.0,0.0,-6.0,146.0,0.0,6.0,0.0,8.0,0.0,16.46,3.16,4.77
2019/10/09,57.5,57.6,57.2,57.3,35.0,2007.0,-0.5208,0.0533,27.0,-3.0,-7.0,0.0,-10.0,143.0,0.0,3.0,0.0,8.0,0.0,16.37,3.14,4.8
2019/10/14,58.0,58.0,57.5,57.8,17.0,982.0,0.8726,0.0259,15.0,-1.0,0.0,0.0,-1.0,148.0,5.0,0.0,0.0,8.0,0.0,16.51,3.17,4.76
2019/10/15,57.8,57.8,57.5,57.5,25.0,1439.0,-0.519,0.0381,23.0,0.0,-7.0,0.0,-7.0,148.0,0.0,0.0,0.0,8.0,0.0,16.43,3.15,4.78
2019/10/16,57.7,58.0,57.5,57.8,30.0,1732.0,0.5217,0.0457,24.0,5.0,0.0,0.0,5.0,148.0,0.0,0.0,0.0,8.0,0.0,16.51,3.17,4.76
2019/10/17,58.0,58.3,58.0,58.2,26.0,1516.0,0.692,0.0396,21.0,2.0,0.0,0.0,2.0,148.0,0.0,0.0,4.0,4.0,0.0,16.63,3.19,4.73
2019/10/18,58.2,58.7,58.2,58.7,27.0,1576.0,0.8591,0.0411,18.0,3.0,0.0,0.0,3.0,149.0,1.0,0.0,0.0,4.0,0.0,16.77,3.22,4.68
2019/10/21,58.7,58.7,58.5,58.5,29.0,1700.0,-0.3407,0.0442,25.0,2.0,-8.0,0.0,-6.0,145.0,0.0,4.0,0.0,4.0,0.0,16.71,3.21,4.7
2019/10/22,59.0,59.5,58.5,59.3,41.0,2417.0,1.3675,0.0625,27.0,1.0,0.0,0.0,1.0,146.0,1.0,0.0,4.0,0.0,0.0,16.94,3.25,4.64
2019/10/23,59.3,59.3,59.0,59.0,4.0,236.0,-0.5059,0.0061,4.0,0.0,0.0,0.0,0.0,146.0,0.0,0.0,0.0,0.0,0.0,16.86,3.24,4.66
2019/10/24,59.0,59.5,59.0,59.5,16.0,959.0,0.8475,0.0244,17.0,2.0,-7.0,0.0,-5.0,146.0,0.0,0.0,0.0,0.0,0.0,17.0,3.26,4.62
2019/10/25,59.1,60.0,59.0,59.6,55.0,3274.0,0.1681,0.0838,48.0,1.0,-7.0,0.0,-6.0,145.0,2.0,3.0,0.0,0.0,0.0,17.03,3.27,4.61
2019/10/28,59.6,59.6,59.3,59.6,11.0,653.0,0.0,0.0168,11.0,1.0,0.0,0.0,1.0,144.0,0.0,1.0,0.0,0.0,0.0,17.03,3.27,4.61
2019/10/29,59.5,59.5,59.0,59.2,33.0,1953.0,-0.6711,0.0503,24.0,-2.0,-7.0,0.0,-9.0,136.0,0.0,8.0,0.0,0.0,0.0,16.91,3.25,4.65
2019/10/30,59.5,59.5,58.8,58.8,21.0,1238.0,-0.6757,0.032,21.0,2.0,0.0,0.0,2.0,136.0,0.0,0.0,0.0,0.0,0.0,16.8,3.23,4.68
2019/10/31,58.8,58.9,58.6,58.6,21.0,1233.0,-0.3401,0.032,20.0,0.0,-7.0,0.0,-7.0,136.0,0.0,0.0,0.0,0.0,0.0,16.74,3.21,4.69
2019/11/01,58.7,58.7,58.6,58.6,18.0,1055.0,0.0,0.0274,18.0,0.0,-7.0,0.0,-7.0,136.0,0.0,0.0,0.0,0.0,0.0,16.74,3.21,4.69
2019/11/04,59.6,59.6,58.6,58.6,17.0,1001.0,0.0,0.0259,17.0,0.0,0.0,0.0,0.0,136.0,0.0,0.0,0.0,0.0,0.0,16.74,3.21,4.69
2019/11/05,58.8,59.2,58.5,58.7,20.0,1176.0,0.1706,0.0305,19.0,0.0,0.0,0.0,0.0,136.0,0.0,0.0,0.0,0.0,0.0,16.77,3.22,4.68
2019/11/06,58.7,58.7,58.5,58.7,7.0,469.0,0.0,0.0107,10.0,1.0,0.0,0.0,1.0,136.0,0.0,0.0,0.0,0.0,0.0,16.77,3.22,4.68
2019/11/07,58.7,58.7,58.7,58.7,3.0,176.0,0.0,0.0046,3.0,0.0,0.0,0.0,0.0,136.0,0.0,0.0,0.0,0.0,0.0,16.77,3.22,4.68
2019/11/08,58.9,58.9,58.6,58.6,10.0,587.0,-0.1704,0.0152,9.0,0.0,0.0,0.0,0.0,138.0,2.0,0.0,0.0,0.0,0.0,17.92,3.2,4.69
2019/11/11,57.1,57.3,55.8,56.2,225.0,12716.0,-4.0956,0.3428,177.0,-6.0,-4.0,0.0,-10.0,136.0,11.0,13.0,0.0,0.0,0.0,17.19,3.07,4.89
2019/11/12,56.1,56.8,55.8,56.7,131.0,7337.0,0.8897,0.1996,106.0,-9.0,-11.0,0.0,-20.0,135.0,1.0,2.0,0.0,0.0,0.0,17.34,3.09,4.85
2019/11/13,56.7,56.7,55.3,55.4,98.0,5480.0,-2.2928,0.1493,92.0,-5.0,-14.0,0.0,-19.0,145.0,10.0,0.0,0.0,0.0,0.0,16.94,3.02,4.96
2019/11/14,55.4,55.5,55.3,55.5,52.0,2880.0,0.1805,0.0792,47.0,0.0,0.0,0.0,0.0,145.0,0.0,0.0,0.0,0.0,0.0,16.97,3.03,4.95
2019/11/15,55.5,55.7,55.2,55.4,60.0,3321.0,-0.1802,0.0914,50.0,0.0,-13.0,0.0,-13.0,146.0,1.0,0.0,0.0,0.0,0.0,16.94,3.02,4.96
2019/11/18,55.9,56.0,54.8,54.8,83.0,4576.0,-1.083,0.1265,69.0,-1.0,-18.0,0.0,-19.0,147.0,1.0,0.0,0.0,0.0,0.0,16.76,2.99,5.02
2019/11/19,54.8,55.4,54.8,55.0,65.0,3575.0,0.365,0.099,53.0,0.0,-21.0,0.0,-21.0,147.0,0.0,0.0,0.0,0.0,0.0,16.82,3.0,5.0
2019/11/20,55.2,55.2,54.6,55.0,43.0,2354.0,0.0,0.0655,40.0,4.0,-1.0,0.0,3.0,144.0,1.0,4.0,0.0,0.0,0.0,16.82,3.0,5.0
2019/11/21,54.3,54.4,54.0,54.4,62.0,3360.0,-1.0909,0.0945,58.0,-2.0,-41.0,0.0,-43.0,143.0,0.0,1.0,0.0,0.0,0.0,16.64,2.97,5.06
2019/11/22,54.5,54.6,54.0,54.0,49.0,2653.0,-0.7353,0.0747,49.0,0.0,-21.0,0.0,-21.0,143.0,0.0,0.0,0.0,0.0,0.0,16.51,2.95,5.09
2019/11/25,54.0,54.3,53.6,54.2,46.0,2478.0,0.3704,0.0701,34.0,0.0,-10.0,0.0,-10.0,144.0,1.0,0.0,0.0,0.0,0.0,16.57,2.96,5.07
2019/11/26,53.7,54.0,53.7,54.0,29.0,1564.0,-0.369,0.0442,23.0,0.0,-20.0,0.0,-20.0,145.0,1.0,0.0,0.0,0.0,0.0,16.51,2.95,5.09
2019/11/27,54.0,54.0,53.7,53.7,32.0,1723.0,-0.5556,0.0488,32.0,-1.0,-15.0,0.0,-16.0,146.0,1.0,0.0,0.0,0.0,0.0,16.42,2.93,5.12
2019/11/28,53.7,54.0,53.3,54.0,90.0,4813.0,0.5587,0.1371,73.0,0.0,-10.0,0.0,-10.0,149.0,5.0,2.0,0.0,0.0,0.0,16.51,2.95,5.09
2019/11/29,54.0,54.0,53.2,53.3,125.0,6692.0,-1.2963,0.1904,97.0,-8.0,0.0,0.0,-8.0,150.0,1.0,0.0,0.0,0.0,0.0,16.3,2.91,5.16
2019/12/02,53.0,53.2,51.9,52.0,146.0,7655.0,-2.439,0.2224,117.0,2.0,0.0,0.0,2.0,154.0,4.0,0.0,0.0,0.0,0.0,15.9,2.84,5.29
2019/12/03,51.9,52.0,50.5,50.7,381.0,19485.0,-2.5,0.5805,239.0,4.0,-35.0,0.0,-31.0,170.0,16.0,0.0,0.0,0.0,0.0,15.5,2.77,5.42
2019/12/04,50.7,51.7,49.9,50.4,334.0,16740.0,-0.5917,0.5089,252.0,-12.0,-25.0,0.0,-37.0,216.0,46.0,0.0,0.0,0.0,0.0,15.41,2.75,5.46
2019/12/05,50.4,50.4,49.95,50.3,117.0,5854.0,-0.1984,0.1783,79.0,-21.0,-25.0,0.0,-46.0,219.0,3.0,0.0,0.0,0.0,0.0,15.38,2.74,5.47
2019/12/06,50.1,50.1,49.5,49.65,164.0,8160.0,-1.2922,0.2499,137.0,-12.0,-40.0,0.0,-52.0,213.0,1.0,2.0,0.0,0.0,0.0,15.18,2.71,5.54
2019/12/09,50.3,50.3,49.25,49.3,176.0,8736.0,-0.7049,0.2681,110.0,11.0,-25.0,0.0,-14.0,218.0,5.0,0.0,0.0,0.0,0.0,15.08,2.69,5.58
2019/12/10,50.0,50.1,49.3,49.5,112.0,5547.0,0.4057,0.1706,93.0,-8.0,-52.0,0.0,-60.0,229.0,11.0,0.0,0.0,0.0,0.0,15.14,2.7,5.56
2019/12/11,50.0,50.9,49.8,50.6,113.0,5671.0,2.2222,0.1722,93.0,-2.0,-25.0,0.0,-27.0,224.0,2.0,7.0,0.0,0.0,0.0,15.47,2.76,5.43
2019/12/12,50.9,50.9,50.4,50.8,104.0,5262.0,0.3953,0.1584,91.0,-6.0,-20.0,0.0,-26.0,211.0,6.0,18.0,0.0,0.0,0.0,15.54,2.77,5.41
2019/12/13,51.3,51.3,50.1,50.6,104.0,5269.0,-0.3937,0.1584,82.0,-6.0,-20.0,0.0,-26.0,211.0,4.0,4.0,0.0,0.0,0.0,15.47,2.76,5.43
2019/12/16,50.6,50.9,49.8,50.0,103.0,5199.0,-1.1858,0.1569,80.0,4.0,0.0,0.0,4.0,211.0,1.0,1.0,0.0,0.0,0.0,15.29,2.73,5.5
2019/12/17,50.8,50.8,50.0,50.7,70.0,3512.0,1.4,0.1066,64.0,3.0,0.0,0.0,3.0,213.0,2.0,0.0,0.0,0.0,0.0,15.5,2.77,5.42
2019/12/18,50.3,50.6,50.1,50.5,55.0,2760.0,-0.3945,0.0838,50.0,3.0,-30.0,0.0,-27.0,215.0,2.0,0.0,0.0,0.0,0.0,15.44,2.76,5.45
2019/12/19,50.8,50.8,49.9,50.1,63.0,3156.0,-0.7921,0.096,56.0,-1.0,-43.0,0.0,-44.0,216.0,1.0,0.0,0.0,0.0,0.0,15.32,2.73,5.49
2019/12/20,50.5,50.5,50.0,50.1,58.0,2910.0,0.0,0.0884,48.0,-1.0,-30.0,0.0,-31.0,215.0,0.0,1.0,0.0,0.0,0.0,15.32,2.73,5.49
2019/12/23,50.4,50.4,50.1,50.4,30.0,1509.0,0.5988,0.0457,29.0,2.0,0.0,0.0,2.0,210.0,1.0,6.0,0.0,0.0,0.0,15.41,2.75,5.46
2019/12/24,50.3,51.2,50.1,51.0,78.0,3939.0,1.1905,0.1188,63.0,4.0,-24.0,0.0,-20.0,208.0,1.0,3.0,0.0,0.0,0.0,15.6,2.78,5.39
2019/12/25,50.7,51.4,50.7,51.2,77.0,3936.0,0.3922,0.1173,69.0,1.0,-15.0,0.0,-14.0,209.0,2.0,1.0,0.0,0.0,0.0,15.66,2.79,5.37
2019/12/26,51.2,51.3,51.0,51.2,114.0,5834.0,0.0,0.1737,71.0,-4.0,0.0,0.0,-4.0,207.0,0.0,2.0,0.0,0.0,0.0,15.66,2.79,5.37
2019/12/27,51.3,51.3,50.8,51.2,103.0,5260.0,0.0,0.1569,68.0,-1.0,0.0,0.0,-1.0,207.0,1.0,1.0,0.0,0.0,0.0,15.66,2.79,5.37
2019/12/30,51.2,51.2,50.5,50.8,92.0,4664.0,-0.7813,0.1402,79.0,-5.0,-40.0,0.0,-45.0,208.0,1.0,0.0,0.0,0.0,0.0,15.54,2.77,5.41
2019/12/31,50.5,50.8,50.2,50.4,116.0,5844.0,-0.7874,0.1767,95.0,-6.0,-52.0,0.0,-58.0,207.0,0.0,1.0,0.0,0.0,0.0,15.41,2.75,5.46
2020/01/02,51.1,51.1,50.5,50.6,68.0,3446.0,0.3968,0.1036,63.0,14.0,-20.0,0.0,-6.0,205.0,0.0,2.0,0.0,0.0,0.0,15.47,2.76,5.43
2020/01/03,50.6,50.9,50.5,50.5,43.0,2176.0,-0.1976,0.0655,36.0,8.0,-5.0,0.0,3.0,204.0,0.0,1.0,0.0,0.0,0.0,15.44,2.76,5.45
2020/01/06,50.5,50.8,50.5,50.5,54.0,2729.0,0.0,0.0823,43.0,-2.0,0.0,0.0,-2.0,202.0,1.0,3.0,0.0,0.0,0.0,15.44,2.76,5.45
2020/01/07,50.8,51.2,50.5,51.2,97.0,4935.0,1.3861,0.1478,75.0,6.0,0.0,0.0,6.0,218.0,16.0,0.0,0.0,0.0,0.0,15.66,2.79,5.37
2020/01/08,51.3,51.4,51.0,51.3,45.0,2303.0,0.1953,0.0686,39.0,-5.0,0.0,0.0,-5.0,218.0,4.0,4.0,0.0,0.0,0.0,15.69,2.8,5.36
2020/01/09,51.4,51.4,50.1,50.7,99.0,5034.0,-1.1696,0.1508,90.0,-4.0,-34.0,0.0,-38.0,214.0,14.0,16.0,0.0,0.0,0.0,15.5,2.77,5.42
2020/01/10,50.9,51.3,50.8,51.2,118.0,6021.0,0.9862,0.1798,102.0,18.0,-24.0,0.0,-6.0,218.0,4.0,0.0,0.0,0.0,0.0,15.66,2.79,5.37
2020/01/13,49.9,50.9,49.9,50.6,216.0,10883.0,-1.1719,0.3291,160.0,-10.0,0.0,0.0,-10.0,212.0,3.0,9.0,0.0,0.0,0.0,15.47,2.76,5.43
2020/01/14,50.3,50.7,50.3,50.6,80.0,4043.0,0.0,0.1219,64.0,-4.0,-25.0,0.0,-29.0,209.0,2.0,5.0,0.0,0.0,0.0,15.47,2.76,5.43
2020/01/15,50.7,50.8,50.4,50.5,76.0,3840.0,-0.1976,0.1158,62.0,-3.0,-42.0,0.0,-45.0,207.0,2.0,4.0,0.0,0.0,0.0,15.44,2.76,5.45
2020/01/16,50.5,51.1,50.5,51.1,77.0,3908.0,1.1881,0.1173,62.0,8.0,-27.0,0.0,-19.0,204.0,0.0,3.0,0.0,0.0,0.0,15.63,2.79,5.38
2020/01/17,51.1,51.1,50.7,50.7,50.0,2542.0,-0.7828,0.0762,39.0,1.0,-15.0,0.0,-14.0,203.0,0.0,1.0,0.0,0.0,0.0,15.5,2.77,5.42
2020/01/20,50.7,51.0,50.3,50.6,108.0,5464.0,-0.1972,0.1645,89.0,-5.0,-45.0,0.0,-50.0,183.0,0.0,20.0,0.0,0.0,0.0,15.47,2.76,5.43
2020/01/30,47.9,47.9,45.6,46.05,391.0,18171.0,-8.9921,0.5957,321.0,57.0,-5.0,0.0,52.0,163.0,7.0,27.0,0.0,1.0,1.0,14.08,2.51,5.97
2020/01/31,46.5,46.9,45.75,45.9,189.0,8707.0,-0.3257,0.2879,160.0,-44.0,-11.0,0.0,-55.0,161.0,10.0,12.0,0.0,2.0,1.0,14.04,2.5,5.99
2020/02/03,45.6,45.6,43.6,44.2,195.0,8606.0,-3.7037,0.2971,140.0,-9.0,-1.0,1.0,-9.0,147.0,2.0,16.0,1.0,2.0,1.0,13.52,2.41,6.22
2020/02/04,44.2,45.65,44.2,44.65,152.0,6801.0,1.0181,0.2316,130.0,3.0,-55.0,-1.0,-53.0,145.0,0.0,2.0,0.0,2.0,0.0,13.65,2.44,6.16
2020/02/05,44.8,44.95,44.45,44.45,119.0,5314.0,-0.4479,0.1813,94.0,-4.0,-32.0,0.0,-36.0,144.0,2.0,3.0,0.0,2.0,0.0,13.59,2.42,6.19
2020/02/06,44.5,45.75,44.5,44.75,164.0,7357.0,0.6749,0.2499,120.0,20.0,-40.0,0.0,-20.0,149.0,6.0,1.0,0.0,2.0,0.0,13.69,2.44,6.15
2020/02/07,44.95,44.95,44.3,44.35,106.0,4711.0,-0.8939,0.1615,91.0,-33.0,-15.0,0.0,-48.0,145.0,1.0,5.0,0.0,2.0,0.0,13.56,2.42,6.2
2020/02/10,44.25,44.3,43.9,44.1,116.0,5111.0,-0.5637,0.1767,89.0,-7.0,-40.0,0.0,-47.0,152.0,7.0,0.0,0.0,2.0,0.0,13.49,2.41,6.24
2020/02/11,44.2,44.5,44.15,44.35,125.0,5544.0,0.5669,0.1904,87.0,7.0,-50.0,0.0,-43.0,154.0,14.0,12.0,0.0,2.0,0.0,13.56,2.42,6.2
2020/02/12,44.8,45.3,44.8,45.15,108.0,4869.0,1.8038,0.1645,87.0,21.0,-1.0,0.0,20.0,153.0,2.0,3.0,0.0,2.0,0.0,13.81,2.46,6.09
2020/02/13,45.35,45.8,45.35,45.45,128.0,5831.0,0.6645,0.195,92.0,0.0,0.0,0.0,0.0,144.0,1.0,10.0,0.0,2.0,0.0,13.9,2.48,6.05
2020/02/14,45.5,45.75,45.5,45.7,108.0,4926.0,0.5501,0.1645,83.0,11.0,-40.0,0.0,-29.0,147.0,3.0,0.0,0.0,2.0,0.0,13.98,2.49,6.02
2020/02/17,45.75,45.75,44.85,45.0,112.0,5055.0,-1.5317,0.1706,90.0,-16.0,-38.0,0.0,-54.0,134.0,6.0,19.0,0.0,2.0,0.0,13.76,2.45,6.11
2020/02/18,45.5,45.5,45.0,45.2,71.0,3211.0,0.4444,0.1082,58.0,10.0,0.0,0.0,10.0,136.0,5.0,3.0,0.0,2.0,0.0,13.82,2.47,6.08
2020/02/19,45.45,45.7,45.2,45.7,49.0,2232.0,1.1062,0.0747,46.0,20.0,0.0,0.0,20.0,139.0,3.0,0.0,0.0,2.0,0.0,13.98,2.49,6.02
2020/02/20,46.25,46.25,45.7,45.85,75.0,3445.0,0.3282,0.1143,61.0,7.0,0.0,0.0,7.0,134.0,0.0,5.0,0.0,2.0,0.0,14.02,2.5,6.0
2020/02/21,45.85,46.0,45.6,45.65,68.0,3112.0,-0.4362,0.1036,62.0,-6.0,0.0,0.0,-6.0,129.0,3.0,8.0,0.0,2.0,0.0,13.96,2.49,6.02
2020/02/24,45.8,45.8,45.35,45.45,56.0,2549.0,-0.4381,0.0853,52.0,-15.0,0.0,0.0,-15.0,126.0,0.0,3.0,0.0,2.0,0.0,13.9,2.48,6.05
2020/02/25,45.45,45.45,45.15,45.25,49.0,2217.0,-0.44,0.0747,44.0,-8.0,0.0,0.0,-8.0,126.0,0.0,0.0,0.0,2.0,0.0,13.84,2.47,6.08
2020/02/26,45.15,45.55,45.15,45.15,109.0,4934.0,-0.221,0.1661,56.0,3.0,0.0,0.0,3.0,130.0,5.0,1.0,0.0,2.0,0.0,13.81,2.46,6.09
2020/02/27,45.15,45.15,44.35,44.5,197.0,8807.0,-1.4396,0.3001,114.0,-42.0,0.0,0.0,-42.0,125.0,0.0,5.0,0.0,2.0,0.0,13.61,2.43,6.18
2020/03/02,44.15,44.3,43.75,43.85,177.0,7782.0,-1.4607,0.2697,123.0,42.0,0.0,0.0,42.0,125.0,0.0,0.0,0.0,2.0,0.0,13.41,2.39,6.27
2020/03/03,44.05,44.05,43.55,43.55,198.0,8657.0,-0.6842,0.3017,130.0,-27.0,0.0,0.0,-27.0,120.0,1.0,6.0,0.0,2.0,0.0,13.32,2.38,6.31
2020/03/04,43.6,43.6,43.3,43.45,75.0,3260.0,-0.2296,0.1143,45.0,1.0,0.0,0.0,1.0,121.0,1.0,0.0,0.0,2.0,0.0,13.29,2.37,6.33
2020/03/05,44.4,44.4,43.8,44.0,49.0,2162.0,1.2658,0.0747,46.0,10.0,-5.0,0.0,5.0,121.0,0.0,0.0,0.0,2.0,0.0,13.46,2.4,6.25
2020/03/06,44.25,45.5,44.25,44.4,227.0,10132.0,0.9091,0.3458,136.0,-5.0,0.0,0.0,-5.0,170.0,49.0,0.0,0.0,2.0,0.0,13.58,2.42,6.19
2020/03/09,44.4,44.4,43.6,44.0,265.0,11650.0,-0.9009,0.4037,123.0,-35.0,0.0,0.0,-35.0,180.0,11.0,1.0,0.0,2.0,0.0,13.46,2.4,6.25
2020/03/10,43.9,43.9,43.2,43.4,178.0,7728.0,-1.3636,0.2712,106.0,29.0,0.0,0.0,29.0,184.0,5.0,1.0,0.0,2.0,0.0,15.5,2.23,6.34
2020/03/11,43.6,43.75,43.3,43.3,98.0,4264.0,-0.2304,0.1493,66.0,-1.0,0.0,0.0,-1.0,179.0,0.0,5.0,0.0,2.0,0.0,15.46,2.23,6.35
2020/03/12,43.3,43.3,41.6,41.75,225.0,9506.0,-3.5797,0.3428,139.0,-15.0,0.0,0.0,-15.0,172.0,0.0,7.0,0.0,2.0,0.0,14.91,2.15,6.59
2020/03/13,41.65,41.65,39.55,40.1,200.0,7992.0,-3.9521,0.3047,136.0,2.0,0.0,0.0,2.0,178.0,9.0,3.0,2.0,0.0,0.0,14.32,2.06,6.86
2020/03/16,40.0,40.0,38.75,39.0,140.0,5491.0,-2.7431,0.2133,107.0,-8.0,-11.0,0.0,-19.0,166.0,7.0,19.0,0.0,0.0,0.0,13.93,2.01,7.05
2020/03/17,36.8,38.0,36.8,37.8,155.0,5777.0,-3.0769,0.2361,119.0,13.0,-2.0,0.0,11.0,168.0,14.0,12.0,0.0,0.0,0.0,13.5,1.95,7.28
2020/03/18,37.15,37.45,36.85,36.85,108.0,4028.0,-2.5132,0.1645,98.0,-12.0,0.0,-12.0,-24.0,164.0,0.0,4.0,0.0,0.0,0.0,13.16,1.9,7.46
2020/03/19,35.6,35.6,34.0,34.7,275.0,9593.0,-5.8345,0.419,160.0,-9.0,0.0,-14.0,-23.0,153.0,4.0,15.0,0.0,0.0,0.0,12.39,1.79,7.93
2020/03/20,35.4,35.5,34.9,35.3,103.0,3634.0,1.7291,0.1569,70.0,11.0,-10.0,-12.0,-11.0,153.0,0.0,0.0,0.0,0.0,0.0,12.61,1.82,7.79
2020/03/23,34.5,34.65,33.5,34.4,77.0,2639.0,-2.5496,0.1173,48.0,17.0,0.0,-12.0,5.0,153.0,0.0,0.0,0.0,0.0,0.0,12.29,1.77,7.99
2020/03/24,35.2,36.5,35.2,36.25,100.0,3607.0,5.3779,0.1524,62.0,5.0,-10.0,-9.0,-14.0,154.0,1.0,0.0,0.0,0.0,0.0,12.95,1.87,7.59
2020/03/25,36.5,37.6,36.5,37.55,132.0,4933.0,3.5862,0.2011,100.0,13.0,-21.0,-20.0,-28.0,150.0,0.0,4.0,0.0,0.0,0.0,13.41,1.93,6.66
2020/03/26,37.55,37.55,36.25,37.0,86.0,3164.0,-1.4647,0.131,52.0,13.0,-10.0,-9.0,-6.0,150.0,0.0,0.0,0.0,0.0,0.0,13.21,1.9,6.76
2020/03/27,37.0,37.6,37.0,37.2,196.0,7328.0,0.5405,0.2986,89.0,2.0,0.0,-17.0,-15.0,150.0,3.0,3.0,0.0,0.0,0.0,13.29,1.91,6.72
2020/03/30,36.95,36.95,36.05,36.8,54.0,1975.0,-1.0753,0.0823,35.0,-8.0,0.0,-8.0,-16.0,148.0,0.0,2.0,0.0,0.0,0.0,13.14,1.89,6.79
2020/03/31,36.95,37.35,36.5,37.35,77.0,2851.0,1.4946,0.1173,56.0,-2.0,-15.0,-7.0,-24.0,143.0,2.0,6.0,0.0,0.0,0.0,13.34,1.92,6.69
2020/04/01,37.0,37.35,36.95,37.05,39.0,1444.0,-0.8032,0.0594,28.0,-6.0,0.0,-4.0,-10.0,141.0,0.0,2.0,0.0,0.0,0.0,13.23,1.91,6.75
2020/04/06,37.6,37.6,36.6,36.8,63.0,2316.0,-0.6748,0.096,49.0,-5.0,-15.0,-2.0,-22.0,143.0,2.0,0.0,0.0,0.0,0.0,13.14,1.89,6.79
2020/04/07,37.0,37.75,37.0,37.75,84.0,3138.0,2.5815,0.128,67.0,27.0,-10.0,-14.0,3.0,130.0,2.0,15.0,0.0,0.0,0.0,13.48,1.94,6.62
2020/04/08,37.7,39.45,37.7,39.45,100.0,3866.0,4.5033,0.1524,74.0,23.0,-21.0,-29.0,-27.0,130.0,1.0,1.0,0.0,0.0,0.0,14.09,2.03,6.34
2020/04/09,39.8,40.0,38.9,39.95,117.0,4608.0,1.2674,0.1783,74.0,-19.0,0.0,-24.0,-43.0,130.0,4.0,4.0,0.0,0.0,0.0,14.27,2.06,6.26
2020/04/10,39.95,40.2,39.9,40.05,155.0,6202.0,0.2503,0.2361,130.0,-112.0,0.0,0.0,-112.0,130.0,0.0,0.0,0.0,0.0,0.0,14.3,2.06,6.24
2020/04/13,40.4,41.0,40.0,40.0,62.0,2494.0,-0.1248,0.0945,53.0,-10.0,0.0,0.0,-10.0,129.0,0.0,1.0,0.0,0.0,0.0,14.29,2.06,6.25
2020/04/14,40.0,40.75,40.0,40.75,46.0,1855.0,1.875,0.0701,37.0,21.0,-15.0,0.0,6.0,129.0,0.0,0.0,0.0,0.0,0.0,14.55,2.1,6.13
2020/04/15,40.9,42.3,40.9,42.3,56.0,2345.0,3.8037,0.0853,46.0,13.0,-10.0,0.0,3.0,132.0,3.0,0.0,0.0,0.0,0.0,15.11,2.18,5.91
2020/04/16,42.3,42.3,41.3,41.9,66.0,2750.0,-0.9456,0.1006,60.0,-16.0,-5.0,0.0,-21.0,131.0,2.0,3.0,0.0,0.0,0.0,14.96,2.16,5.97
2020/04/17,42.5,43.5,41.6,41.9,89.0,3802.0,0.0,0.1356,73.0,-14.0,-5.0,0.0,-19.0,138.0,7.0,0.0,0.0,0.0,0.0,14.96,2.16,5.97
2020/04/20,41.5,42.5,40.8,40.95,130.0,5370.0,-2.2673,0.1981,94.0,0.0,0.0,0.0,0.0,141.0,8.0,5.0,0.0,0.0,0.0,14.63,2.11,6.11
2020/04/21,40.95,40.95,39.5,39.55,76.0,3038.0,-3.4188,0.1158,68.0,-29.0,-15.0,0.0,-44.0,145.0,4.0,0.0,0.0,0.0,0.0,14.13,2.04,6.32
2020/04/22,39.55,40.0,39.2,40.0,25.0,987.0,1.1378,0.0381,25.0,-1.0,-5.0,0.0,-6.0,144.0,0.0,1.0,0.0,0.0,0.0,14.29,2.06,6.25
2020/04/23,40.3,40.5,39.85,40.0,23.0,924.0,0.0,0.035,23.0,-1.0,-5.0,0.0,-6.0,145.0,1.0,0.0,0.0,0.0,0.0,14.29,2.06,6.25
2020/04/24,39.8,40.0,39.8,39.95,9.0,358.0,-0.125,0.0137,9.0,-1.0,-5.0,0.0,-6.0,145.0,0.0,0.0,0.0,0.0,0.0,14.27,2.06,6.26
2020/04/27,40.2,40.8,40.1,40.8,50.0,2017.0,2.1277,0.0762,44.0,-1.0,-5.0,0.0,-6.0,148.0,3.0,0.0,0.0,0.0,0.0,14.57,2.1,6.13
2020/04/28,41.2,41.4,41.0,41.25,66.0,2716.0,1.1029,0.1006,56.0,1.0,0.0,0.0,1.0,146.0,11.0,2.0,0.0,0.0,0.0,14.73,2.12,6.06
2020/04/29,41.3,42.85,41.3,42.6,122.0,5178.0,3.2727,0.1859,101.0,32.0,-15.0,0.0,17.0,151.0,8.0,3.0,0.0,0.0,0.0,15.21,2.19,5.87
2020/04/30,43.0,43.85,43.0,43.6,204.0,8903.0,2.3474,0.3108,153.0,21.0,-30.0,0.0,-9.0,166.0,21.0,6.0,0.0,0.0,0.0,15.57,2.24,5.73
2020/05/04,43.5,43.5,42.4,42.4,130.0,5562.0,-2.7523,0.1981,116.0,-30.0,-50.0,0.0,-80.0,179.0,14.0,1.0,0.0,0.0,0.0,15.14,2.18,5.9
2020/05/05,43.25,43.25,41.6,42.2,60.0,2540.0,-0.4717,0.0914,54.0,-5.0,-25.0,0.0,-30.0,185.0,6.0,0.0,0.0,0.0,0.0,15.07,2.17,5.92
2020/05/06,41.8,41.9,41.6,41.7,85.0,3551.0,-1.1848,0.1295,72.0,-3.0,-15.0,0.0,-18.0,177.0,4.0,12.0,0.0,0.0,0.0,14.89,2.15,6.0
2020/05/07,41.7,42.5,41.5,42.4,83.0,3487.0,1.6787,0.1265,74.0,5.0,-25.0,0.0,-20.0,161.0,4.0,20.0,0.0,0.0,0.0,15.14,2.18,5.9
2020/05/08,42.35,42.5,41.85,42.35,89.0,3763.0,-0.1179,0.1356,80.0,-2.0,-25.0,0.0,-27.0,165.0,7.0,3.0,0.0,0.0,0.0,24.06,2.17,5.9
2020/05/11,42.6,43.3,42.6,43.2,109.0,4698.0,2.0071,0.1661,86.0,20.0,0.0,0.0,20.0,148.0,3.0,20.0,0.0,0.0,0.0,24.55,2.21,5.79
2020/05/12,43.2,43.45,42.9,43.15,81.0,3486.0,-0.1157,0.1234,67.0,-16.0,-15.0,0.0,-31.0,148.0,5.0,5.0,0.0,0.0,0.0,24.52,2.21,5.79
2020/05/13,43.0,43.35,43.0,43.3,73.0,3153.0,0.3476,0.1112,53.0,7.0,-20.0,0.0,-13.0,154.0,6.0,0.0,0.0,0.0,0.0,24.6,2.21,5.77
2020/05/14,43.0,43.1,42.8,42.9,74.0,3177.0,-0.9238,0.1127,57.0,-10.0,-15.0,0.0,-25.0,151.0,0.0,3.0,0.0,0.0,0.0,24.38,2.19,5.83
2020/05/15,43.0,43.0,42.5,42.65,76.0,3248.0,-0.5828,0.1158,66.0,-8.0,-20.0,0.0,-28.0,151.0,1.0,1.0,0.0,0.0,0.0,24.23,2.18,5.86
2020/05/18,43.5,43.5,43.05,43.1,45.0,1940.0,1.0551,0.0686,43.0,9.0,-15.0,0.0,-6.0,154.0,3.0,0.0,0.0,0.0,0.0,24.49,2.2,5.8
2020/05/19,43.5,44.0,43.5,43.6,97.0,4247.0,1.1601,0.1478,71.0,8.0,0.0,0.0,8.0,168.0,14.0,0.0,0.0,0.0,0.0,24.77,2.23,5.73
2020/05/20,43.8,43.95,43.6,43.6,36.0,1572.0,0.0,0.0548,30.0,-2.0,0.0,0.0,-2.0,173.0,5.0,0.0,0.0,0.0,0.0,24.77,2.23,5.73
2020/05/21,43.65,43.95,43.55,43.65,95.0,4146.0,0.1147,0.1447,54.0,21.0,0.0,0.0,21.0,152.0,6.0,27.0,0.0,0.0,0.0,24.8,2.23,5.73
2020/05/22,43.65,43.65,43.0,43.1,51.0,2202.0,-1.26,0.0777,43.0,-13.0,0.0,0.0,-13.0,133.0,2.0,21.0,0.0,0.0,0.0,24.49,2.2,5.8
2020/05/25,43.4,47.4,43.4,47.4,727.0,33846.0,9.9768,1.1076,495.0,16.0,0.0,0.0,16.0,201.0,95.0,23.0,0.0,0.0,0.0,26.93,2.42,5.27
2020/05/26,51.9,52.1,50.1,52.1,2044.0,105910.0,9.9156,3.1141,1070.0,4.0,0.0,0.0,4.0,320.0,184.0,65.0,0.0,2.0,2.0,29.6,2.66,4.8
2020/05/27,54.8,54.8,52.0,52.4,1653.0,88489.0,0.5758,2.5184,1113.0,-96.0,150.0,25.0,79.0,242.0,63.0,141.0,0.0,4.0,2.0,29.77,2.68,4.77
2020/05/28,54.0,55.5,52.6,54.0,1153.0,62610.0,3.0534,1.7566,843.0,-34.0,0.0,50.0,16.0,246.0,74.0,70.0,0.0,6.0,2.0,30.68,2.76,4.63
2020/05/29,55.1,55.2,51.5,52.2,473.0,25088.0,-3.3333,0.7206,392.0,-2.0,0.0,0.0,-2.0,224.0,25.0,47.0,4.0,2.0,0.0,29.66,2.67,4.79
2020/06/01,53.2,54.4,52.0,52.5,415.0,22061.0,0.5747,0.6323,295.0,7.0,0.0,0.0,7.0,286.0,80.0,18.0,0.0,2.0,0.0,29.83,2.69,4.76
2020/06/02,53.0,53.0,51.7,52.2,228.0,11892.0,-0.5714,0.3474,181.0,6.0,0.0,0.0,6.0,273.0,21.0,34.0,0.0,2.0,0.0,29.66,2.67,4.79
2020/06/03,52.9,53.0,52.0,52.6,281.0,14763.0,0.7663,0.4281,178.0,-1.0,0.0,0.0,-1.0,294.0,40.0,19.0,0.0,2.0,0.0,29.89,2.69,4.75
2020/06/04,53.2,54.5,52.7,52.8,333.0,17829.0,0.3802,0.5073,256.0,-4.0,0.0,0.0,-4.0,313.0,32.0,13.0,0.0,2.0,0.0,30.0,2.7,4.73
2020/06/05,53.9,53.9,52.5,52.9,328.0,17439.0,0.1894,0.4997,248.0,-3.0,0.0,0.0,-3.0,318.0,14.0,9.0,0.0,2.0,0.0,30.06,2.71,4.73
2020/06/08,53.4,55.0,53.0,55.0,920.0,50033.0,3.9698,1.4016,661.0,37.0,0.0,10.0,47.0,330.0,112.0,100.0,0.0,3.0,1.0,31.25,2.81,4.55
2020/06/09,55.6,55.8,54.0,54.3,430.0,23583.0,-1.2727,0.6551,312.0,-6.0,0.0,0.0,-6.0,291.0,16.0,55.0,1.0,2.0,0.0,30.85,2.78,4.6
2020/06/10,55.1,55.1,53.0,53.5,302.0,16336.0,-1.4733,0.4601,228.0,20.0,0.0,0.0,20.0,270.0,17.0,38.0,1.0,1.0,0.0,30.4,2.74,4.67
2020/06/11,54.9,54.9,50.0,52.0,373.0,19531.0,-2.8037,0.5683,319.0,10.0,0.0,0.0,10.0,248.0,20.0,42.0,0.0,1.0,0.0,29.55,2.66,4.81
2020/06/12,49.15,51.7,49.15,51.5,215.0,10905.0,-0.9615,0.3276,193.0,27.0,0.0,0.0,27.0,227.0,6.0,27.0,0.0,1.0,0.0,29.26,2.63,4.85
2020/06/15,51.5,52.1,50.5,50.6,209.0,10697.0,-1.7476,0.3184,161.0,-36.0,0.0,0.0,-36.0,188.0,11.0,50.0,0.0,1.0,0.0,28.75,2.59,4.94
2020/06/16,51.7,52.5,50.8,52.5,217.0,11173.0,3.7549,0.3306,143.0,16.0,0.0,-85.0,-69.0,194.0,14.0,8.0,0.0,1.0,0.0,29.83,2.69,4.76
2020/06/17,52.5,52.5,51.3,52.1,89.0,4624.0,-0.7619,0.1356,78.0,1.0,0.0,0.0,1.0,190.0,1.0,5.0,0.0,1.0,0.0,29.6,2.66,4.8
2020/06/18,52.1,52.2,51.1,51.6,91.0,4693.0,-0.9597,0.1386,85.0,-10.0,0.0,0.0,-10.0,196.0,11.0,5.0,0.0,1.0,0.0,29.32,2.64,4.84
2020/06/19,52.0,52.0,51.1,51.4,69.0,3561.0,-0.3876,0.1051,60.0,-6.0,0.0,0.0,-6.0,207.0,11.0,0.0,0.0,1.0,0.0,29.2,2.63,4.86
2020/06/22,52.2,52.2,51.3,51.4,205.0,10624.0,0.0,0.3123,117.0,23.0,0.0,0.0,23.0,183.0,18.0,42.0,0.0,1.0,0.0,29.2,2.63,4.86
2020/06/23,51.4,51.6,51.1,51.2,56.0,2868.0,-0.3891,0.0853,48.0,-8.0,0.0,0.0,-8.0,180.0,2.0,5.0,0.0,1.0,0.0,29.09,2.62,4.88
2020/06/24,51.9,51.9,50.8,51.8,178.0,9131.0,1.1719,0.2712,115.0,10.0,0.0,0.0,10.0,171.0,1.0,10.0,0.0,1.0,0.0,21.09,3.81,3.91
2020/06/29,51.8,52.0,51.0,51.2,95.0,4896.0,-1.1583,0.1447,73.0,-6.0,0.0,0.0,-6.0,162.0,5.0,14.0,0.0,1.0,0.0,29.09,2.62,4.88
2020/06/30,51.5,52.4,51.5,51.6,118.0,6100.0,0.7813,0.1798,91.0,-3.0,0.0,0.0,-3.0,173.0,18.0,7.0,0.0,1.0,0.0,29.32,2.64,4.84
2020/07/01,52.0,52.3,51.6,51.8,71.0,3721.0,0.3876,0.1082,62.0,-7.0,0.0,0.0,-7.0,172.0,6.0,7.0,0.0,1.0,0.0,29.43,2.65,4.83
2020/07/02,52.0,52.2,51.5,51.9,109.0,5640.0,0.1931,0.1661,79.0,-6.0,0.0,0.0,-6.0,172.0,11.0,9.0,0.0,1.0,0.0,29.49,2.65,4.82
2020/07/03,51.9,51.9,51.2,51.4,139.0,7188.0,-0.9634,0.2118,98.0,-29.0,0.0,0.0,-29.0,174.0,7.0,5.0,0.0,1.0,0.0,29.2,2.63,4.86
2020/07/06,51.5,51.9,51.4,51.5,139.0,7166.0,0.1946,0.2118,98.0,12.0,0.0,0.0,12.0,170.0,6.0,6.0,0.0,1.0,0.0,29.26,2.63,4.85
2020/07/07,51.5,51.9,51.2,51.3,52.0,2676.0,-0.3883,0.0792,49.0,-1.0,0.0,0.0,-1.0,162.0,2.0,10.0,0.0,1.0,0.0,29.15,2.62,4.87
2020/07/08,51.3,51.8,51.0,51.2,116.0,5963.0,-0.1949,0.1767,75.0,-1.0,0.0,0.0,-1.0,164.0,4.0,2.0,0.0,1.0,0.0,29.09,2.62,4.88
2020/07/09,51.2,51.2,50.8,50.9,113.0,5758.0,-0.5859,0.1722,89.0,0.0,0.0,0.0,0.0,156.0,2.0,10.0,0.0,1.0,0.0,28.92,2.6,4.91
2020/07/10,50.7,51.1,50.1,50.8,115.0,5811.0,-0.1965,0.1752,70.0,1.0,0.0,0.0,1.0,155.0,2.0,3.0,0.0,1.0,0.0,28.86,2.6,4.92
2020/07/13,50.8,50.9,50.0,50.4,135.0,6789.0,-0.7874,0.2057,114.0,-12.0,0.0,0.0,-12.0,162.0,8.0,1.0,0.0,1.0,0.0,28.64,2.58,4.96
2020/07/14,50.4,51.1,50.3,50.7,56.0,2852.0,0.5952,0.0853,51.0,5.0,0.0,0.0,5.0,162.0,1.0,1.0,0.0,1.0,0.0,28.81,2.59,4.93
2020/07/15,51.0,51.5,50.1,50.1,80.0,4044.0,-1.1834,0.1219,73.0,-2.0,0.0,0.0,-2.0,165.0,8.0,5.0,0.0,1.0,0.0,28.47,2.56,4.99
2020/07/16,50.2,50.6,50.1,50.1,25.0,1270.0,0.0,0.0381,21.0,4.0,0.0,0.0,4.0,167.0,3.0,1.0,0.0,1.0,0.0,28.47,2.56,4.99
2020/07/17,50.1,50.1,48.9,49.2,121.0,5997.0,-1.7964,0.1843,106.0,-24.0,0.0,0.0,-24.0,163.0,4.0,8.0,0.0,1.0,0.0,27.95,2.52,5.08
2020/07/20,49.5,51.2,49.2,49.75,92.0,4609.0,1.1179,0.1402,83.0,-11.0,0.0,0.0,-11.0,168.0,7.0,2.0,0.0,1.0,0.0,28.27,2.54,5.03
2020/07/21,49.8,50.2,49.75,49.75,89.0,4439.0,0.0,0.1356,68.0,11.0,0.0,0.0,11.0,166.0,1.0,3.0,0.0,1.0,0.0,28.27,2.54,5.03
2020/07/22,49.8,49.9,49.25,49.6,64.0,3179.0,-0.3015,0.0975,43.0,-7.0,0.0,0.0,-7.0,163.0,0.0,3.0,0.0,1.0,0.0,28.18,2.54,5.04
2020/07/23,49.6,49.75,49.0,49.05,132.0,6508.0,-1.1089,0.2011,80.0,0.0,0.0,0.0,0.0,170.0,11.0,4.0,0.0,1.0,0.0,27.87,2.51,5.1
2020/07/24,49.05,49.05,48.25,48.25,99.0,4817.0,-1.631,0.1508,81.0,-5.0,0.0,0.0,-5.0,171.0,3.0,2.0,0.0,1.0,0.0,27.41,2.47,5.18
2020/07/27,48.2,48.3,46.2,46.4,182.0,8534.0,-3.8342,0.2773,156.0,-2.0,-1.0,-7.0,-10.0,169.0,2.0,4.0,1.0,0.0,0.0,26.36,2.37,5.39
2020/07/28,46.6,47.6,45.15,45.3,171.0,7849.0,-2.3707,0.2605,118.0,25.0,0.0,0.0,25.0,173.0,7.0,3.0,0.0,0.0,0.0,25.74,2.32,5.52
2020/07/29,46.5,49.65,45.9,46.9,145.0,6860.0,3.532,0.2209,119.0,10.0,0.0,0.0,10.0,168.0,0.0,5.0,0.0,0.0,0.0,26.65,2.4,5.33
2020/07/30,48.35,48.35,46.8,46.8,121.0,5693.0,-0.2132,0.1843,93.0,0.0,0.0,0.0,0.0,169.0,1.0,0.0,0.0,0.0,0.0,26.59,2.39,5.34
2020/07/31,46.8,47.4,46.8,46.8,49.0,2298.0,0.0,0.0747,33.0,3.0,0.0,0.0,3.0,172.0,4.0,1.0,0.0,0.0,0.0,26.59,2.39,5.34
2020/08/03,46.8,46.95,45.75,46.05,62.0,2857.0,-1.6026,0.0945,56.0,-13.0,0.0,0.0,-13.0,174.0,7.0,5.0,0.0,0.0,0.0,26.16,2.36,5.43
2020/08/04,46.5,46.95,46.05,46.05,149.0,6897.0,0.0,0.227,60.0,-15.0,0.0,0.0,-15.0,176.0,2.0,0.0,0.0,0.0,0.0,26.16,2.36,5.43
2020/08/05,46.45,46.6,46.05,46.05,57.0,2632.0,0.0,0.0868,35.0,1.0,0.0,0.0,1.0,176.0,0.0,0.0,0.0,0.0,0.0,26.16,2.36,5.43
2020/08/06,46.15,46.25,45.85,45.85,70.0,3223.0,-0.4343,0.1066,55.0,4.0,0.0,0.0,4.0,172.0,0.0,4.0,0.0,0.0,0.0,26.05,2.35,5.45
2020/08/07,47.1,47.1,45.0,46.0,288.0,13080.0,0.3272,0.4388,197.0,0.0,-75.0,0.0,-75.0,170.0,0.0,2.0,0.0,0.0,0.0,26.14,2.35,5.43
2020/08/10,46.0,46.15,45.7,46.0,66.0,3045.0,0.0,0.1006,48.0,15.0,0.0,-1.0,14.0,175.0,5.0,0.0,0.0,0.0,0.0,36.22,2.49,5.43
2020/08/11,46.8,46.8,45.95,46.0,89.0,4138.0,0.0,0.1356,71.0,6.0,-12.0,0.0,-6.0,182.0,9.0,2.0,0.0,0.0,0.0,36.22,2.49,5.43
2020/08/12,46.3,46.3,45.8,45.9,34.0,1561.0,-0.2174,0.0518,29.0,-4.0,-3.0,0.0,-7.0,184.0,2.0,0.0,0.0,0.0,0.0,36.14,2.48,5.45
2020/08/13,46.6,46.6,45.8,45.95,69.0,3170.0,0.1089,0.1051,47.0,-7.0,-10.0,0.0,-17.0,186.0,2.0,0.0,0.0,0.0,0.0,36.18,2.48,5.44
2020/08/14,45.55,46.05,45.55,45.9,36.0,1647.0,-0.1088,0.0548,30.0,-5.0,0.0,0.0,-5.0,183.0,3.0,6.0,0.0,0.0,0.0,36.14,2.48,5.45
2020/08/17,46.1,46.45,45.9,45.9,125.0,5757.0,0.0,0.1904,77.0,-9.0,-29.0,0.0,-38.0,183.0,3.0,3.0,0.0,0.0,0.0,36.14,2.48,5.45
2020/08/18,45.9,46.25,45.9,45.9,92.0,4228.0,0.0,0.1402,48.0,-12.0,0.0,0.0,-12.0,185.0,8.0,6.0,0.0,0.0,0.0,36.14,2.48,5.45
2020/08/19,46.0,46.1,45.65,45.7,74.0,3394.0,-0.4357,0.1127,48.0,-23.0,-4.0,2.0,-25.0,188.0,5.0,2.0,0.0,0.0,0.0,35.98,2.47,5.47
2020/08/20,45.8,45.8,43.8,44.35,173.0,7742.0,-2.954,0.2636,117.0,-39.0,0.0,0.0,-39.0,189.0,7.0,6.0,0.0,0.0,0.0,34.92,2.4,5.64
2020/08/21,45.15,45.15,44.65,45.0,58.0,2606.0,1.4656,0.0884,47.0,17.0,0.0,-2.0,15.0,192.0,4.0,1.0,0.0,0.0,0.0,35.43,2.43,5.56
2020/08/24,45.1,45.1,44.4,44.95,62.0,2795.0,-0.1111,0.0945,55.0,14.0,0.0,0.0,14.0,192.0,0.0,0.0,0.0,0.0,0.0,35.39,2.43,5.56
2020/08/25,45.3,45.55,45.2,45.5,113.0,5125.0,1.2236,0.1722,73.0,27.0,0.0,0.0,27.0,191.0,0.0,1.0,0.0,0.0,0.0,35.83,2.46,5.49
2020/08/26,45.5,45.8,45.4,45.6,69.0,3144.0,0.2198,0.1051,49.0,23.0,0.0,0.0,23.0,193.0,2.0,0.0,0.0,0.0,0.0,35.91,2.46,5.48
2020/08/27,46.2,46.2,45.5,45.75,63.0,2879.0,0.3289,0.096,43.0,9.0,0.0,0.0,9.0,190.0,1.0,1.0,0.0,0.0,0.0,36.02,2.47,5.46
2020/08/28,45.8,46.2,45.6,45.8,66.0,3024.0,0.1093,0.1006,52.0,15.0,0.0,0.0,15.0,187.0,0.0,3.0,0.0,0.0,0.0,36.06,2.47,5.46
2020/08/31,46.45,46.45,45.7,45.7,81.0,3716.0,-0.2183,0.1234,51.0,5.0,0.0,2.0,7.0,189.0,2.0,0.0,0.0,0.0,0.0,35.98,2.47,5.47
2020/09/01,45.75,45.9,45.25,45.7,57.0,2610.0,0.0,0.0868,41.0,6.0,0.0,0.0,6.0,189.0,0.0,0.0,0.0,1.0,1.0,35.98,2.47,5.47
2020/09/02,45.4,46.0,45.4,45.85,84.0,3846.0,0.3282,0.128,48.0,0.0,0.0,0.0,0.0,186.0,2.0,5.0,0.0,1.0,0.0,36.1,2.48,5.45
2020/09/03,46.45,46.45,45.65,45.75,94.0,4303.0,-0.2181,0.1432,61.0,-24.0,-8.0,3.0,-29.0,184.0,3.0,5.0,0.0,1.0,0.0,36.02,2.47,5.46
2020/09/04,45.4,45.95,45.2,45.7,85.0,3885.0,-0.1093,0.1295,59.0,26.0,-8.0,0.0,18.0,185.0,1.0,0.0,0.0,1.0,0.0,35.98,2.47,5.47
2020/09/07,47.7,47.7,45.55,45.8,92.0,4242.0,0.2188,0.1402,67.0,5.0,0.0,0.0,5.0,183.0,4.0,6.0,1.0,0.0,0.0,36.06,2.47,5.46
2020/09/08,46.55,46.55,45.9,46.05,91.0,4196.0,0.5459,0.1386,75.0,6.0,0.0,0.0,6.0,189.0,7.0,1.0,0.0,0.0,0.0,36.26,2.49,5.43
2020/09/09,46.4,46.4,45.65,45.9,115.0,5281.0,-0.3257,0.1752,81.0,9.0,0.0,0.0,9.0,196.0,7.0,0.0,0.0,0.0,0.0,36.14,2.48,5.45
2020/09/10,46.25,46.25,45.65,45.75,125.0,5732.0,-0.3268,0.1904,96.0,2.0,0.0,0.0,2.0,199.0,8.0,5.0,0.0,0.0,0.0,36.02,2.47,5.46
2020/09/11,46.0,46.0,45.55,45.75,125.0,5720.0,0.0,0.1904,93.0,-11.0,0.0,0.0,-11.0,192.0,7.0,14.0,0.0,0.0,0.0,36.02,2.47,5.46
2020/09/14,45.95,46.15,45.75,46.0,374.0,17198.0,0.5464,0.5698,249.0,14.0,0.0,0.0,14.0,222.0,36.0,6.0,0.0,0.0,0.0,36.22,2.49,5.43
2020/09/15,39.5,41.85,39.4,41.5,400.0,16176.0,5.9239,0.5299,324.0,16.0,0.0,0.0,16.0,186.0,10.0,46.0,0.0,1.0,1.0,32.68,2.24,6.02
2020/09/16,41.8,42.45,41.3,41.75,104.0,4368.0,0.6024,0.1378,96.0,-22.0,0.0,0.0,-22.0,182.0,2.0,6.0,0.0,5.0,4.0,32.87,2.26,5.99
2020/09/17,41.75,42.55,41.75,42.1,139.0,5858.0,0.8383,0.1841,103.0,-1.0,0.0,-1.0,-2.0,183.0,3.0,2.0,0.0,5.0,0.0,33.15,2.27,5.94
2020/09/18,42.35,42.55,42.2,42.2,59.0,2497.0,0.2375,0.0782,50.0,3.0,0.0,0.0,3.0,183.0,0.0,0.0,0.0,5.0,0.0,33.23,2.28,5.92
2020/09/21,42.2,42.25,41.65,41.85,85.0,3558.0,-0.8294,0.1126,70.0,15.0,0.0,0.0,15.0,189.0,6.0,0.0,0.0,5.0,0.0,32.95,2.26,5.97
2020/09/22,41.85,41.85,41.05,41.15,49.0,2020.0,-1.6726,0.0649,40.0,-11.0,0.0,0.0,-11.0,183.0,0.0,6.0,0.0,5.0,0.0,32.4,2.22,6.08
2020/09/23,41.05,41.05,40.25,40.45,58.0,2348.0,-1.7011,0.0768,50.0,-10.0,0.0,0.0,-10.0,184.0,2.0,1.0,0.0,5.0,0.0,31.85,2.19,6.18
2020/09/24,40.0,40.25,39.8,39.8,122.0,4873.0,-1.6069,0.1616,105.0,-28.0,0.0,0.0,-28.0,187.0,3.0,0.0,0.0,5.0,0.0,33.23,2.28,5.92
2020/09/25,39.85,40.2,39.6,39.75,58.0,2309.0,-0.1256,0.0768,52.0,-12.0,0.0,0.0,-12.0,177.0,1.0,11.0,0.0,5.0,0.0,31.3,2.15,6.29
2020/09/28,40.2,40.5,39.8,40.15,43.0,1725.0,1.0063,0.057,36.0,3.0,0.0,0.0,3.0,176.0,0.0,1.0,0.0,5.0,0.0,31.61,2.17,6.23
2020/09/29,40.05,40.2,39.95,40.1,26.0,1041.0,-0.1245,0.0344,24.0,3.0,0.0,0.0,3.0,175.0,0.0,1.0,0.0,5.0,0.0,31.57,2.17,6.23
2020/09/30,40.25,40.25,40.15,40.25,13.0,526.0,0.3741,0.0172,15.0,4.0,0.0,0.0,4.0,173.0,0.0,0.0,0.0,5.0,0.0,31.69,2.17,6.21
2020/10/05,40.15,40.4,40.15,40.15,27.0,1092.0,-0.2484,0.0358,23.0,2.0,0.0,0.0,2.0,172.0,0.0,1.0,0.0,5.0,0.0,31.61,2.17,6.23
2020/10/06,40.2,40.25,40.15,40.25,21.0,849.0,0.2491,0.0278,19.0,4.0,0.0,0.0,4.0,174.0,3.0,1.0,0.0,5.0,0.0,31.69,2.17,6.21
2020/10/07,40.15,40.8,40.15,40.8,36.0,1459.0,1.3665,0.0477,28.0,6.0,0.0,0.0,6.0,180.0,7.0,1.0,0.0,5.0,0.0,32.13,2.2,6.13
2020/10/08,40.75,40.75,40.0,40.45,40.0,1618.0,-0.8578,0.053,26.0,13.0,0.0,0.0,13.0,181.0,1.0,0.0,0.0,5.0,0.0,31.85,2.19,6.18
2020/10/12,40.45,41.0,40.4,40.5,61.0,2475.0,0.1236,0.0808,31.0,-5.0,0.0,0.0,-5.0,181.0,1.0,1.0,0.0,5.0,0.0,31.89,2.19,6.17
2020/10/13,40.25,40.45,39.7,40.1,35.0,1399.0,-0.9877,0.0464,33.0,-4.0,0.0,-1.0,-5.0,182.0,1.0,0.0,0.0,5.0,0.0,31.57,2.17,6.23
2020/10/14,40.5,40.8,40.2,40.65,33.0,1338.0,1.3716,0.0437,31.0,-3.0,0.0,0.0,-3.0,182.0,1.0,1.0,0.0,5.0,0.0,32.01,2.2,6.15
2020/10/15,40.35,40.45,40.25,40.45,10.0,403.0,-0.492,0.0132,10.0,-5.0,0.0,0.0,-5.0,181.0,0.0,1.0,0.0,5.0,0.0,31.85,2.19,6.18
2020/10/16,40.75,40.95,39.9,40.1,70.0,2814.0,-0.8653,0.0927,65.0,-1.0,0.0,0.0,-1.0,186.0,6.0,1.0,0.0,5.0,0.0,31.57,2.17,6.23
2020/10/19,40.1,40.2,39.9,40.15,27.0,1098.0,0.1247,0.0358,28.0,5.0,0.0,0.0,5.0,188.0,2.0,0.0,0.0,5.0,0.0,31.61,2.17,6.23
2020/10/20,40.1,40.2,40.0,40.05,34.0,1371.0,-0.2491,0.045,22.0,-3.0,0.0,0.0,-3.0,188.0,0.0,0.0,0.0,5.0,0.0,31.54,2.16,6.24
2020/10/21,40.0,40.0,39.85,39.95,31.0,1237.0,-0.2497,0.0411,25.0,-1.0,0.0,-4.0,-5.0,188.0,0.0,0.0,0.0,5.0,0.0,31.46,2.16,6.26
2020/10/22,40.0,40.05,39.65,39.75,61.0,2432.0,-0.5006,0.0808,49.0,4.0,0.0,0.0,4.0,190.0,3.0,1.0,0.0,5.0,0.0,31.3,2.15,6.29
2020/10/23,39.75,39.9,39.7,39.8,16.0,636.0,0.1258,0.0212,15.0,-2.0,0.0,-1.0,-3.0,187.0,1.0,2.0,0.0,5.0,0.0,31.34,2.15,6.28
2020/10/26,40.25,40.25,39.9,39.9,28.0,1122.0,0.2513,0.0371,23.0,2.0,0.0,0.0,2.0,187.0,1.0,1.0,0.0,5.0,0.0,31.42,2.16,6.27
2020/10/27,39.9,40.1,39.9,39.9,15.0,599.0,0.0,0.0199,12.0,-2.0,0.0,0.0,-2.0,187.0,0.0,0.0,0.0,5.0,0.0,31.42,2.16,6.27
2020/10/28,40.0,40.0,39.75,39.8,41.0,1648.0,-0.2506,0.0543,36.0,-2.0,0.0,0.0,-2.0,187.0,0.0,0.0,0.0,5.0,0.0,31.34,2.15,6.28
2020/10/29,39.6,39.9,39.1,39.85,24.0,952.0,0.1256,0.0318,24.0,-7.0,0.0,0.0,-7.0,189.0,3.0,1.0,0.0,5.0,0.0,31.38,2.15,6.27
2020/10/30,40.0,40.0,39.55,39.55,39.0,1546.0,-0.7528,0.0517,25.0,-11.0,0.0,0.0,-11.0,189.0,0.0,0.0,0.0,5.0,0.0,31.14,2.14,6.32
2020/11/02,39.5,39.5,39.3,39.5,21.0,846.0,-0.1264,0.0278,23.0,-2.0,0.0,0.0,-2.0,189.0,0.0,0.0,0.0,5.0,0.0,31.1,2.13,6.33
2020/11/03,39.5,40.1,39.5,39.65,18.0,722.0,0.3797,0.0238,19.0,5.0,0.0,-1.0,4.0,189.0,0.0,0.0,0.0,5.0,0.0,31.22,2.14,6.31
2020/11/04,39.65,40.0,39.3,39.3,51.0,2013.0,-0.8827,0.0676,48.0,0.0,0.0,0.0,0.0,191.0,3.0,0.0,0.0,5.0,0.0,30.94,2.12,6.36
2020/11/05,39.8,39.8,39.55,39.55,9.0,356.0,0.6361,0.0119,8.0,-3.0,0.0,2.0,-1.0,191.0,0.0,0.0,0.0,5.0,0.0,31.14,2.14,6.32
2020/11/06,39.55,39.55,39.15,39.15,56.0,2199.0,-1.0114,0.0742,49.0,7.0,0.0,0.0,7.0,186.0,0.0,5.0,0.0,5.0,0.0,30.83,2.12,6.39
2020/11/09,39.2,39.8,39.2,39.6,77.0,3077.0,1.1494,0.102,123.0,1.0,0.0,1.0,2.0,183.0,0.0,3.0,4.0,0.0,0.0,29.58,2.54,5.95
2020/11/10,41.9,43.55,41.3,42.55,838.0,35739.0,7.4495,1.1102,712.0,-5.0,0.0,0.0,-5.0,251.0,78.0,10.0,0.0,1.0,1.0,33.5,2.3,5.88
2020/11/11,42.55,42.85,41.1,41.55,197.0,8284.0,-2.3502,0.261,192.0,-2.0,0.0,0.0,-2.0,263.0,29.0,17.0,0.0,2.0,1.0,32.72,2.24,6.02
2020/11/12,41.7,41.7,41.0,41.05,107.0,4415.0,-1.2034,0.1418,100.0,-5.0,0.0,0.0,-5.0,267.0,20.0,16.0,1.0,1.0,0.0,28.91,2.49,6.09
2020/11/13,40.35,41.35,40.35,41.1,64.0,2623.0,0.1218,0.0848,64.0,-1.0,0.0,0.0,-1.0,266.0,7.0,8.0,0.0,1.0,0.0,28.94,2.49,6.08
2020/11/16,41.2,41.4,41.1,41.2,51.0,2127.0,0.2433,0.0676,71.0,-2.0,0.0,0.0,-2.0,269.0,3.0,0.0,0.0,1.0,0.0,29.01,2.5,6.07
2020/11/17,41.6,42.9,41.6,41.9,181.0,7642.0,1.699,0.2398,142.0,-4.0,0.0,0.0,-4.0,306.0,42.0,5.0,0.0,1.0,0.0,29.51,2.54,5.97
2020/11/18,42.0,42.3,41.6,42.0,109.0,4600.0,0.2387,0.1444,100.0,9.0,0.0,0.0,9.0,318.0,13.0,1.0,0.0,1.0,0.0,29.58,2.54,5.95
2020/11/19,42.0,42.2,41.9,42.05,57.0,2414.0,0.119,0.0755,53.0,6.0,0.0,0.0,6.0,319.0,1.0,0.0,0.0,1.0,0.0,29.61,2.55,5.95
2020/11/20,42.1,43.0,41.95,42.45,60.0,2543.0,0.9512,0.0795,61.0,-1.0,0.0,0.0,-1.0,319.0,0.0,0.0,0.0,1.0,0.0,29.89,2.57,5.89
2020/11/23,42.45,42.55,42.2,42.2,70.0,2972.0,-0.5889,0.0927,65.0,4.0,0.0,1.0,5.0,316.0,2.0,5.0,0.0,1.0,0.0,29.72,2.56,5.92
2020/11/24,40.5,42.0,40.5,41.6,145.0,5967.0,-1.4218,0.1921,113.0,12.0,0.0,0.0,12.0,320.0,5.0,1.0,0.0,1.0,0.0,29.3,2.52,6.01
2020/11/25,42.0,43.2,41.95,42.6,172.0,7337.0,2.4038,0.2279,146.0,9.0,0.0,0.0,9.0,314.0,7.0,13.0,1.0,0.0,0.0,30.0,2.58,5.87
2020/11/26,42.8,42.9,42.5,42.7,90.0,3845.0,0.2347,0.1192,84.0,18.0,0.0,0.0,18.0,305.0,0.0,9.0,0.0,0.0,0.0,30.07,2.59,5.85
2020/11/27,42.9,43.15,42.65,42.75,90.0,3877.0,0.1171,0.1192,85.0,18.0,0.0,0.0,18.0,294.0,1.0,12.0,0.0,0.0,0.0,30.11,2.59,5.85
2020/11/30,42.8,43.1,42.4,42.6,157.0,6759.0,-0.3509,0.208,111.0,1.0,0.0,0.0,1.0,292.0,9.0,11.0,0.0,0.0,0.0,30.0,2.58,5.87
2020/12/01,42.5,42.5,42.0,42.0,56.0,2366.0,-1.4085,0.0742,54.0,-2.0,0.0,1.0,-1.0,292.0,0.0,0.0,0.0,0.0,0.0,29.58,2.54,5.95
2020/12/02,42.0,42.25,41.7,41.9,27.0,1164.0,-0.2381,0.0358,34.0,-6.0,0.0,0.0,-6.0,286.0,4.0,10.0,0.0,0.0,0.0,29.51,2.54,5.97
2020/12/03,41.95,42.25,41.8,41.95,64.0,2702.0,0.1193,0.0848,53.0,4.0,0.0,0.0,4.0,288.0,4.0,2.0,0.0,0.0,0.0,29.54,2.54,5.96
2020/12/04,41.95,42.4,41.95,42.1,64.0,2702.0,0.3576,0.0848,53.0,-3.0,0.0,0.0,-3.0,285.0,1.0,4.0,0.0,0.0,0.0,29.65,2.55,5.94
2020/12/07,42.05,42.05,41.5,41.8,65.0,2738.0,-0.7126,0.0861,59.0,0.0,0.0,0.0,0.0,286.0,1.0,0.0,0.0,0.0,0.0,29.44,2.53,5.98
2020/12/08,41.95,42.1,41.9,42.1,39.0,1643.0,0.7177,0.0517,46.0,-1.0,0.0,0.0,-1.0,292.0,6.0,0.0,0.0,0.0,0.0,29.65,2.55,5.94
2020/12/09,41.95,42.1,41.5,41.85,59.0,2492.0,-0.5938,0.0782,54.0,4.0,0.0,-1.0,3.0,292.0,0.0,0.0,0.0,0.0,0.0,29.47,2.53,5.97
2020/12/10,41.85,41.85,41.5,41.75,31.0,1294.0,-0.2389,0.0411,38.0,-3.0,0.0,0.0,-3.0,292.0,0.0,0.0,0.0,0.0,0.0,29.4,2.53,5.99
2020/12/11,41.6,41.9,41.5,41.65,64.0,2670.0,-0.2395,0.0848,59.0,-3.0,0.0,0.0,-3.0,295.0,4.0,1.0,0.0,0.0,0.0,29.33,2.52,6.0
2020/12/14,41.7,41.9,41.6,41.8,41.0,1722.0,0.3601,0.0543,44.0,4.0,0.0,0.0,4.0,297.0,2.0,0.0,0.0,0.0,0.0,29.44,2.53,5.98
2020/12/15,41.9,41.9,41.3,41.3,66.0,2768.0,-1.1962,0.0874,69.0,-18.0,0.0,0.0,-18.0,295.0,2.0,4.0,0.0,0.0,0.0,29.08,2.5,6.05
2020/12/16,41.4,41.75,41.3,41.65,49.0,2038.0,0.8475,0.0649,45.0,10.0,0.0,1.0,11.0,295.0,1.0,1.0,0.0,0.0,0.0,29.33,2.52,6.0
2020/12/17,41.5,41.8,41.3,41.65,38.0,1609.0,0.0,0.0503,31.0,6.0,0.0,-1.0,5.0,295.0,0.0,0.0,0.0,0.0,0.0,29.33,2.52,6.0
2020/12/18,41.65,41.8,41.5,41.6,25.0,1040.0,-0.12,0.0331,32.0,2.0,0.0,0.0,2.0,295.0,0.0,0.0,0.0,0.0,0.0,29.3,2.52,6.01
2020/12/21,41.6,41.8,41.5,41.75,30.0,1278.0,0.3606,0.0397,23.0,-2.0,0.0,0.0,-2.0,293.0,0.0,2.0,0.0,0.0,0.0,29.4,2.53,5.99
2020/12/22,41.65,41.65,41.15,41.15,85.0,3527.0,-1.4371,0.1126,77.0,1.0,0.0,0.0,1.0,292.0,1.0,2.0,0.0,0.0,0.0,28.98,2.49,6.08
2020/12/23,40.95,40.95,40.65,40.7,65.0,2652.0,-1.0936,0.0861,64.0,0.0,0.0,0.0,0.0,291.0,0.0,1.0,0.0,0.0,0.0,28.66,2.47,6.14
2020/12/24,40.7,41.0,40.6,41.0,44.0,1822.0,0.7371,0.0583,43.0,-1.0,0.0,0.0,-1.0,291.0,0.0,0.0,0.0,0.0,0.0,28.87,2.48,6.1
2020/12/25,41.15,41.15,40.85,41.0,35.0,1449.0,0.0,0.0464,37.0,-1.0,0.0,0.0,-1.0,288.0,2.0,5.0,0.0,0.0,0.0,28.87,2.48,6.1
2020/12/28,41.0,41.45,40.95,41.45,311.0,12792.0,1.0976,0.412,81.0,28.0,0.0,0.0,28.0,294.0,8.0,2.0,0.0,0.0,0.0,29.19,2.51,6.03
2020/12/29,41.5,41.95,41.5,41.9,77.0,3227.0,1.0856,0.102,75.0,6.0,0.0,0.0,6.0,292.0,4.0,6.0,0.0,0.0,0.0,29.51,2.54,5.97
2020/12/30,42.0,42.0,41.7,41.8,52.0,2201.0,-0.2387,0.0689,44.0,1.0,0.0,0.0,1.0,293.0,1.0,0.0,0.0,0.0,0.0,29.44,2.53,5.98
2020/12/31,41.85,41.85,41.55,41.85,52.0,2198.0,0.1196,0.0689,47.0,24.0,0.0,0.0,24.0,293.0,1.0,1.0,0.0,0.0,0.0,29.47,2.53,5.97
2021/01/04,41.6,41.75,41.5,41.55,64.0,2691.0,-0.7168,0.0848,57.0,7.0,0.0,0.0,7.0,290.0,6.0,9.0,0.0,0.0,0.0,29.26,2.52,6.02
2021/01/05,41.3,41.55,41.2,41.3,37.0,1542.0,-0.6017,0.049,31.0,-5.0,0.0,0.0,-5.0,286.0,0.0,4.0,0.0,0.0,0.0,29.08,2.5,6.05
2021/01/06,41.0,41.05,40.7,40.9,90.0,3714.0,-0.9685,0.1192,85.0,-5.0,0.0,0.0,-5.0,264.0,2.0,24.0,0.0,0.0,0.0,28.8,2.48,6.11
2021/01/07,40.65,40.8,40.65,40.65,77.0,3174.0,-0.6112,0.102,64.0,4.0,0.0,0.0,4.0,261.0,0.0,3.0,0.0,0.0,0.0,28.63,2.46,6.15
2021/01/08,40.7,40.7,40.5,40.7,43.0,1766.0,0.123,0.057,38.0,2.0,0.0,0.0,2.0,261.0,0.0,0.0,0.0,0.0,0.0,28.66,2.47,6.14
2021/01/11,40.7,40.8,40.55,40.6,42.0,1712.0,-0.2457,0.0556,47.0,-4.0,0.0,0.0,-4.0,252.0,0.0,9.0,0.0,0.0,0.0,28.59,2.46,6.16
2021/01/12,40.6,40.7,40.05,40.05,178.0,7207.0,-1.3547,0.2358,137.0,-73.0,0.0,0.0,-73.0,256.0,5.0,1.0,0.0,0.0,0.0,28.2,2.43,6.24
2021/01/13,40.05,40.7,40.05,40.6,69.0,2813.0,1.3733,0.0914,79.0,5.0,0.0,0.0,5.0,249.0,1.0,8.0,0.0,0.0,0.0,28.59,2.46,6.16
2021/01/14,40.55,40.65,40.25,40.4,38.0,1538.0,-0.4926,0.0503,37.0,-1.0,0.0,0.0,-1.0,249.0,0.0,0.0,0.0,0.0,0.0,28.45,2.45,6.19
2021/01/15,40.4,40.55,40.05,40.45,80.0,3255.0,0.1238,0.106,63.0,-1.0,0.0,0.0,-1.0,253.0,5.0,1.0,0.0,0.0,0.0,28.49,2.45,6.18
2021/01/18,40.2,40.4,40.0,40.15,60.0,2434.0,-0.7417,0.0795,49.0,6.0,0.0,0.0,6.0,246.0,0.0,7.0,0.0,0.0,0.0,28.27,2.43,6.23
2021/01/19,40.25,40.55,40.0,40.2,66.0,2653.0,0.1245,0.0874,62.0,-2.0,0.0,1.0,-1.0,244.0,0.0,2.0,0.0,0.0,0.0,28.31,2.43,6.22
2021/01/20,40.1,40.1,39.5,39.5,145.0,5791.0,-1.7413,0.1921,133.0,-8.0,0.0,0.0,-8.0,230.0,8.0,21.0,0.0,0.0,0.0,27.82,2.39,6.33
2021/01/21,39.6,39.85,39.2,39.25,49.0,1954.0,-0.6329,0.0649,67.0,-1.0,0.0,0.0,-1.0,234.0,4.0,0.0,0.0,0.0,0.0,27.64,2.38,6.37
2021/01/22,39.1,39.25,38.8,39.0,98.0,3835.0,-0.6369,0.1298,80.0,-2.0,0.0,0.0,-2.0,232.0,5.0,7.0,0.0,0.0,0.0,27.46,2.36,6.41
2021/01/25,39.0,39.75,39.0,39.55,38.0,1518.0,1.4103,0.0503,54.0,3.0,0.0,0.0,3.0,237.0,5.0,0.0,0.0,0.0,0.0,27.85,2.4,6.32
2021/01/26,39.2,39.8,39.1,39.3,21.0,856.0,-0.6321,0.0278,23.0,-5.0,0.0,0.0,-5.0,236.0,2.0,3.0,0.0,0.0,0.0,27.68,2.38,6.36
2021/01/27,39.8,40.0,39.3,39.45,41.0,1653.0,0.3817,0.0543,37.0,-4.0,0.0,0.0,-4.0,235.0,6.0,7.0,0.0,0.0,0.0,27.78,2.39,6.34
2021/01/28,39.5,39.5,39.1,39.15,38.0,1502.0,-0.7605,0.0503,43.0,1.0,0.0,0.0,1.0,232.0,1.0,4.0,0.0,0.0,0.0,27.57,2.37,6.39
2021/01/29,39.1,40.3,39.1,39.15,61.0,2432.0,0.0,0.0808,53.0,-19.0,0.0,0.0,-19.0,229.0,1.0,4.0,0.0,0.0,0.0,27.57,2.37,6.39
2021/02/01,39.2,39.95,39.15,39.3,26.0,1058.0,0.3831,0.0344,28.0,-9.0,0.0,1.0,-8.0,230.0,1.0,0.0,0.0,0.0,0.0,27.68,2.38,6.36
2021/02/02,39.5,39.6,39.3,39.3,29.0,1162.0,0.0,0.0384,27.0,5.0,0.0,-2.0,3.0,234.0,4.0,0.0,0.0,0.0,0.0,27.68,2.38,6.36
2021/02/03,39.2,39.5,39.2,39.5,31.0,1241.0,0.5089,0.0411,34.0,-2.0,0.0,-4.0,-6.0,246.0,12.0,0.0,0.0,0.0,0.0,27.82,2.39,6.33
2021/02/04,39.5,39.5,39.05,39.2,52.0,2074.0,-0.7595,0.0689,45.0,-5.0,0.0,-9.0,-14.0,250.0,4.0,0.0,0.0,0.0,0.0,27.61,2.37,6.38
2021/02/05,39.2,40.0,39.2,39.75,50.0,1998.0,1.4031,0.0662,49.0,0.0,0.0,1.0,1.0,246.0,0.0,4.0,0.0,0.0,0.0,27.99,2.41,6.29
2021/02/17,40.1,40.6,39.8,40.4,125.0,5066.0,1.6352,0.1656,93.0,7.0,0.0,0.0,7.0,251.0,5.0,0.0,0.0,0.0,0.0,28.45,2.45,6.19
2021/02/18,40.4,41.0,40.4,40.85,112.0,4557.0,1.1139,0.1484,83.0,7.0,0.0,-2.0,5.0,251.0,10.0,10.0,0.0,0.0,0.0,28.77,2.47,6.12
2021/02/19,40.9,40.9,40.3,40.8,26.0,1080.0,-0.1224,0.0344,36.0,-1.0,0.0,-2.0,-3.0,251.0,0.0,0.0,0.0,0.0,0.0,28.73,2.47,6.13
2021/02/22,40.85,43.7,40.85,42.85,310.0,13254.0,5.0245,0.4107,271.0,-3.0,0.0,-1.0,-4.0,267.0,19.0,3.0,0.0,0.0,0.0,30.18,2.6,5.83
2021/02/23,43.0,43.55,42.5,43.35,275.0,11861.0,1.1669,0.3643,228.0,13.0,0.0,0.0,13.0,269.0,10.0,8.0,0.0,0.0,0.0,30.53,2.63,5.77
2021/02/24,43.35,45.0,43.35,43.9,328.0,14542.0,1.2687,0.4345,294.0,4.0,0.0,-1.0,3.0,258.0,2.0,13.0,0.0,0.0,0.0,30.92,2.66,5.69
2021/02/25,44.9,44.95,44.0,44.5,202.0,8997.0,1.3667,0.2676,165.0,2.0,0.0,0.0,2.0,263.0,7.0,2.0,0.0,4.0,4.0,31.34,2.7,5.62
2021/02/26,44.5,44.95,43.9,44.0,152.0,6743.0,-1.1236,0.2014,139.0,-20.0,0.0,0.0,-20.0,260.0,0.0,3.0,2.0,2.0,0.0,30.99,2.67,5.68
2021/03/02,44.35,44.4,43.2,43.2,138.0,6046.0,-1.8182,0.1828,128.0,-21.0,0.0,0.0,-21.0,258.0,1.0,3.0,2.0,0.0,0.0,30.42,2.62,5.79
2021/03/03,43.2,44.5,43.2,44.05,113.0,4981.0,1.9676,0.1497,99.0,23.0,0.0,1.0,24.0,269.0,11.0,0.0,0.0,0.0,0.0,31.02,2.67,5.68
2021/03/04,43.5,43.95,43.5,43.95,30.0,1314.0,-0.227,0.0397,35.0,-7.0,0.0,0.0,-7.0,266.0,1.0,4.0,0.0,0.0,0.0,30.95,2.66,5.69
2021/03/05,43.9,44.1,43.55,43.95,50.0,2201.0,0.0,0.0662,54.0,5.0,0.0,0.0,5.0,266.0,2.0,2.0,0.0,0.0,0.0,30.95,2.66,5.69
2021/03/08,44.0,44.45,43.8,43.85,36.0,1596.0,-0.2275,0.0477,42.0,-1.0,0.0,0.0,-1.0,267.0,1.0,0.0,0.0,0.0,0.0,30.88,2.66,5.7
2021/03/09,43.85,44.5,42.5,44.25,161.0,7115.0,0.9122,0.2133,119.0,23.0,0.0,0.0,23.0,273.0,6.0,0.0,0.0,0.0,0.0,31.16,2.68,5.65
2021/03/10,43.95,44.2,43.85,44.15,74.0,3284.0,-0.226,0.098,58.0,2.0,0.0,-1.0,1.0,274.0,6.0,5.0,0.0,0.0,0.0,31.09,2.67,5.66
2021/03/11,44.45,44.45,43.9,44.1,80.0,3539.0,-0.1133,0.106,67.0,0.0,0.0,-1.0,-1.0,274.0,2.0,2.0,0.0,0.0,0.0,31.06,2.67,5.67
2021/03/12,44.5,44.5,43.6,43.8,90.0,3980.0,-0.6803,0.1192,81.0,0.0,0.0,0.0,0.0,281.0,8.0,1.0,0.0,0.0,0.0,30.42,2.5,5.71
2021/03/15,44.0,44.25,43.75,44.15,56.0,2498.0,0.7991,0.0742,56.0,14.0,0.0,1.0,15.0,281.0,1.0,1.0,0.0,0.0,0.0,30.66,2.52,5.66
2021/03/16,44.5,44.55,44.15,44.45,79.0,3548.0,0.6795,0.1047,73.0,3.0,0.0,0.0,3.0,281.0,0.0,0.0,0.0,0.0,0.0,30.87,2.54,5.62
2021/03/17,44.75,44.75,43.95,44.2,120.0,5345.0,-0.5624,0.159,97.0,-14.0,0.0,0.0,-14.0,257.0,2.0,26.0,0.0,0.0,0.0,30.69,2.53,5.66
2021/03/18,44.45,44.45,44.0,44.15,50.0,2235.0,-0.1131,0.0662,48.0,7.0,0.0,-2.0,5.0,251.0,4.0,10.0,0.0,0.0,0.0,30.66,2.52,5.66
2021/03/19,44.15,44.25,43.8,44.05,87.0,3845.0,-0.2265,0.1153,75.0,-16.0,0.0,0.0,-16.0,259.0,17.0,9.0,0.0,0.0,0.0,30.59,2.52,5.68
2021/03/22,44.15,44.45,43.9,44.15,87.0,3864.0,0.227,0.1153,71.0,-1.0,0.0,-2.0,-3.0,250.0,6.0,15.0,0.0,0.0,0.0,30.66,2.52,5.66
2021/03/23,44.25,44.25,43.9,44.0,48.0,2152.0,-0.3398,0.0636,51.0,-8.0,0.0,0.0,-8.0,231.0,1.0,20.0,0.0,0.0,0.0,30.56,2.52,5.68
2021/03/24,43.9,44.2,43.85,44.0,48.0,2125.0,0.0,0.0636,40.0,-2.0,0.0,-2.0,-4.0,231.0,1.0,1.0,0.0,0.0,0.0,30.56,2.52,5.68
2021/03/25,43.8,43.9,43.6,43.85,61.0,2691.0,-0.3409,0.0808,57.0,-1.0,0.0,0.0,-1.0,208.0,1.0,24.0,0.0,0.0,0.0,30.45,2.51,2.28
2021/03/26,44.0,44.0,43.8,43.85,26.0,1157.0,0.0,0.0344,35.0,1.0,0.0,0.0,1.0,207.0,0.0,1.0,0.0,0.0,0.0,30.45,2.51,2.28
2021/03/29,43.7,44.15,43.7,43.75,35.0,1570.0,-0.2281,0.0464,39.0,0.0,0.0,0.0,0.0,207.0,0.0,0.0,0.0,0.0,0.0,30.38,2.5,2.29
2021/03/30,43.95,44.05,43.8,44.05,66.0,2909.0,0.6857,0.0874,59.0,-2.0,0.0,0.0,-2.0,205.0,1.0,3.0,0.0,0.0,0.0,30.66,2.52,5.66
2021/03/31,44.05,44.05,43.75,44.0,63.0,2780.0,-0.1135,0.0835,43.0,-1.0,0.0,0.0,-1.0,200.0,3.0,8.0,0.0,0.0,0.0,30.56,2.52,2.27
2021/04/01,43.8,44.0,43.8,44.0,48.0,2133.0,0.0,0.0636,33.0,1.0,0.0,0.0,1.0,203.0,3.0,0.0,0.0,0.0,0.0,30.56,2.52,2.27
2021/04/06,44.0,44.2,43.8,44.0,60.0,2667.0,0.0,0.0795,60.0,3.0,0.0,0.0,3.0,195.0,0.0,8.0,0.0,0.0,0.0,30.56,2.52,2.27
2021/04/07,43.8,44.1,43.8,43.95,107.0,4731.0,-0.1136,0.1418,59.0,3.0,0.0,-1.0,2.0,195.0,0.0,0.0,0.0,0.0,0.0,30.52,2.51,2.28
2021/04/08,43.9,44.2,43.8,43.95,112.0,4933.0,0.0,0.1484,96.0,14.0,0.0,-1.0,13.0,198.0,3.0,0.0,0.0,0.0,0.0,30.52,2.51,2.28
2021/04/09,43.4,43.9,43.4,43.85,71.0,3131.0,-0.2275,0.0941,57.0,-1.0,0.0,1.0,0.0,197.0,1.0,2.0,0.0,0.0,0.0,30.45,2.51,2.28
2021/04/12,44.0,44.0,43.75,43.8,162.0,7148.0,-0.114,0.2146,117.0,5.0,0.0,0.0,5.0,193.0,2.0,6.0,0.0,0.0,0.0,30.42,2.5,2.28
2021/04/13,43.8,43.9,43.55,43.7,116.0,5106.0,-0.2283,0.1537,74.0,3.0,0.0,2.0,5.0,195.0,2.0,0.0,0.0,0.0,0.0,30.35,2.5,2.29
2021/04/14,43.8,43.8,43.2,43.45,103.0,4506.0,-0.5721,0.1365,58.0,-18.0,0.0,0.0,-18.0,202.0,7.0,0.0,0.0,0.0,0.0,30.17,2.48,2.3
2021/04/15,43.2,43.4,43.0,43.4,110.0,4793.0,-0.1151,0.1457,75.0,0.0,0.0,2.0,2.0,203.0,1.0,0.0,0.0,0.0,0.0,30.14,2.48,2.3
2021/04/16,43.35,43.35,43.0,43.0,134.0,5787.0,-0.9217,0.1775,83.0,1.0,0.0,0.0,1.0,205.0,2.0,0.0,0.0,0.0,0.0,29.86,2.46,2.33
2021/04/19,43.0,43.7,43.0,43.7,147.0,6395.0,1.6279,0.1947,89.0,21.0,0.0,0.0,21.0,201.0,5.0,9.0,0.0,0.0,0.0,30.35,2.5,2.29
2021/04/20,43.7,43.75,43.45,43.5,103.0,4520.0,-0.4577,0.1365,80.0,8.0,0.0,0.0,8.0,201.0,0.0,0.0,0.0,0.0,0.0,30.21,2.49,2.3
2021/04/21,43.5,43.5,43.2,43.4,106.0,4611.0,-0.2299,0.1404,85.0,10.0,0.0,-1.0,9.0,200.0,0.0,1.0,0.0,0.0,0.0,30.14,2.48,2.3
2021/04/22,43.4,43.4,43.2,43.35,121.0,5250.0,-0.1152,0.1603,89.0,6.0,0.0,0.0,6.0,200.0,0.0,0.0,0.0,0.0,0.0,30.1,2.48,2.31
2021/04/23,43.35,43.4,43.15,43.2,78.0,3400.0,-0.346,0.1033,67.0,-7.0,0.0,0.0,-7.0,201.0,1.0,0.0,0.0,0.0,0.0,30.0,2.47,2.31
2021/04/26,43.2,43.4,43.2,43.35,107.0,4654.0,0.3472,0.1418,95.0,18.0,0.0,0.0,18.0,200.0,0.0,1.0,0.0,0.0,0.0,30.1,2.48,2.31
2021/04/27,43.35,43.6,43.2,43.5,127.0,5517.0,0.346,0.1682,78.0,25.0,0.0,0.0,25.0,201.0,1.0,0.0,0.0,0.0,0.0,30.21,2.49,2.3
2021/04/28,43.5,43.9,43.45,43.75,84.0,3678.0,0.5747,0.1113,72.0,26.0,0.0,0.0,26.0,198.0,0.0,3.0,0.0,0.0,0.0,30.38,2.5,2.29
2021/04/29,43.9,44.95,43.9,44.4,334.0,14911.0,1.4857,0.4425,246.0,-11.0,0.0,-1.0,-12.0,231.0,36.0,3.0,0.0,0.0,0.0,30.83,2.54,2.25
2021/05/03,44.4,44.4,43.25,43.55,172.0,7538.0,-1.9144,0.2279,133.0,-31.0,0.0,0.0,-31.0,245.0,22.0,8.0,0.0,0.0,0.0,30.24,2.49,2.3
2021/05/04,43.35,43.35,41.8,42.3,208.0,8853.0,-2.8703,0.2756,222.0,-84.0,0.0,1.0,-83.0,263.0,24.0,6.0,0.0,0.0,0.0,29.38,2.42,2.36
2021/05/05,42.3,43.45,42.3,42.85,44.0,1905.0,1.3002,0.0583,47.0,-10.0,0.0,0.0,-10.0,267.0,4.0,0.0,0.0,0.0,0.0,29.76,2.45,2.33
2021/05/06,42.85,42.95,42.2,42.4,54.0,2310.0,-1.0502,0.0715,52.0,-13.0,0.0,0.0,-13.0,265.0,0.0,2.0,0.0,0.0,0.0,29.44,2.42,2.36
2021/05/07,42.3,42.7,42.05,42.35,56.0,2409.0,-0.1179,0.0742,53.0,-7.0,0.0,0.0,-7.0,267.0,2.0,0.0,0.0,0.0,0.0,29.41,2.42,2.36
2021/05/10,42.35,42.7,42.1,42.15,37.0,1607.0,-0.4723,0.049,45.0,3.0,0.0,0.0,3.0,268.0,2.0,1.0,0.0,0.0,0.0,24.65,2.5,2.37
2021/05/11,42.3,42.8,41.0,41.05,153.0,6422.0,-2.6097,0.2027,124.0,-25.0,0.0,2.0,-23.0,258.0,3.0,13.0,0.0,0.0,0.0,24.01,2.44,2.44
2021/05/12,40.3,40.55,37.7,39.5,302.0,11755.0,-3.7759,0.4001,317.0,-7.0,0.0,1.0,-6.0,271.0,19.0,6.0,0.0,1.0,1.0,23.1,2.34,2.53
2021/05/13,39.0,39.0,37.5,38.8,95.0,3685.0,-1.7722,0.1259,99.0,1.0,0.0,0.0,1.0,266.0,1.0,6.0,0.0,2.0,1.0,22.69,2.3,2.58
2021/05/14,39.0,39.2,38.8,38.95,55.0,2151.0,0.3866,0.0729,47.0,12.0,0.0,3.0,15.0,266.0,1.0,1.0,0.0,2.0,0.0,22.78,2.31,2.57
2021/05/17,36.5,38.3,35.8,36.85,165.0,6129.0,-5.3915,0.2186,117.0,25.0,0.0,-1.0,24.0,252.0,1.0,15.0,1.0,1.0,0.0,21.55,2.19,2.71
2021/05/18,39.3,39.3,37.95,38.1,48.0,1840.0,3.3921,0.0636,42.0,-5.0,0.0,2.0,-3.0,252.0,0.0,0.0,1.0,0.0,0.0,22.28,2.26,2.62
2021/05/19,38.1,38.7,38.0,38.1,48.0,1866.0,0.0,0.0636,45.0,-9.0,0.0,1.0,-8.0,252.0,0.0,0.0,0.0,0.0,0.0,22.28,2.26,2.62
2021/05/20,38.1,38.3,38.0,38.1,39.0,1512.0,0.0,0.0517,32.0,-16.0,0.0,0.0,-16.0,237.0,1.0,16.0,0.0,0.0,0.0,22.28,2.26,2.62
2021/05/21,40.0,40.0,39.0,39.0,34.0,1358.0,2.3622,0.045,31.0,-9.0,0.0,0.0,-9.0,237.0,0.0,0.0,0.0,0.0,0.0,22.81,2.31,2.56
2021/05/24,39.25,39.25,38.0,38.7,23.0,883.0,-0.7692,0.0305,22.0,2.0,0.0,0.0,2.0,234.0,1.0,4.0,0.0,0.0,0.0,22.63,2.3,2.58
2021/05/25,38.7,39.45,38.45,39.25,64.0,2519.0,1.4212,0.0848,50.0,21.0,0.0,-9.0,12.0,233.0,0.0,1.0,0.0,0.0,0.0,22.95,2.33,2.55
2021/05/26,38.5,39.55,38.5,39.4,44.0,1758.0,0.3822,0.0583,36.0,-8.0,0.0,-1.0,-9.0,233.0,0.0,0.0,0.0,0.0,0.0,23.04,2.34,2.54
2021/05/27,39.5,39.5,39.0,39.5,76.0,2991.0,0.2538,0.1007,56.0,0.0,0.0,0.0,0.0,233.0,0.0,0.0,0.0,0.0,0.0,23.1,2.34,2.53
2021/05/28,40.0,40.35,39.85,40.0,83.0,3332.0,1.2658,0.11,60.0,3.0,0.0,0.0,3.0,233.0,1.0,1.0,0.0,0.0,0.0,23.39,2.37,2.5
2021/05/31,39.8,39.9,39.6,39.7,105.0,4171.0,-0.75,0.1391,55.0,2.0,0.0,0.0,2.0,232.0,0.0,1.0,0.0,0.0,0.0,23.22,2.36,2.52
2021/06/01,40.5,40.75,40.3,40.6,125.0,5104.0,2.267,0.1656,76.0,-10.0,0.0,0.0,-10.0,234.0,2.0,0.0,0.0,0.0,0.0,23.74,2.41,2.46
2021/06/02,40.6,40.7,40.0,40.1,95.0,3874.0,-1.2315,0.1259,65.0,-4.0,0.0,0.0,-4.0,233.0,0.0,1.0,0.0,0.0,0.0,23.45,2.38,2.49
2021/06/03,40.5,41.0,40.5,40.95,46.0,1909.0,2.1197,0.0609,56.0,15.0,0.0,0.0,15.0,234.0,1.0,0.0,0.0,0.0,0.0,23.95,2.43,2.44
2021/06/04,41.0,41.3,40.1,40.1,150.0,6183.0,-2.0757,0.1987,132.0,13.0,0.0,-1.0,12.0,235.0,1.0,0.0,0.0,0.0,0.0,23.45,2.38,2.49
2021/06/07,40.05,40.1,39.5,39.9,151.0,6029.0,-0.4988,0.2,104.0,8.0,0.0,0.0,8.0,224.0,0.0,11.0,0.0,0.0,0.0,23.33,2.37,2.51
2021/06/08,40.8,40.8,39.95,40.45,70.0,2832.0,1.3784,0.0927,48.0,3.0,0.0,0.0,3.0,201.0,2.0,25.0,0.0,0.0,0.0,23.65,2.4,2.47
2021/06/09,41.0,41.0,40.2,40.25,33.0,1374.0,-0.4944,0.0437,39.0,-2.0,0.0,0.0,-2.0,201.0,0.0,0.0,0.0,0.0,0.0,23.54,2.39,2.48
2021/06/10,40.4,40.55,40.2,40.55,47.0,1914.0,0.7453,0.0623,31.0,0.0,0.0,0.0,0.0,194.0,0.0,7.0,0.0,0.0,0.0,23.71,2.41,2.47
2021/06/11,40.35,41.0,40.35,40.75,44.0,1803.0,0.4932,0.0583,41.0,5.0,0.0,0.0,5.0,194.0,0.0,0.0,0.0,0.0,0.0,23.83,2.42,2.45
2021/06/15,41.45,41.45,41.0,41.4,62.0,2583.0,1.5951,0.0821,71.0,4.0,0.0,0.0,4.0,195.0,4.0,3.0,0.0,0.0,0.0,24.21,2.46,2.42
2021/06/16,41.4,41.45,40.9,41.0,81.0,3361.0,-0.9662,0.1073,62.0,7.0,0.0,0.0,7.0,190.0,0.0,5.0,0.0,0.0,0.0,23.98,2.43,2.44
2021/06/17,40.5,41.5,40.5,41.5,42.0,1752.0,1.2195,0.0556,31.0,2.0,0.0,0.0,2.0,185.0,4.0,9.0,0.0,0.0,0.0,24.27,2.46,2.41
2021/06/18,41.3,41.3,40.9,41.05,51.0,2116.0,-1.0843,0.0676,58.0,-5.0,0.0,0.0,-5.0,185.0,0.0,0.0,0.0,0.0,0.0,24.01,2.44,2.44
2021/06/21,41.15,42.2,41.05,42.1,182.0,7647.0,2.5579,0.2411,166.0,19.0,0.0,-2.0,17.0,187.0,5.0,3.0,0.0,0.0,0.0,24.62,2.5,2.38
2021/06/22,42.8,42.8,42.0,42.55,109.0,4667.0,1.0689,0.1444,99.0,-2.0,0.0,0.0,-2.0,181.0,0.0,6.0,0.0,0.0,0.0,24.88,2.53,2.35
2021/06/23,42.2,42.75,41.9,42.75,54.0,2316.0,0.47,0.0715,70.0,4.0,0.0,-1.0,3.0,180.0,0.0,1.0,0.0,0.0,0.0,25.0,2.54,2.34
2021/06/24,41.75,42.35,41.75,42.15,25.0,1071.0,-1.4035,0.0331,35.0,-1.0,0.0,0.0,-1.0,180.0,0.0,0.0,0.0,0.0,0.0,24.65,2.5,2.37
2021/06/25,42.15,42.15,41.9,42.1,88.0,3705.0,-0.1186,0.1166,59.0,2.0,0.0,0.0,2.0,191.0,11.0,0.0,0.0,0.0,0.0,24.62,2.5,2.38
2021/06/28,42.1,42.1,41.3,41.35,88.0,3678.0,-1.7815,0.1166,76.0,-10.0,0.0,0.0,-10.0,181.0,1.0,11.0,0.0,0.0,0.0,24.18,2.45,2.42
2021/06/29,41.15,41.15,40.9,40.95,89.0,3675.0,-0.9674,0.1179,82.0,-6.0,0.0,0.0,-6.0,185.0,4.0,0.0,0.0,0.0,0.0,23.95,2.43,2.44
2021/06/30,40.95,41.7,40.95,41.1,52.0,2150.0,0.3663,0.0689,46.0,6.0,0.0,0.0,6.0,187.0,4.0,2.0,0.0,0.0,0.0,24.04,2.44,2.43
2021/07/01,41.2,42.5,41.1,42.3,120.0,5031.0,2.9197,0.159,91.0,-4.0,0.0,0.0,-4.0,190.0,7.0,4.0,0.0,0.0,0.0,24.74,2.51,2.36
2021/07/02,43.0,43.15,42.05,42.25,142.0,6071.0,-0.1182,0.1881,138.0,-8.0,0.0,0.0,-8.0,187.0,1.0,4.0,0.0,0.0,0.0,24.71,2.51,2.37
2021/07/05,43.0,43.5,42.85,43.0,201.0,8708.0,1.7751,0.2663,141.0,-6.0,0.0,2.0,-4.0,195.0,18.0,10.0,0.0,0.0,0.0,25.15,2.55,2.33
2021/07/06,43.2,44.0,43.0,43.3,232.0,10078.0,0.6977,0.3074,170.0,14.0,0.0,0.0,14.0,187.0,4.0,12.0,0.0,0.0,0.0,25.32,2.57,2.31
2021/07/07,43.3,47.6,43.2,47.25,1192.0,53967.0,9.1224,1.5792,890.0,26.0,0.0,0.0,26.0,269.0,121.0,39.0,0.0,0.0,0.0,27.63,2.8,2.12
2021/07/08,47.25,47.25,43.0,44.85,899.0,40637.0,-5.0794,1.191,623.0,-22.0,0.0,0.0,-22.0,229.0,24.0,64.0,0.0,0.0,0.0,26.23,2.66,2.23
2021/07/09,44.85,45.7,44.0,45.45,352.0,15890.0,1.3378,0.4663,236.0,-6.0,0.0,0.0,-6.0,244.0,37.0,22.0,0.0,0.0,0.0,26.58,2.7,2.2
2021/07/12,45.25,45.25,44.0,44.3,251.0,11227.0,-2.5303,0.3325,218.0,-24.0,0.0,0.0,-24.0,252.0,17.0,9.0,0.0,0.0,0.0,25.91,2.63,2.26
2021/07/13,44.3,44.3,43.5,43.5,228.0,10003.0,-1.8059,0.3021,182.0,1.0,0.0,2.0,3.0,258.0,16.0,10.0,0.0,0.0,0.0,25.44,2.58,2.3
2021/07/14,44.4,44.4,43.6,43.95,65.0,2878.0,1.0345,0.0861,63.0,-15.0,0.0,1.0,-14.0,257.0,7.0,8.0,0.0,0.0,0.0,25.7,2.61,2.28
2021/07/15,44.95,44.95,43.55,43.8,247.0,10853.0,-0.3413,0.3272,161.0,12.0,0.0,0.0,12.0,244.0,7.0,20.0,0.0,0.0,0.0,25.61,2.6,2.28
2021/07/16,44.2,44.2,43.8,44.2,150.0,6628.0,0.9132,0.1987,118.0,11.0,0.0,0.0,11.0,261.0,25.0,8.0,0.0,0.0,0.0,25.85,2.62,2.26
2021/07/19,45.05,46.5,44.6,44.85,289.0,13042.0,1.4706,0.3829,232.0,-27.0,0.0,0.0,-27.0,279.0,42.0,24.0,0.0,0.0,0.0,26.23,2.66,2.23
2021/07/20,44.75,44.95,44.1,44.5,122.0,5448.0,-0.7804,0.1616,96.0,6.0,0.0,0.0,6.0,289.0,27.0,17.0,0.0,0.0,0.0,26.02,2.64,2.25
2021/07/21,44.85,44.85,44.0,44.35,213.0,9464.0,-0.3371,0.2822,140.0,-15.0,0.0,0.0,-15.0,292.0,25.0,22.0,0.0,0.0,0.0,25.94,2.63,2.25
2021/07/22,45.0,45.15,44.2,44.4,138.0,6173.0,0.1127,0.1828,104.0,8.0,0.0,2.0,10.0,320.0,28.0,0.0,0.0,0.0,0.0,25.96,2.64,2.25
2021/07/23,44.8,45.85,44.5,45.4,476.0,21518.0,2.2523,0.6306,290.0,88.0,0.0,0.0,88.0,362.0,48.0,6.0,0.0,0.0,0.0,26.55,2.69,2.2
2021/07/26,45.8,45.8,44.45,44.45,253.0,11320.0,-2.0925,0.3352,155.0,-44.0,0.0,0.0,-44.0,359.0,15.0,18.0,0.0,0.0,0.0,25.99,2.64,2.25
2021/07/27,44.5,45.0,44.0,44.0,125.0,5566.0,-1.0124,0.1656,85.0,-21.0,0.0,1.0,-20.0,358.0,10.0,11.0,0.0,0.0,0.0,25.73,2.61,2.27
2021/07/28,43.9,44.0,43.35,43.9,135.0,5928.0,-0.2273,0.1788,91.0,10.0,0.0,0.0,10.0,361.0,19.0,16.0,0.0,0.0,0.0,25.67,2.61,2.28
2021/07/29,44.0,44.0,43.4,43.5,128.0,5591.0,-0.9112,0.1696,86.0,-14.0,0.0,0.0,-14.0,366.0,19.0,14.0,0.0,0.0,0.0,25.44,2.58,2.3
2021/07/30,43.9,44.0,43.2,43.35,144.0,6290.0,-0.3448,0.1908,99.0,14.0,0.0,0.0,14.0,362.0,16.0,20.0,0.0,0.0,0.0,25.35,2.57,2.31
2021/08/02,43.4,43.75,43.25,43.65,116.0,5084.0,0.692,0.1537,67.0,9.0,0.0,3.0,12.0,364.0,12.0,10.0,0.0,0.0,0.0,25.53,2.59,2.29
2021/08/03,43.85,44.0,43.5,43.85,81.0,3558.0,0.4582,0.1073,43.0,-3.0,0.0,0.0,-3.0,354.0,2.0,12.0,0.0,0.0,0.0,25.64,2.6,2.28
2021/08/04,44.15,44.5,43.65,43.75,37.0,1641.0,-0.2281,0.049,37.0,-3.0,0.0,0.0,-3.0,349.0,0.0,5.0,0.0,0.0,0.0,25.58,2.6,2.29
2021/08/05,43.75,43.9,43.3,43.4,97.0,4229.0,-0.8,0.1285,72.0,-11.0,0.0,0.0,-11.0,335.0,2.0,16.0,0.0,0.0,0.0,25.38,2.58,2.3
2021/08/06,43.4,43.65,43.3,43.5,41.0,1811.0,0.2304,0.0543,38.0,-5.0,0.0,0.0,-5.0,345.0,11.0,1.0,0.0,0.0,0.0,25.44,2.58,2.3
2021/08/09,43.6,43.6,43.25,43.3,37.0,1637.0,-0.4598,0.049,41.0,-17.0,0.0,0.0,-17.0,343.0,0.0,2.0,0.0,0.0,0.0,25.32,2.57,2.31
2021/08/10,43.35,44.5,42.7,42.8,139.0,6032.0,-1.1547,0.1841,109.0,-31.0,0.0,0.0,-31.0,340.0,0.0,3.0,0.0,0.0,0.0,25.03,2.54,2.34
2021/08/11,42.8,42.85,42.0,42.2,75.0,3200.0,-1.4019,0.0994,61.0,-7.0,0.0,0.0,-7.0,299.0,2.0,43.0,0.0,0.0,0.0,24.68,2.5,2.37
2021/08/12,42.1,42.5,42.1,42.3,19.0,813.0,0.237,0.0252,28.0,-1.0,0.0,1.0,0.0,300.0,1.0,0.0,0.0,0.0,0.0,24.74,2.51,2.36
2021/08/13,42.5,42.9,42.0,42.3,77.0,3283.0,0.0,0.102,65.0,-4.0,0.0,-1.0,-5.0,313.0,25.0,12.0,0.0,0.0,0.0,41.07,2.62,2.36
2021/08/16,42.0,42.0,41.0,41.5,101.0,4220.0,-1.8913,0.1338,76.0,1.0,0.0,0.0,1.0,327.0,19.0,5.0,0.0,0.0,0.0,40.29,2.57,2.41
2021/08/17,41.55,41.8,41.0,41.0,65.0,2716.0,-1.2048,0.0861,52.0,-2.0,0.0,0.0,-2.0,318.0,3.0,12.0,0.0,0.0,0.0,39.81,2.54,2.44
2021/08/18,40.6,41.0,40.15,40.8,91.0,3698.0,-0.4878,0.1206,59.0,22.0,0.0,1.0,23.0,319.0,1.0,0.0,0.0,0.0,0.0,39.61,2.53,2.45
2021/08/19,40.9,40.9,40.15,40.5,62.0,2538.0,-0.7353,0.0821,53.0,-8.0,0.0,0.0,-8.0,328.0,9.0,0.0,0.0,0.0,0.0,39.32,2.51,2.47
2021/08/20,40.65,41.2,40.55,40.6,85.0,3493.0,0.2469,0.1126,58.0,-3.0,0.0,0.0,-3.0,336.0,8.0,0.0,0.0,0.0,0.0,39.42,2.52,2.46
2021/08/23,40.65,41.3,40.6,41.3,47.0,1929.0,1.7241,0.0623,29.0,10.0,0.0,0.0,10.0,336.0,0.0,0.0,0.0,0.0,0.0,40.1,2.56,2.42
2021/08/24,41.0,41.6,41.0,41.2,25.0,1054.0,-0.2421,0.0331,24.0,5.0,0.0,0.0,5.0,336.0,0.0,0.0,0.0,0.0,0.0,40.0,2.55,2.43
2021/08/25,41.75,42.8,41.75,42.75,82.0,3488.0,3.7621,0.1086,63.0,7.0,0.0,0.0,7.0,374.0,40.0,2.0,0.0,1.0,1.0,41.5,2.65,2.34
2021/08/26,43.0,43.0,42.2,42.4,98.0,4167.0,-0.8187,0.1298,51.0,-3.0,0.0,-1.0,-4.0,402.0,35.0,7.0,0.0,1.0,0.0,41.17,2.63,2.36
2021/08/27,42.15,42.7,42.15,42.5,31.0,1346.0,0.2358,0.0411,26.0,0.0,0.0,3.0,3.0,387.0,0.0,15.0,0.0,1.0,0.0,41.26,2.63,2.35
2021/08/30,42.5,42.5,42.15,42.15,31.0,1339.0,-0.8235,0.0411,36.0,2.0,0.0,1.0,3.0,371.0,2.0,18.0,0.0,1.0,0.0,40.92,2.61,2.37
2021/08/31,41.8,42.1,41.5,41.75,26.0,1104.0,-0.949,0.0344,31.0,-5.0,0.0,0.0,-5.0,377.0,8.0,2.0,1.0,0.0,0.0,40.53,2.59,2.4
2021/09/01,41.85,41.95,41.25,41.95,37.0,1542.0,0.479,0.049,38.0,-8.0,0.0,0.0,-8.0,377.0,0.0,0.0,0.0,0.0,0.0,40.73,2.6,2.38
2021/09/02,41.6,41.85,41.5,41.75,13.0,579.0,-0.4768,0.0172,17.0,2.0,0.0,0.0,2.0,376.0,0.0,1.0,0.0,0.0,0.0,40.53,2.59,2.4
2021/09/03,41.8,41.95,41.7,41.95,34.0,1421.0,0.479,0.045,28.0,8.0,0.0,3.0,11.0,373.0,0.0,3.0,0.0,0.0,0.0,40.73,2.6,2.38
2021/09/06,41.95,41.95,41.0,41.2,43.0,1798.0,-1.7878,0.057,37.0,-1.0,0.0,0.0,-1.0,363.0,0.0,10.0,0.0,0.0,0.0,40.0,2.55,2.43
2021/09/07,40.9,41.0,40.0,40.55,120.0,4857.0,-1.5777,0.159,92.0,-1.0,0.0,0.0,-1.0,285.0,2.0,80.0,0.0,0.0,0.0,39.37,2.51,2.47
2021/09/08,40.3,40.55,39.95,39.95,110.0,4432.0,-1.4797,0.1457,87.0,-2.0,0.0,0.0,-2.0,257.0,5.0,33.0,0.0,0.0,0.0,38.79,2.48,2.5
2021/09/09,40.2,40.95,40.2,40.45,31.0,1251.0,1.2516,0.0411,22.0,-6.0,0.0,0.0,-6.0,262.0,5.0,0.0,0.0,0.0,0.0,39.27,2.51,2.47
2021/09/10,41.15,41.15,40.5,40.7,27.0,1121.0,0.618,0.0358,38.0,0.0,0.0,0.0,0.0,262.0,0.0,0.0,0.0,0.0,0.0,39.51,2.52,2.46
2021/09/13,40.8,41.1,40.0,40.8,74.0,3016.0,0.2457,0.098,49.0,-1.0,0.0,0.0,-1.0,256.0,0.0,6.0,0.0,0.0,0.0,39.61,2.53,2.45
2021/09/14,40.9,41.6,40.9,41.0,38.0,1585.0,0.4902,0.0503,31.0,9.0,0.0,0.0,9.0,255.0,0.0,1.0,0.0,0.0,0.0,39.81,2.54,2.44
2021/09/15,41.0,41.0,40.9,41.0,40.0,1655.0,0.0,0.053,31.0,5.0,0.0,0.0,5.0,255.0,0.0,0.0,0.0,0.0,0.0,39.81,2.54,2.44
2021/09/16,41.0,41.0,40.7,40.7,21.0,871.0,1.7073,0.0278,21.0,-11.0,0.0,0.0,-11.0,256.0,1.0,0.0,0.0,0.0,0.0,39.51,2.52,2.46
2021/09/17,40.7,41.0,40.7,40.7,16.0,670.0,0.0,0.0212,16.0,-2.0,0.0,0.0,-2.0,255.0,0.0,1.0,0.0,0.0,0.0,39.51,2.52,2.46
2021/09/22,40.95,41.0,40.35,40.35,21.0,872.0,-0.86,0.0278,30.0,-10.0,0.0,-1.0,-11.0,255.0,0.0,0.0,0.0,0.0,0.0,39.17,2.5,2.48
2021/09/23,40.35,40.9,40.35,40.6,4.0,194.0,0.6196,0.0053,7.0,1.0,0.0,0.0,1.0,255.0,0.0,0.0,0.0,0.0,0.0,39.42,2.52,2.46
2021/09/24,41.0,41.35,41.0,41.2,13.0,541.0,1.4778,0.0172,14.0,0.0,0.0,0.0,0.0,256.0,1.0,0.0,0.0,0.0,0.0,40.0,2.55,2.43
2021/09/27,41.5,41.5,40.5,41.2,38.0,1597.0,0.0,0.0503,35.0,5.0,0.0,1.0,6.0,248.0,10.0,18.0,0.0,0.0,0.0,40.0,2.55,2.43
2021/09/28,41.45,42.0,41.35,41.7,76.0,3203.0,1.2136,0.1007,57.0,-4.0,0.0,0.0,-4.0,276.0,30.0,2.0,0.0,0.0,0.0,40.49,2.59,2.4
2021/09/29,41.7,41.7,41.6,41.65,38.0,1592.0,-0.1199,0.0503,35.0,-11.0,0.0,0.0,-11.0,276.0,0.0,0.0,0.0,0.0,0.0,40.44,2.58,2.4
2021/09/30,42.0,42.05,42.0,42.05,34.0,1451.0,0.9604,0.045,30.0,-1.0,0.0,0.0,-1.0,275.0,0.0,1.0,0.0,0.0,0.0,40.83,2.61,2.38
2021/10/01,41.7,42.0,41.3,41.4,50.0,2110.0,-1.5458,0.0662,56.0,-5.0,0.0,-1.0,-6.0,275.0,0.0,0.0,0.0,0.0,0.0,40.19,2.57,2.42
2021/10/04,41.5,42.3,41.5,42.2,134.0,5666.0,1.9324,0.1775,100.0,10.0,0.0,0.0,10.0,267.0,4.0,12.0,0.0,0.0,0.0,40.97,2.62,2.37
2021/10/05,42.2,42.8,42.15,42.5,64.0,2751.0,0.7109,0.0848,73.0,0.0,0.0,0.0,0.0,270.0,5.0,2.0,0.0,1.0,1.0,41.26,2.63,2.35
2021/10/06,42.55,43.0,42.55,42.6,103.0,4458.0,0.2353,0.1365,87.0,6.0,0.0,-1.0,5.0,273.0,3.0,0.0,0.0,1.0,0.0,41.36,2.64,2.35
2021/10/07,42.8,44.2,42.8,42.85,219.0,9514.0,0.5869,0.2901,161.0,25.0,0.0,3.0,28.0,277.0,5.0,1.0,0.0,1.0,0.0,41.6,2.66,2.33
2021/10/08,42.9,43.35,42.7,42.9,57.0,2476.0,0.1167,0.0755,45.0,-2.0,0.0,0.0,-2.0,278.0,1.0,0.0,0.0,1.0,0.0,41.65,2.66,2.33
2021/10/12,43.0,43.1,42.85,42.95,59.0,2565.0,0.1166,0.0782,57.0,-8.0,0.0,0.0,-8.0,279.0,3.0,2.0,0.0,1.0,0.0,41.7,2.66,2.33
2021/10/13,43.35,44.2,42.3,43.0,55.0,2396.0,0.1164,0.0729,60.0,-9.0,0.0,0.0,-9.0,277.0,0.0,2.0,0.0,1.0,0.0,41.75,2.67,2.33
2021/10/14,43.0,43.8,42.55,42.65,30.0,1305.0,-0.814,0.0397,31.0,-7.0,0.0,1.0,-6.0,278.0,1.0,0.0,0.0,1.0,0.0,41.41,2.64,2.34
2021/10/15,42.65,43.1,42.6,43.05,28.0,1204.0,0.9379,0.0371,28.0,-1.0,0.0,0.0,-1.0,278.0,0.0,0.0,0.0,1.0,0.0,41.8,2.67,2.32
2021/10/18,43.5,43.6,42.8,43.1,29.0,1273.0,0.1161,0.0384,32.0,7.0,0.0,0.0,7.0,275.0,0.0,3.0,0.0,1.0,0.0,41.84,2.67,2.32
2021/10/19,43.1,43.1,42.95,42.95,11.0,487.0,-0.348,0.0146,14.0,1.0,0.0,0.0,1.0,275.0,0.0,0.0,0.0,1.0,0.0,41.7,2.66,2.33
2021/10/20,42.9,42.9,42.4,42.65,23.0,1001.0,-0.6985,0.0305,28.0,-11.0,0.0,2.0,-9.0,274.0,0.0,1.0,0.0,1.0,0.0,41.41,2.64,2.34
2021/10/21,42.65,43.0,42.5,42.5,32.0,1374.0,-0.3517,0.0424,23.0,-4.0,0.0,0.0,-4.0,283.0,10.0,1.0,0.0,1.0,0.0,41.26,2.63,2.35
2021/10/22,42.35,42.35,42.05,42.35,42.0,1795.0,-0.3529,0.0556,34.0,1.0,0.0,0.0,1.0,271.0,1.0,13.0,0.0,1.0,0.0,41.12,2.63,2.36
2021/10/25,42.5,42.55,42.2,42.25,29.0,1231.0,-0.2361,0.0384,20.0,-1.0,0.0,0.0,-1.0,269.0,0.0,2.0,0.0,1.0,0.0,41.02,2.62,2.37
2021/10/26,42.25,42.3,42.15,42.15,53.0,2252.0,-0.2367,0.0702,39.0,15.0,0.0,0.0,15.0,270.0,1.0,0.0,0.0,1.0,0.0,40.92,2.61,2.37
2021/10/27,42.1,42.4,42.0,42.4,88.0,3705.0,0.5931,0.1166,36.0,-1.0,0.0,0.0,-1.0,217.0,0.0,53.0,0.0,1.0,0.0,41.17,2.63,2.36
2021/10/28,42.4,42.45,42.0,42.05,66.0,2806.0,-0.8255,0.0874,44.0,1.0,0.0,0.0,1.0,227.0,10.0,0.0,0.0,1.0,0.0,40.83,2.61,2.38
2021/10/29,42.15,42.3,42.0,42.25,96.0,4041.0,0.4756,0.1272,37.0,-4.0,0.0,-1.0,-5.0,168.0,0.0,59.0,0.0,1.0,0.0,41.02,2.62,2.37
2021/11/01,42.45,43.5,42.45,42.65,75.0,3228.0,0.9467,0.0994,45.0,6.0,0.0,1.0,7.0,174.0,15.0,9.0,0.0,1.0,0.0,41.41,2.64,2.34
2021/11/02,42.4,42.85,42.4,42.65,49.0,2103.0,0.0,0.0649,31.0,0.0,0.0,0.0,0.0,174.0,0.0,0.0,0.0,1.0,0.0,41.41,2.64,2.34
2021/11/03,42.65,42.75,42.6,42.7,17.0,731.0,0.1172,0.0225,18.0,-4.0,0.0,0.0,-4.0,173.0,0.0,0.0,0.0,1.0,0.0,41.46,2.65,2.34
2021/11/04,42.7,42.7,42.6,42.7,27.0,1152.0,0.0,0.0358,34.0,2.0,0.0,0.0,2.0,173.0,0.0,0.0,0.0,1.0,0.0,41.46,2.65,2.34
2021/11/05,42.8,42.9,42.65,42.85,30.0,1312.0,0.3513,0.0397,25.0,1.0,0.0,0.0,1.0,171.0,0.0,2.0,0.0,1.0,0.0,41.6,2.66,2.33
2021/11/08,43.05,43.45,43.05,43.25,106.0,4618.0,0.9335,0.1404,78.0,8.0,0.0,0.0,8.0,170.0,0.0,1.0,0.0,1.0,0.0,41.99,2.68,2.31
2021/11/09,43.25,43.4,43.2,43.25,50.0,2179.0,0.0,0.0662,57.0,-1.0,0.0,6.0,5.0,175.0,5.0,0.0,0.0,1.0,0.0,41.99,2.68,2.31
2021/11/10,43.3,43.35,43.25,43.25,42.0,1828.0,0.0,0.0556,39.0,0.0,0.0,2.0,2.0,177.0,2.0,0.0,0.0,1.0,0.0,41.99,2.68,2.31
2021/11/11,43.3,43.3,42.2,42.55,92.0,3963.0,-1.6185,0.1219,76.0,2.0,0.0,4.0,6.0,175.0,3.0,5.0,1.0,0.0,0.0,,2.81,2.35
2021/11/12,42.45,43.0,42.3,42.55,37.0,1602.0,0.0,0.049,44.0,0.0,0.0,5.0,5.0,172.0,0.0,3.0,0.0,0.0,0.0,,2.81,2.35
2021/11/15,42.65,43.0,42.65,43.0,49.0,2117.0,1.0576,0.0649,43.0,7.0,0.0,3.0,10.0,173.0,2.0,1.0,0.0,0.0,0.0,,2.84,2.33
2021/11/16,43.0,43.2,42.7,43.1,57.0,2478.0,0.2326,0.0755,54.0,0.0,0.0,0.0,0.0,174.0,2.0,1.0,0.0,0.0,0.0,,2.84,2.32
2021/11/17,42.5,42.85,42.05,42.45,80.0,3424.0,1.4294,0.0884,62.0,-3.0,0.0,0.0,-3.0,173.0,2.0,3.0,0.0,1.0,1.0,,2.8,2.36
2021/11/18,42.45,42.6,42.35,42.6,20.0,871.0,0.3534,0.0221,21.0,3.0,0.0,1.0,4.0,173.0,0.0,0.0,0.0,1.0,0.0,,2.81,2.35
2021/11/19,42.55,42.6,42.45,42.5,58.0,2488.0,-0.2347,0.0641,38.0,8.0,0.0,-16.0,-8.0,172.0,0.0,1.0,0.0,1.0,0.0,,2.81,2.35
2021/11/22,42.5,42.55,42.3,42.55,54.0,2290.0,0.1176,0.0597,44.0,-2.0,0.0,0.0,-2.0,172.0,1.0,1.0,0.0,1.0,0.0,,2.81,2.35
2021/11/23,42.8,43.0,42.5,42.5,19.0,825.0,-0.1175,0.021,19.0,-3.0,0.0,0.0,-3.0,172.0,0.0,0.0,0.0,1.0,0.0,,2.81,2.35
2021/11/24,42.55,42.8,42.5,42.65,46.0,1973.0,0.3529,0.0508,24.0,-1.0,0.0,0.0,-1.0,173.0,1.0,0.0,0.0,1.0,0.0,,2.82,2.34
2021/11/25,42.65,42.65,42.2,42.5,41.0,1762.0,-0.3517,0.0453,30.0,0.0,0.0,0.0,0.0,168.0,0.0,5.0,0.0,1.0,0.0,,2.81,2.35
2021/11/26,42.3,42.3,42.0,42.0,71.0,3025.0,-1.1765,0.0785,54.0,-13.0,0.0,0.0,-13.0,168.0,0.0,0.0,0.0,1.0,0.0,,2.77,2.38
2021/11/29,41.0,41.0,39.6,40.4,165.0,6634.0,-3.8095,0.1824,155.0,0.0,0.0,0.0,0.0,173.0,15.0,10.0,0.0,1.0,0.0,,2.67,2.48
2021/11/30,40.3,40.9,40.05,40.5,75.0,3040.0,0.2475,0.0829,77.0,-8.0,0.0,0.0,-8.0,173.0,0.0,0.0,0.0,2.0,1.0,,2.67,2.47
2021/12/01,40.5,40.5,40.05,40.4,59.0,2395.0,-0.2469,0.0652,64.0,3.0,0.0,0.0,3.0,184.0,11.0,0.0,0.0,2.0,0.0,,2.67,2.48
2021/12/02,40.25,40.35,40.2,40.3,53.0,2142.0,-0.2475,0.0586,43.0,-1.0,0.0,0.0,-1.0,196.0,12.0,0.0,0.0,3.0,1.0,,2.66,2.48
2021/12/03,40.3,40.75,40.15,40.6,66.0,2696.0,0.7444,0.0729,68.0,3.0,0.0,0.0,3.0,194.0,1.0,3.0,0.0,3.0,0.0,,2.68,2.46
2021/12/06,40.6,40.6,40.1,40.2,99.0,4026.0,-0.9852,0.1094,87.0,5.0,0.0,-1.0,4.0,194.0,1.0,1.0,0.0,7.0,4.0,,2.65,2.49
2021/12/07,40.3,40.4,40.1,40.15,66.0,2685.0,-0.1244,0.0729,67.0,-2.0,0.0,0.0,-2.0,204.0,11.0,1.0,0.0,7.0,0.0,,2.65,2.49
2021/12/08,40.3,40.9,40.3,40.4,51.0,2097.0,0.6227,0.0564,56.0,6.0,0.0,0.0,6.0,205.0,1.0,0.0,0.0,8.0,1.0,,2.67,2.48
2021/12/09,40.4,40.6,40.3,40.3,28.0,1147.0,-0.2475,0.0309,34.0,-2.0,0.0,0.0,-2.0,205.0,0.0,0.0,0.0,9.0,1.0,,2.66,2.48
2021/12/10,40.4,40.7,40.2,40.3,72.0,2914.0,0.0,0.0796,59.0,4.0,0.0,0.0,4.0,202.0,0.0,3.0,0.0,12.0,3.0,,2.66,2.48
2021/12/13,40.35,41.2,40.35,40.5,42.0,1733.0,0.4963,0.0464,35.0,2.0,0.0,0.0,2.0,197.0,0.0,5.0,0.0,13.0,1.0,,2.67,2.47
2021/12/14,40.5,40.5,40.2,40.25,40.0,1622.0,-0.6173,0.0442,36.0,-2.0,0.0,0.0,-2.0,190.0,0.0,7.0,0.0,18.0,5.0,,2.66,2.48
2021/12/15,40.5,40.55,40.2,40.3,40.0,1629.0,0.1242,0.0442,37.0,-4.0,0.0,0.0,-4.0,191.0,1.0,0.0,0.0,18.0,0.0,,2.66,2.48
2021/12/16,39.0,39.5,38.8,39.3,772.0,30291.0,-2.4814,0.8532,840.0,-2.0,0.0,-23.0,-25.0,255.0,66.0,0.0,15.0,0.0,0.0,,2.59,2.54
2021/12/17,39.2,39.25,39.05,39.1,131.0,5165.0,-0.5089,0.1448,167.0,-8.0,0.0,-5.0,-13.0,266.0,11.0,0.0,0.0,0.0,0.0,,2.58,2.56
2021/12/20,39.05,39.1,38.95,39.0,131.0,5145.0,-0.2558,0.1448,131.0,-7.0,0.0,-9.0,-16.0,280.0,16.0,2.0,0.0,0.0,0.0,,2.57,2.56
2021/12/21,38.95,38.95,38.75,38.85,107.0,4168.0,-0.3846,0.1183,125.0,-1.0,0.0,-15.0,-16.0,281.0,1.0,0.0,0.0,0.0,0.0,,2.56,2.57
2021/12/22,38.85,39.0,38.75,38.95,113.0,4413.0,0.2574,0.1249,106.0,9.0,0.0,-45.0,-36.0,281.0,2.0,2.0,0.0,0.0,0.0,,2.57,2.57
2021/12/23,39.0,39.15,38.9,38.95,149.0,5829.0,0.0,0.1647,139.0,5.0,0.0,-52.0,-47.0,283.0,2.0,0.0,0.0,0.0,0.0,,2.57,2.57
2021/12/24,38.95,39.0,38.85,39.0,68.0,2683.0,0.1284,0.0752,81.0,8.0,0.0,-38.0,-30.0,279.0,0.0,4.0,0.0,0.0,0.0,,2.57,2.56
2021/12/27,38.95,39.05,38.95,39.0,68.0,2677.0,0.0,0.0752,72.0,4.0,0.0,-20.0,-16.0,279.0,0.0,0.0,0.0,0.0,0.0,,2.57,2.56
2021/12/28,39.2,39.5,39.1,39.35,43.0,1709.0,0.8974,0.0475,55.0,2.0,0.0,0.0,2.0,278.0,1.0,2.0,0.0,0.0,0.0,,2.6,2.54
2021/12/29,39.3,39.5,39.2,39.35,84.0,3328.0,0.0,0.0928,92.0,1.0,0.0,0.0,1.0,286.0,8.0,0.0,0.0,0.0,0.0,,2.6,2.54
2021/12/30,39.45,39.5,39.4,39.45,55.0,2173.0,0.2541,0.0608,51.0,9.0,0.0,0.0,9.0,271.0,0.0,15.0,0.0,0.0,0.0,,2.6,2.53
2022/01/03,39.6,39.7,39.45,39.7,98.0,3880.0,0.6337,0.1083,99.0,15.0,0.0,0.0,15.0,258.0,0.0,13.0,0.0,0.0,0.0,,2.52,2.61
2022/01/04,39.7,39.9,39.35,39.5,56.0,2244.0,-0.5038,0.0619,485.0,-7.0,0.0,1.0,-6.0,246.0,0.0,12.0,0.0,0.0,0.0,,2.61,2.53
2022/01/05,39.55,39.6,39.25,39.3,66.0,2630.0,-0.5063,0.0729,78.0,-9.0,0.0,0.0,-9.0,245.0,1.0,0.0,0.0,0.0,0.0,,2.59,2.54
2022/01/06,39.3,39.3,38.95,39.1,93.0,3659.0,-0.5089,0.1028,81.0,-1.0,0.0,-2.0,-3.0,248.0,3.0,0.0,0.0,0.0,0.0,,2.58,2.56
2022/01/07,39.15,39.15,38.7,38.8,118.0,4587.0,-0.7673,0.1304,90.0,-9.0,0.0,0.0,-9.0,234.0,5.0,19.0,0.0,0.0,0.0,,2.56,2.58
2022/01/10,38.5,38.6,38.45,38.6,89.0,3464.0,-0.5155,0.0984,102.0,-6.0,0.0,0.0,-6.0,235.0,1.0,0.0,0.0,0.0,0.0,,2.55,2.59
2022/01/11,39.0,39.1,38.6,38.9,83.0,3260.0,0.7772,0.0917,86.0,-4.0,0.0,0.0,-4.0,235.0,0.0,0.0,0.0,0.0,0.0,,2.57,2.57
2022/01/12,38.85,38.85,38.35,38.8,45.0,1764.0,-0.2571,0.0497,218.0,7.0,0.0,0.0,7.0,235.0,0.0,0.0,0.0,0.0,0.0,,2.56,2.58
2022/01/13,38.6,38.6,38.45,38.5,24.0,957.0,-0.7732,0.0265,98.0,3.0,0.0,0.0,3.0,235.0,0.0,0.0,0.0,0.0,0.0,,2.54,2.6
2022/01/14,38.7,38.7,38.3,38.4,47.0,1826.0,-0.2597,0.0519,50.0,0.0,0.0,0.0,0.0,236.0,1.0,0.0,0.0,0.0,0.0,,2.53,2.6
2022/01/17,38.05,38.5,38.0,38.4,85.0,3260.0,0.0,0.0939,91.0,12.0,0.0,0.0,12.0,218.0,0.0,18.0,0.0,0.0,0.0,,2.53,2.6
2022/01/18,38.15,38.4,38.1,38.25,40.0,1549.0,-0.3906,0.0442,85.0,-1.0,0.0,0.0,-1.0,218.0,0.0,0.0,0.0,0.0,0.0,,2.52,2.61
2022/01/19,38.2,38.3,38.1,38.25,32.0,1236.0,0.0,0.0354,33.0,-4.0,0.0,0.0,-4.0,225.0,7.0,0.0,0.0,0.0,0.0,,2.52,2.61
2022/01/20,38.25,38.45,38.2,38.4,35.0,1362.0,0.3922,0.0387,42.0,4.0,0.0,0.0,4.0,228.0,3.0,0.0,0.0,0.0,0.0,,2.53,2.6
2022/01/21,38.3,38.3,38.15,38.2,55.0,2124.0,-0.5208,0.0608,51.0,-10.0,0.0,0.0,-10.0,227.0,0.0,1.0,0.0,0.0,0.0,,2.52,2.62
2022/01/24,38.1,38.1,37.65,38.0,84.0,3217.0,-0.5236,0.0928,91.0,-5.0,0.0,0.0,-5.0,228.0,1.0,0.0,0.0,0.0,0.0,,2.51,2.63
2022/01/25,38.0,38.0,37.85,37.85,43.0,1659.0,-0.3947,0.0475,59.0,-5.0,0.0,0.0,-5.0,227.0,1.0,1.0,0.0,0.0,0.0,,2.5,2.64
2022/01/26,38.0,38.4,37.7,37.8,70.0,2687.0,-0.1321,0.0774,60.0,0.0,0.0,0.0,0.0,226.0,0.0,1.0,0.0,0.0,0.0,,2.5,2.65
2022/02/07,37.8,38.6,37.8,38.6,57.0,2199.0,2.1164,0.063,63.0,-3.0,0.0,0.0,-3.0,229.0,6.0,3.0,0.0,0.0,0.0,,2.55,2.59
2022/02/08,38.8,39.15,38.7,39.0,60.0,2356.0,1.0363,0.0663,119.0,16.0,0.0,0.0,16.0,227.0,5.0,7.0,0.0,0.0,0.0,,2.57,2.56
2022/02/09,39.0,39.2,39.0,39.05,87.0,3420.0,0.1282,0.0962,75.0,9.0,0.0,0.0,9.0,220.0,0.0,7.0,0.0,0.0,0.0,,2.58,2.56
2022/02/10,39.3,39.3,39.15,39.15,12.0,479.0,0.2561,0.0133,18.0,-3.0,0.0,0.0,-3.0,220.0,0.0,0.0,0.0,0.0,0.0,,2.58,2.55
2022/02/11,39.15,39.3,39.1,39.3,64.0,2517.0,0.3831,0.0707,61.0,-1.0,0.0,0.0,-1.0,224.0,4.0,0.0,0.0,0.0,0.0,,2.59,2.54
2022/02/14,39.3,39.4,39.2,39.2,42.0,1684.0,-0.2545,0.0464,50.0,0.0,0.0,0.0,0.0,219.0,0.0,5.0,0.0,0.0,0.0,,2.59,2.55
2022/02/15,39.2,39.9,39.2,39.65,150.0,5981.0,1.148,0.1658,136.0,1.0,0.0,0.0,1.0,226.0,16.0,9.0,0.0,0.0,0.0,,2.62,2.52
2022/02/16,39.7,40.65,39.7,40.55,257.0,10362.0,2.2699,0.284,265.0,26.0,0.0,0.0,26.0,210.0,9.0,25.0,0.0,0.0,0.0,,2.68,2.47
2022/02/17,40.65,42.05,40.45,41.4,523.0,21672.0,2.0962,0.578,476.0,-7.0,0.0,0.0,-7.0,227.0,52.0,35.0,0.0,0.0,0.0,,2.73,2.42
2022/02/18,41.7,42.55,41.3,42.25,319.0,13398.0,2.0531,0.3526,569.0,1.0,0.0,0.0,1.0,214.0,7.0,20.0,0.0,0.0,0.0,,2.79,2.37
2022/02/21,42.25,42.35,41.55,41.8,228.0,9612.0,-1.0651,0.252,242.0,-16.0,0.0,0.0,-16.0,202.0,7.0,19.0,0.0,0.0,0.0,,2.76,2.39
2022/02/22,41.95,41.95,41.2,41.2,151.0,6285.0,-1.4354,0.1669,251.0,-7.0,0.0,0.0,-7.0,192.0,23.0,33.0,0.0,0.0,0.0,,2.72,2.43
2022/02/23,41.2,42.0,41.15,41.4,82.0,3392.0,0.4854,0.0906,79.0,12.0,0.0,0.0,12.0,178.0,2.0,16.0,0.0,0.0,0.0,,2.73,2.42
2022/02/24,41.4,44.6,41.05,41.7,807.0,34466.0,0.7246,0.8919,672.0,-16.0,0.0,0.0,-16.0,181.0,37.0,34.0,0.0,0.0,0.0,,2.75,2.4
2022/02/25,41.85,43.0,41.8,42.15,226.0,9587.0,1.0791,0.2498,267.0,3.0,0.0,0.0,3.0,174.0,12.0,19.0,0.0,0.0,0.0,,2.78,2.37
2022/03/01,41.85,42.5,41.85,42.2,62.0,2648.0,0.1186,0.0685,64.0,13.0,0.0,0.0,13.0,186.0,17.0,5.0,0.0,0.0,0.0,,2.79,2.37
2022/03/02,42.5,42.5,41.9,42.0,111.0,4695.0,-0.4739,0.1227,84.0,14.0,0.0,0.0,14.0,228.0,46.0,4.0,0.0,0.0,0.0,,2.77,2.38
2022/03/03,42.15,42.35,41.3,42.3,98.0,4121.0,0.7143,0.1083,77.0,37.0,0.0,0.0,37.0,226.0,1.0,3.0,0.0,0.0,0.0,,2.79,2.36
2022/03/04,42.3,42.45,41.6,41.8,75.0,3179.0,-1.182,0.0829,96.0,-10.0,0.0,0.0,-10.0,230.0,8.0,4.0,0.0,0.0,0.0,,2.76,2.39
2022/03/07,41.5,41.6,40.6,40.65,152.0,6226.0,-2.7512,0.168,140.0,-15.0,0.0,0.0,-15.0,249.0,21.0,2.0,0.0,0.0,0.0,,2.68,2.46
2022/03/08,40.1,41.0,39.9,39.9,139.0,5609.0,-1.845,0.1536,163.0,5.0,0.0,-8.0,-3.0,250.0,2.0,1.0,0.0,0.0,0.0,,2.63,2.51
2022/03/09,40.2,40.8,39.8,40.35,53.0,2174.0,1.1278,0.0586,77.0,0.0,0.0,-3.0,-3.0,260.0,10.0,0.0,0.0,0.0,0.0,,2.66,2.48
2022/03/10,40.35,41.2,40.35,40.75,67.0,2759.0,0.9913,0.074,69.0,14.0,0.0,-1.0,13.0,275.0,16.0,1.0,0.0,0.0,0.0,,2.69,2.45
2022/03/11,40.65,40.65,40.0,40.0,78.0,3134.0,-1.8405,0.0862,181.0,0.0,0.0,-1.0,-1.0,285.0,10.0,0.0,0.0,0.0,0.0,,2.09,2.5
2022/03/14,40.5,40.7,40.15,40.3,35.0,1433.0,0.75,0.0387,62.0,-6.0,0.0,0.0,-6.0,284.0,0.0,1.0,0.0,0.0,0.0,,2.11,2.48
2022/03/15,41.0,41.0,39.85,39.95,92.0,3696.0,-0.8685,0.1017,86.0,-9.0,0.0,-2.0,-11.0,290.0,6.0,0.0,0.0,0.0,0.0,,2.09,2.5
2022/03/16,40.0,40.05,39.55,39.9,57.0,2312.0,-0.1252,0.063,62.0,-10.0,0.0,0.0,-10.0,294.0,10.0,6.0,0.0,0.0,0.0,,2.09,2.51
2022/03/17,39.95,40.8,39.95,40.7,70.0,2881.0,2.005,0.0774,65.0,31.0,0.0,0.0,31.0,299.0,5.0,0.0,0.0,0.0,0.0,,2.13,2.46
2022/03/18,40.6,40.7,40.6,40.6,33.0,1349.0,-0.2457,0.0365,28.0,2.0,0.0,0.0,2.0,303.0,4.0,0.0,0.0,0.0,0.0,,2.13,2.46
2022/03/21,40.6,40.6,40.1,40.2,48.0,1968.0,-0.9852,0.053,50.0,-2.0,0.0,0.0,-2.0,297.0,1.0,7.0,0.0,0.0,0.0,,2.1,2.49
2022/03/22,40.25,40.6,40.15,40.3,28.0,1132.0,0.2488,0.0309,27.0,-1.0,0.0,0.0,-1.0,297.0,0.0,0.0,0.0,0.0,0.0,,2.11,2.48
2022/03/23,40.3,40.7,40.3,40.5,57.0,2325.0,0.4963,0.063,58.0,5.0,0.0,0.0,5.0,299.0,3.0,1.0,0.0,0.0,0.0,,2.13,2.46
2022/03/24,40.5,40.7,40.3,40.3,57.0,2327.0,-0.4938,0.063,133.0,-10.0,0.0,0.0,-10.0,300.0,1.0,0.0,0.0,0.0,0.0,,2.11,2.48
2022/03/25,40.35,40.45,40.2,40.25,39.0,1601.0,-0.1241,0.0431,38.0,-8.0,0.0,0.0,-8.0,301.0,1.0,0.0,0.0,0.0,0.0,,2.11,2.48
2022/03/28,40.2,40.2,39.5,39.9,54.0,2158.0,-0.8696,0.0597,122.0,-6.0,0.0,0.0,-6.0,300.0,1.0,2.0,0.0,0.0,0.0,,2.09,2.51
2022/03/29,40.0,40.4,40.0,40.4,4.0,169.0,1.2531,0.0044,11.0,3.0,0.0,0.0,3.0,300.0,0.0,0.0,0.0,0.0,0.0,,2.12,1.24
2022/03/30,40.45,40.45,40.1,40.2,23.0,928.0,-0.495,0.0254,30.0,2.0,0.0,0.0,2.0,301.0,1.0,0.0,0.0,0.0,0.0,,2.1,1.24
2022/03/31,40.2,40.4,40.0,40.4,21.0,874.0,0.4975,0.0232,28.0,1.0,0.0,0.0,1.0,301.0,0.0,0.0,0.0,0.0,0.0,,2.12,1.24
2022/04/01,40.2,40.4,40.0,40.05,18.0,735.0,-0.8663,0.0199,27.0,-1.0,0.0,0.0,-1.0,301.0,0.0,0.0,0.0,0.0,0.0,,2.1,1.25
2022/04/06,40.05,40.1,39.95,40.0,29.0,1195.0,-0.1248,0.0321,38.0,-3.0,0.0,0.0,-3.0,301.0,0.0,0.0,0.0,0.0,0.0,,2.09,1.25
2022/04/07,40.0,40.05,39.7,39.85,58.0,2317.0,-0.375,0.0641,61.0,-13.0,0.0,0.0,-13.0,305.0,4.0,0.0,0.0,0.0,0.0,,2.09,1.25
2022/04/08,40.0,40.2,39.8,39.85,48.0,1915.0,0.0,0.053,47.0,-5.0,0.0,0.0,-5.0,307.0,2.0,0.0,0.0,0.0,0.0,,2.09,1.25
2022/04/11,39.9,39.95,39.8,39.85,34.0,1367.0,0.0,0.0376,48.0,-3.0,0.0,0.0,-3.0,305.0,0.0,2.0,0.0,0.0,0.0,,2.09,1.25
2022/04/12,39.8,40.85,39.8,40.6,52.0,2111.0,1.8821,0.0575,77.0,-1.0,0.0,0.0,-1.0,311.0,6.0,0.0,0.0,0.0,0.0,,2.13,1.23
2022/04/13,40.75,41.85,40.05,41.75,394.0,16345.0,2.8325,0.4354,346.0,23.0,0.0,1.0,24.0,317.0,9.0,3.0,0.0,0.0,0.0,,2.19,1.2
2022/04/14,41.85,42.2,41.1,41.25,194.0,8135.0,-1.1976,0.2144,150.0,-21.0,0.0,4.0,-17.0,326.0,10.0,1.0,0.0,0.0,0.0,,2.16,1.21
2022/04/15,41.25,41.3,40.5,41.0,78.0,3236.0,-0.6061,0.0862,49.0,8.0,0.0,0.0,8.0,326.0,1.0,1.0,0.0,0.0,0.0,,2.15,1.22
2022/04/18,40.9,40.9,40.05,40.25,57.0,2325.0,-1.8293,0.063,52.0,-1.0,0.0,0.0,-1.0,319.0,0.0,7.0,0.0,0.0,0.0,,2.11,1.24
2022/04/19,40.35,40.5,40.1,40.2,35.0,1438.0,-0.1242,0.0387,38.0,-1.0,0.0,0.0,-1.0,318.0,1.0,2.0,0.0,0.0,0.0,,2.1,1.24
2022/04/20,40.1,40.55,40.0,40.25,46.0,1864.0,0.1244,0.0508,40.0,3.0,0.0,0.0,3.0,318.0,0.0,0.0,0.0,0.0,0.0,,2.11,1.24
2022/04/21,40.25,40.3,40.0,40.0,43.0,1733.0,-0.6211,0.0475,29.0,2.0,0.0,0.0,2.0,318.0,0.0,0.0,0.0,0.0,0.0,,2.09,1.25
2022/04/22,39.9,40.25,39.85,40.15,62.0,2488.0,0.375,0.0685,37.0,0.0,0.0,0.0,0.0,318.0,1.0,1.0,0.0,0.0,0.0,,2.1,1.25
2022/04/25,39.75,40.0,39.65,39.8,71.0,2836.0,-0.8717,0.0785,79.0,-4.0,0.0,0.0,-4.0,314.0,4.0,8.0,0.0,0.0,0.0,,2.08,1.26
2022/04/26,39.8,39.95,39.75,39.85,37.0,1475.0,0.1256,0.0409,31.0,-1.0,0.0,0.0,-1.0,314.0,0.0,0.0,0.0,0.0,0.0,,2.09,1.25
2022/04/27,39.85,39.85,39.1,39.1,73.0,2921.0,-1.8821,0.0807,155.0,-15.0,0.0,0.0,-15.0,315.0,1.0,0.0,0.0,0.0,0.0,,2.05,1.28
2022/04/28,39.3,40.05,39.25,39.85,31.0,1222.0,1.9182,0.0343,32.0,3.0,0.0,1.0,4.0,315.0,1.0,1.0,0.0,0.0,0.0,,2.09,1.25
2022/04/29,39.4,40.4,39.2,39.8,63.0,2507.0,-0.1255,0.0696,75.0,7.0,0.0,1.0,8.0,314.0,0.0,1.0,0.0,0.0,0.0,,2.08,1.26
2022/05/03,39.7,40.05,39.7,40.05,23.0,931.0,0.6281,0.0254,34.0,3.0,0.0,0.0,3.0,313.0,0.0,1.0,0.0,0.0,0.0,,2.1,1.25
2022/05/04,40.3,40.35,39.95,39.95,29.0,1192.0,-0.2497,0.0321,31.0,2.0,0.0,0.0,2.0,314.0,1.0,0.0,0.0,0.0,0.0,,2.09,1.25
2022/05/05,40.5,40.6,40.1,40.35,22.0,906.0,1.0013,0.0243,29.0,0.0,0.0,1.0,1.0,313.0,0.0,1.0,0.0,0.0,0.0,,2.11,1.24
2022/05/06,39.8,40.4,39.8,40.2,39.0,1573.0,-0.3717,0.0431,32.0,3.0,0.0,-2.0,1.0,313.0,0.0,0.0,0.0,0.0,0.0,,2.1,1.24
2022/05/09,40.05,40.05,39.8,39.85,49.0,1973.0,-0.8706,0.0542,52.0,-5.0,0.0,0.0,-5.0,313.0,0.0,0.0,0.0,0.0,0.0,,2.09,1.25
2022/05/10,39.85,40.1,39.65,39.85,52.0,2103.0,0.0,0.0575,59.0,-5.0,0.0,-3.0,-8.0,314.0,3.0,2.0,0.0,0.0,0.0,,2.09,1.25
2022/05/11,39.9,39.95,39.7,39.85,16.0,657.0,0.0,0.0177,23.0,3.0,0.0,-2.0,1.0,312.0,0.0,2.0,0.0,0.0,0.0,,2.09,1.25
2022/05/12,39.65,39.75,39.35,39.45,43.0,1732.0,-1.0038,0.0475,56.0,-4.0,0.0,0.0,-4.0,312.0,2.0,2.0,0.0,0.0,0.0,328.75,2.04,1.27
2022/05/13,39.55,39.6,39.5,39.6,24.0,957.0,0.3802,0.0265,28.0,1.0,0.0,0.0,1.0,312.0,0.0,0.0,0.0,0.0,0.0,330.0,2.05,1.26
2022/05/16,39.6,39.8,39.45,39.8,22.0,901.0,0.5051,0.0243,22.0,2.0,0.0,0.0,2.0,312.0,0.0,0.0,0.0,0.0,0.0,331.67,2.06,1.26
2022/05/17,39.8,39.95,39.5,39.95,21.0,842.0,0.3769,0.0232,18.0,2.0,0.0,-1.0,1.0,312.0,0.0,0.0,0.0,0.0,0.0,332.92,2.06,1.25
2022/05/18,39.9,40.0,39.7,39.9,36.0,1468.0,-0.1252,0.0398,30.0,-3.0,0.0,0.0,-3.0,306.0,0.0,6.0,0.0,0.0,0.0,332.5,2.06,1.25
2022/05/19,39.95,40.0,39.75,39.75,10.0,436.0,-0.3759,0.0111,20.0,-1.0,0.0,1.0,0.0,306.0,0.0,0.0,0.0,0.0,0.0,331.25,2.05,1.26
2022/05/20,39.15,39.8,39.15,39.8,44.0,1759.0,0.1258,0.0486,42.0,7.0,0.0,-7.0,0.0,308.0,2.0,0.0,0.0,0.0,0.0,331.67,2.06,1.26
2022/05/23,39.7,39.8,39.7,39.7,13.0,528.0,-0.2513,0.0144,16.0,0.0,0.0,0.0,0.0,313.0,5.0,0.0,0.0,0.0,0.0,330.83,2.05,1.26
2022/05/24,39.7,39.9,39.5,39.7,42.0,1663.0,0.0,0.0464,35.0,0.0,0.0,0.0,0.0,313.0,0.0,0.0,0.0,0.0,0.0,330.83,2.05,1.26
2022/05/25,39.5,39.8,39.5,39.8,21.0,865.0,0.2519,0.0232,29.0,2.0,0.0,0.0,2.0,313.0,0.0,0.0,0.0,0.0,0.0,331.67,2.06,1.26
2022/05/26,40.0,40.0,39.7,39.75,16.0,656.0,-0.1256,0.0177,18.0,4.0,0.0,0.0,4.0,313.0,0.0,0.0,0.0,0.0,0.0,331.25,2.05,1.26
2022/05/27,40.05,40.8,39.8,39.8,62.0,2520.0,0.1258,0.0685,87.0,1.0,0.0,-2.0,-1.0,313.0,0.0,0.0,0.0,0.0,0.0,331.67,2.06,1.26
2022/05/30,39.9,40.55,39.9,40.35,134.0,5407.0,1.3819,0.1481,125.0,11.0,0.0,-6.0,5.0,319.0,6.0,0.0,0.0,0.0,0.0,336.25,2.08,1.24
2022/05/31,40.5,40.7,40.4,40.5,97.0,3941.0,0.3717,0.1072,71.0,6.0,0.0,1.0,7.0,322.0,10.0,7.0,0.0,0.0,0.0,337.5,2.09,1.23
2022/06/01,40.6,40.85,40.45,40.85,56.0,2309.0,0.8642,0.0619,53.0,-1.0,0.0,0.0,-1.0,316.0,1.0,7.0,0.0,0.0,0.0,340.42,2.11,1.22
2022/06/02,40.85,42.0,40.85,41.5,277.0,11558.0,1.5912,0.3061,228.0,14.0,0.0,-4.0,10.0,315.0,28.0,29.0,0.0,0.0,0.0,345.83,2.14,1.2
2022/06/06,41.45,45.15,41.45,44.0,1210.0,53447.0,6.0241,1.3373,933.0,-22.0,0.0,-1.0,-23.0,428.0,177.0,64.0,0.0,0.0,0.0,366.67,2.27,1.14
2022/06/07,44.0,44.4,43.0,43.9,455.0,19985.0,-0.2273,0.5029,283.0,-43.0,0.0,15.0,-28.0,408.0,25.0,45.0,0.0,1.0,1.0,365.83,2.27,1.14
2022/06/08,43.75,44.5,43.1,44.1,354.0,15459.0,0.4556,0.3912,285.0,7.0,0.0,11.0,18.0,405.0,40.0,43.0,0.0,1.0,0.0,367.5,2.28,1.13
2022/06/09,44.25,45.25,43.65,43.7,427.0,19024.0,-0.907,0.4719,503.0,-27.0,0.0,0.0,-27.0,459.0,82.0,28.0,0.0,1.0,0.0,364.17,2.26,1.14
2022/06/10,43.1,43.6,42.95,43.4,125.0,5426.0,-0.6865,0.1381,125.0,2.0,0.0,0.0,2.0,449.0,4.0,14.0,0.0,1.0,0.0,361.67,2.24,1.15
2022/06/13,43.4,44.8,42.95,43.35,224.0,9766.0,-0.1152,0.2476,297.0,-29.0,0.0,-2.0,-31.0,455.0,26.0,20.0,1.0,0.0,0.0,361.25,2.24,1.15
2022/06/14,43.5,43.5,42.25,42.4,130.0,5566.0,-2.1915,0.1437,214.0,-40.0,0.0,0.0,-40.0,460.0,20.0,15.0,0.0,0.0,0.0,353.33,2.19,1.18
2022/06/15,42.55,43.4,42.25,43.3,128.0,5517.0,2.1226,0.1415,120.0,14.0,0.0,0.0,14.0,475.0,26.0,11.0,0.0,0.0,0.0,360.83,2.24,1.15
2022/06/16,43.45,44.0,42.85,43.0,115.0,4999.0,-0.6928,0.1271,108.0,11.0,0.0,0.0,11.0,461.0,2.0,16.0,0.0,0.0,0.0,358.33,2.22,1.16
2022/06/17,43.0,43.45,42.5,43.3,114.0,4929.0,0.6977,0.126,83.0,22.0,0.0,0.0,22.0,437.0,19.0,43.0,0.0,0.0,0.0,360.83,2.24,1.15
2022/06/20,43.7,43.7,41.5,41.5,137.0,5823.0,-4.157,0.1514,164.0,-1.0,0.0,5.0,4.0,438.0,3.0,2.0,0.0,0.0,0.0,345.83,2.14,1.2
2022/06/21,42.65,42.95,42.1,42.6,92.0,3940.0,2.6506,0.1017,84.0,37.0,0.0,2.0,39.0,451.0,36.0,23.0,0.0,0.0,0.0,355.0,2.2,1.17
2022/06/22,42.6,43.4,41.65,41.95,96.0,4078.0,-1.5258,0.1061,69.0,-1.0,0.0,1.0,0.0,448.0,12.0,15.0,0.0,0.0,0.0,349.58,2.17,1.19
2022/06/23,42.0,42.4,41.1,41.85,232.0,9748.0,-0.2384,0.2564,141.0,41.0,0.0,6.0,47.0,422.0,6.0,32.0,0.0,0.0,0.0,348.75,2.16,1.19
2022/06/24,42.4,43.0,42.2,42.35,244.0,10354.0,1.1947,0.2697,126.0,116.0,0.0,3.0,119.0,443.0,26.0,5.0,0.0,0.0,0.0,352.92,2.19,1.18
2022/06/27,43.0,44.45,43.0,43.8,276.0,12136.0,3.4238,0.305,241.0,33.0,0.0,3.0,36.0,468.0,55.0,30.0,0.0,0.0,0.0,365.0,2.26,1.14
2022/06/28,44.1,44.1,43.4,43.9,109.0,4800.0,0.2283,0.1205,92.0,4.0,0.0,0.0,4.0,478.0,12.0,2.0,0.0,0.0,0.0,365.83,2.27,1.14
2022/06/29,43.85,45.0,43.8,44.45,306.0,13655.0,1.2528,0.3382,232.0,30.0,0.0,1.0,31.0,511.0,59.0,26.0,0.0,0.0,0.0,370.42,2.3,1.12
2022/06/30,44.5,44.55,43.5,43.6,162.0,7095.0,-1.9123,0.179,201.0,-5.0,0.0,0.0,-5.0,500.0,50.0,61.0,0.0,0.0,0.0,363.33,2.25,1.15
2022/07/01,43.85,43.85,41.65,41.75,242.0,10262.0,-4.2431,0.2675,574.0,-2.0,0.0,8.0,6.0,450.0,43.0,93.0,0.0,0.0,0.0,347.92,2.16,1.2
2022/07/04,42.0,43.3,41.75,42.5,170.0,7251.0,1.7964,0.1879,136.0,44.0,0.0,4.0,48.0,423.0,25.0,52.0,0.0,0.0,0.0,354.17,2.2,1.18
2022/07/05,43.5,44.1,43.3,43.5,188.0,8230.0,2.3529,0.2078,153.0,74.0,0.0,7.0,81.0,401.0,22.0,44.0,0.0,0.0,0.0,362.5,2.25,1.15
2022/07/06,44.2,44.2,42.0,42.15,156.0,6682.0,-3.1034,0.1724,145.0,-12.0,0.0,2.0,-10.0,377.0,26.0,50.0,0.0,0.0,0.0,351.25,2.18,1.19
2022/07/07,43.2,43.2,42.15,42.5,271.0,11581.0,0.8304,0.2995,76.0,-14.0,0.0,-1.0,-15.0,384.0,15.0,8.0,0.0,0.0,0.0,354.17,2.2,1.18
2022/07/08,42.5,43.8,42.5,43.45,113.0,4884.0,2.2353,0.1249,94.0,-11.0,30.0,-1.0,18.0,376.0,23.0,31.0,0.0,0.0,0.0,362.08,2.24,1.15
2022/07/11,44.4,46.5,44.25,45.45,763.0,34432.0,4.603,0.8433,695.0,198.0,79.0,0.0,277.0,408.0,123.0,91.0,0.0,1.0,1.0,378.75,2.35,1.1
2022/07/12,45.85,46.6,44.5,46.0,816.0,37423.0,1.2101,0.9018,729.0,-31.0,71.0,0.0,40.0,475.0,140.0,73.0,0.0,1.0,0.0,383.33,2.38,1.09
2022/07/13,46.8,47.25,45.15,45.15,620.0,28574.0,-1.8478,0.6852,626.0,-28.0,0.0,4.0,-24.0,502.0,102.0,75.0,0.0,1.0,0.0,376.25,2.33,1.11
2022/07/14,45.05,45.75,44.7,45.1,184.0,8335.0,-0.1107,0.2034,403.0,-22.0,58.0,0.0,36.0,489.0,16.0,29.0,0.0,1.0,0.0,375.83,2.33,1.11
2022/07/15,45.5,47.0,45.4,46.8,542.0,25154.0,3.7694,0.599,568.0,138.0,0.0,0.0,138.0,501.0,58.0,46.0,0.0,1.0,0.0,390.0,2.42,1.07
2022/07/18,47.2,51.0,46.2,50.1,2348.0,116240.0,7.0513,2.595,2060.0,50.0,30.0,0.0,80.0,724.0,372.0,149.0,0.0,2.0,1.0,417.5,2.59,1.0
2022/07/19,50.6,52.6,48.65,48.8,2994.0,150734.0,-2.5948,3.3089,2743.0,-127.0,0.0,0.0,-127.0,757.0,259.0,226.0,0.0,12.0,10.0,406.67,2.52,1.02
2022/07/20,49.0,49.4,47.0,47.15,1053.0,50705.0,-3.3811,1.1638,1381.0,55.0,0.0,-1.0,54.0,691.0,92.0,158.0,1.0,11.0,0.0,392.92,2.44,1.06
2022/07/21,47.3,48.4,45.35,46.85,729.0,33798.0,-0.6363,0.8057,804.0,-26.0,0.0,-6.0,-32.0,678.0,75.0,88.0,0.0,11.0,0.0,390.42,2.42,1.07
2022/07/22,46.85,46.85,45.7,46.35,367.0,16960.0,-1.0672,0.4056,315.0,-39.0,0.0,0.0,-39.0,695.0,52.0,35.0,0.0,11.0,0.0,386.25,2.39,1.08
2022/07/25,46.3,46.9,45.8,46.1,187.0,8696.0,-0.5394,0.2067,242.0,6.0,0.0,0.0,6.0,695.0,17.0,17.0,0.0,11.0,0.0,384.17,2.38,1.08
2022/07/26,46.1,48.8,46.0,46.0,741.0,35088.0,-0.2169,0.8189,762.0,-141.0,0.0,0.0,-141.0,788.0,136.0,43.0,2.0,9.0,0.0,383.33,2.38,1.09
2022/07/27,45.7,46.45,45.7,45.95,165.0,7602.0,-0.1087,0.1824,155.0,-8.0,0.0,0.0,-8.0,786.0,13.0,15.0,0.0,9.0,0.0,382.92,2.37,1.09
2022/07/28,46.0,46.5,45.65,45.8,205.0,9427.0,-0.3264,0.2266,200.0,-18.0,0.0,0.0,-18.0,781.0,22.0,27.0,0.0,9.0,0.0,381.67,2.37,1.09
2022/07/29,46.0,46.5,45.75,46.5,152.0,7055.0,1.5284,0.168,151.0,25.0,0.0,0.0,25.0,788.0,28.0,21.0,1.0,8.0,0.0,387.5,2.4,1.08
2022/08/01,46.5,46.8,46.25,46.6,132.0,6165.0,0.2151,0.1459,154.0,33.0,0.0,0.0,33.0,758.0,21.0,51.0,0.0,8.0,0.0,388.33,2.41,1.07
2022/08/02,46.2,46.35,45.5,45.8,234.0,10727.0,-1.7167,0.2586,289.0,8.0,0.0,13.0,21.0,702.0,10.0,66.0,0.0,8.0,0.0,381.67,2.37,1.09
2022/08/03,45.2,45.5,42.6,43.1,572.0,25066.0,-5.8952,0.6322,845.0,-30.0,0.0,3.0,-27.0,688.0,60.0,74.0,1.0,7.0,0.0,359.17,2.23,1.16
2022/08/04,43.1,43.75,42.2,43.05,287.0,12320.0,-0.116,0.3172,203.0,-20.0,0.0,-10.0,-30.0,611.0,11.0,88.0,0.0,7.0,0.0,358.75,2.22,1.16
2022/08/05,43.05,44.55,43.05,43.8,149.0,6573.0,1.7422,0.1647,136.0,17.0,0.0,-10.0,7.0,632.0,23.0,2.0,0.0,7.0,0.0,365.0,2.26,1.14
2022/08/08,43.6,44.0,42.9,44.0,114.0,4978.0,0.4566,0.126,93.0,6.0,0.0,0.0,6.0,646.0,23.0,9.0,0.0,7.0,0.0,366.67,2.27,1.14
2022/08/09,44.2,45.15,44.2,44.35,198.0,8871.0,0.7955,0.2188,192.0,28.0,0.0,2.0,30.0,634.0,17.0,29.0,0.0,7.0,0.0,369.58,2.29,1.13
2022/08/10,44.6,45.0,44.1,44.9,78.0,3510.0,1.2401,0.0862,69.0,-23.0,0.0,-1.0,-24.0,629.0,3.0,8.0,0.0,7.0,0.0,374.17,2.32,1.11
2022/08/11,45.0,45.0,43.3,44.1,280.0,12388.0,-1.7817,0.3095,252.0,-18.0,0.0,0.0,-18.0,563.0,18.0,84.0,0.0,7.0,0.0,367.5,2.28,1.13
2022/08/12,44.45,44.8,44.0,44.15,75.0,3338.0,0.1134,0.0829,70.0,20.0,0.0,0.0,20.0,553.0,5.0,15.0,0.0,7.0,0.0,367.92,2.28,1.13
2022/08/15,43.9,44.85,43.9,44.6,101.0,4502.0,1.0193,0.1116,87.0,33.0,0.0,0.0,33.0,545.0,11.0,19.0,0.0,7.0,0.0,120.54,2.35,1.12
2022/08/16,44.5,45.5,44.5,45.1,97.0,4387.0,1.1211,0.1072,84.0,17.0,0.0,0.0,17.0,556.0,18.0,7.0,0.0,7.0,0.0,121.89,2.37,1.11
2022/08/17,45.0,45.15,44.55,44.7,97.0,4385.0,-0.8869,0.1072,89.0,-21.0,0.0,0.0,-21.0,552.0,3.0,7.0,0.0,7.0,0.0,120.81,2.35,1.12
2022/08/18,44.5,44.8,44.4,44.8,46.0,2079.0,0.2237,0.0508,45.0,-5.0,0.0,0.0,-5.0,551.0,4.0,5.0,0.0,7.0,0.0,121.08,2.36,1.12
2022/08/19,44.6,44.8,44.1,44.8,151.0,6730.0,0.0,0.1669,126.0,-34.0,0.0,0.0,-34.0,551.0,14.0,14.0,7.0,0.0,0.0,121.08,2.36,1.12
2022/08/22,44.8,45.65,44.5,44.9,120.0,5411.0,0.2232,0.1326,102.0,24.0,0.0,0.0,24.0,557.0,12.0,6.0,0.0,0.0,0.0,121.35,2.36,1.11
2022/08/23,44.9,45.1,44.85,44.95,49.0,2235.0,0.1114,0.0542,41.0,-2.0,0.0,-1.0,-3.0,578.0,22.0,1.0,0.0,0.0,0.0,121.49,2.36,1.11
2022/08/24,45.1,45.15,44.4,44.9,94.0,4258.0,-0.1112,0.1039,88.0,5.0,0.0,0.0,5.0,593.0,20.0,5.0,0.0,0.0,0.0,121.35,2.36,1.11
2022/08/25,44.5,45.0,44.5,44.65,144.0,6466.0,0.5568,0.1591,111.0,26.0,0.0,0.0,26.0,625.0,42.0,10.0,0.0,0.0,0.0,120.68,2.35,1.12
2022/08/26,44.9,47.55,44.9,46.05,447.0,20704.0,3.1355,0.494,329.0,36.0,0.0,1.0,37.0,558.0,41.0,108.0,0.0,0.0,0.0,124.46,2.42,1.09
2022/08/29,46.25,47.8,45.7,46.15,525.0,24483.0,0.2172,0.5802,439.0,-40.0,0.0,-10.0,-50.0,587.0,63.0,34.0,0.0,1.0,1.0,124.73,2.43,1.08
2022/08/30,47.1,48.8,46.4,47.85,739.0,35432.0,3.6836,0.8167,671.0,151.0,0.0,-9.0,142.0,635.0,94.0,46.0,0.0,1.0,0.0,129.32,2.52,1.04
2022/08/31,48.0,48.2,47.0,47.7,287.0,13697.0,-0.3135,0.3172,260.0,-48.0,0.0,-8.0,-56.0,613.0,14.0,36.0,0.0,1.0,0.0,128.92,2.51,1.05
2022/09/01,47.5,47.8,46.75,47.0,234.0,11066.0,-1.4675,0.2586,188.0,27.0,0.0,-11.0,16.0,578.0,11.0,46.0,0.0,1.0,0.0,127.03,2.47,1.06
2022/09/02,47.5,47.5,46.0,46.2,132.0,6159.0,-1.7021,0.1459,129.0,13.0,0.0,0.0,13.0,566.0,16.0,28.0,0.0,1.0,0.0,124.86,2.43,1.08
2022/09/05,46.3,46.3,45.5,45.75,143.0,6548.0,-0.974,0.158,208.0,6.0,0.0,-10.0,-4.0,562.0,7.0,11.0,0.0,1.0,0.0,123.65,2.41,1.09
2022/09/06,45.75,46.3,45.1,45.25,137.0,6253.0,-1.0929,0.1514,136.0,-6.0,0.0,0.0,-6.0,562.0,13.0,13.0,0.0,1.0,0.0,,2.52,2.61
2022/09/07,45.25,45.25,44.5,44.5,160.0,7163.0,-1.6575,0.1768,130.0,-29.0,0.0,-1.0,-30.0,561.0,11.0,12.0,0.0,1.0,0.0,120.27,2.34,1.12
2022/09/08,44.6,44.8,44.45,44.55,94.0,4217.0,0.1124,0.1039,86.0,-45.0,0.0,0.0,-45.0,556.0,5.0,10.0,0.0,1.0,0.0,120.41,2.34,1.12
2022/09/12,45.0,45.35,44.5,45.0,150.0,6749.0,1.0101,0.1658,102.0,-38.0,0.0,-1.0,-39.0,524.0,8.0,40.0,0.0,0.0,0.0,121.62,2.37,1.11
2022/09/13,45.4,45.65,44.9,45.3,130.0,5900.0,0.6667,0.1437,94.0,-24.0,0.0,0.0,-24.0,526.0,12.0,10.0,0.0,0.0,0.0,122.43,2.38,1.1
2022/09/14,45.0,45.35,44.9,45.15,97.0,4401.0,-0.3311,0.1072,85.0,26.0,0.0,0.0,26.0,545.0,22.0,3.0,0.0,0.0,0.0,122.03,2.38,1.11
2022/09/15,45.15,45.25,44.95,44.95,84.0,3787.0,-0.443,0.0928,146.0,-18.0,0.0,-1.0,-19.0,542.0,13.0,16.0,0.0,0.0,0.0,121.49,2.36,1.11
2022/09/16,44.85,46.3,44.65,45.7,134.0,6123.0,1.6685,0.1481,127.0,-37.0,0.0,-1.0,-38.0,551.0,12.0,3.0,0.0,0.0,0.0,123.51,2.4,1.09
2022/09/19,45.3,45.3,44.55,44.8,101.0,4582.0,-1.9694,0.1116,142.0,-61.0,0.0,0.0,-61.0,564.0,17.0,4.0,0.0,0.0,0.0,121.08,2.36,1.12
2022/09/20,45.45,46.1,45.25,45.95,170.0,7818.0,2.567,0.1879,168.0,22.0,0.0,0.0,22.0,583.0,24.0,5.0,0.0,1.0,1.0,124.19,2.42,1.09
2022/09/21,46.0,48.1,45.95,46.95,316.0,14799.0,2.1763,0.3492,273.0,27.0,0.0,0.0,27.0,664.0,102.0,21.0,0.0,1.0,0.0,126.89,2.47,1.06
2022/09/22,47.5,51.6,46.95,50.6,2905.0,145137.0,7.7742,3.2105,2204.0,349.0,0.0,-6.0,343.0,1049.0,627.0,242.0,0.0,19.0,18.0,136.76,2.66,0.99
2022/09/23,51.0,52.0,49.5,50.0,1734.0,88127.0,-1.1858,1.9164,1413.0,249.0,0.0,0.0,249.0,944.0,114.0,219.0,6.0,21.0,8.0,135.14,2.63,1.0
2022/09/26,50.0,50.6,47.0,47.25,832.0,40754.0,-5.5,0.9195,762.0,95.0,0.0,0.0,95.0,990.0,102.0,56.0,9.0,23.0,11.0,127.7,2.49,1.06
2022/09/27,47.3,48.6,45.85,47.75,750.0,35411.0,1.0582,0.8289,601.0,159.0,0.0,-4.0,155.0,993.0,55.0,52.0,8.0,16.0,1.0,129.05,2.51,1.05
2022/09/28,47.9,48.3,45.7,46.1,399.0,18571.0,-3.4555,0.441,400.0,-24.0,0.0,0.0,-24.0,1005.0,41.0,29.0,7.0,9.0,0.0,124.59,2.43,1.08
2022/09/29,46.35,49.75,46.35,49.6,827.0,40103.0,7.5922,0.914,624.0,171.0,0.0,0.0,171.0,1007.0,84.0,82.0,1.0,9.0,1.0,134.05,2.61,1.01
2022/09/30,48.5,50.8,47.35,48.6,1799.0,88239.0,-2.0161,1.9882,1521.0,-373.0,0.0,0.0,-373.0,1100.0,181.0,88.0,0.0,11.0,2.0,131.35,2.56,1.03
2022/10/03,48.6,52.5,48.6,51.5,2092.0,106474.0,5.9671,2.312,1584.0,138.0,150.0,0.0,288.0,1140.0,198.0,158.0,2.0,20.0,11.0,139.19,2.71,0.97
2022/10/04,53.1,54.0,50.7,52.4,2242.0,116752.0,1.7476,2.4778,1759.0,161.0,150.0,5.0,316.0,1037.0,145.0,248.0,0.0,33.0,13.0,141.62,2.76,0.95
2022/10/05,53.0,53.1,51.1,52.3,898.0,46895.0,-0.1908,0.9925,768.0,-151.0,76.0,0.0,-75.0,975.0,78.0,140.0,7.0,31.0,5.0,141.35,2.75,0.96
2022/10/06,51.5,52.8,51.5,52.3,667.0,34852.0,0.0,0.7372,638.0,1.0,3.0,0.0,4.0,1028.0,72.0,19.0,5.0,26.0,0.0,141.35,2.75,0.96
2022/10/07,52.8,53.9,50.8,50.8,2107.0,110910.0,-2.8681,2.3286,1741.0,-266.0,50.0,0.0,-216.0,1032.0,188.0,184.0,1.0,25.0,0.0,137.3,2.67,0.98
2022/10/11,50.7,51.4,48.8,49.8,924.0,46280.0,-1.9685,1.0212,735.0,102.0,50.0,0.0,152.0,983.0,66.0,115.0,4.0,30.0,9.0,134.59,2.62,1.0
2022/10/12,51.0,52.2,49.9,51.0,1321.0,67629.0,2.4096,1.4599,984.0,48.0,-1.0,0.0,47.0,1105.0,200.0,78.0,8.0,28.0,6.0,137.84,2.68,0.98
2022/10/13,51.9,52.2,46.6,47.2,2040.0,100112.0,-7.451,2.2546,2185.0,-286.0,61.0,0.0,-225.0,992.0,176.0,289.0,18.0,28.0,18.0,127.57,2.48,1.06
2022/10/14,47.9,49.95,47.9,49.85,814.0,39997.0,5.6144,0.8996,615.0,381.0,68.0,4.0,453.0,927.0,33.0,98.0,6.0,40.0,18.0,134.73,2.62,1.0
2022/10/17,49.0,50.7,49.0,50.4,617.0,30773.0,1.1033,0.6819,509.0,59.0,117.0,0.0,176.0,901.0,29.0,55.0,0.0,46.0,6.0,136.22,2.65,0.99
2022/10/18,50.8,50.8,49.9,50.0,313.0,15734.0,-0.7937,0.3459,248.0,-74.0,33.0,6.0,-35.0,906.0,18.0,13.0,3.0,48.0,5.0,135.14,2.63,1.0
2022/10/19,49.5,50.3,48.1,48.1,332.0,16349.0,-3.8,0.3669,377.0,-78.0,52.0,0.0,-26.0,902.0,19.0,23.0,8.0,43.0,3.0,130.0,2.53,1.04
2022/10/20,48.0,48.0,46.65,47.5,475.0,22361.0,-1.2474,0.525,531.0,-266.0,0.0,2.0,-264.0,902.0,29.0,29.0,6.0,37.0,0.0,128.38,2.5,1.05
2022/10/21,47.25,47.9,46.7,47.0,427.0,20129.0,-1.0526,0.4719,493.0,-63.0,43.0,0.0,-20.0,887.0,14.0,29.0,3.0,41.0,7.0,127.03,2.47,1.06
2022/10/24,47.3,48.5,46.5,46.5,280.0,13296.0,-1.0638,0.3095,316.0,44.0,40.0,0.0,84.0,926.0,44.0,5.0,3.0,40.0,2.0,125.68,2.45,1.08
2022/10/25,46.5,46.55,45.35,45.35,367.0,16869.0,-2.4731,0.4056,401.0,-45.0,100.0,11.0,66.0,886.0,29.0,69.0,0.0,41.0,1.0,122.57,2.39,1.1
2022/10/26,45.35,45.75,45.0,45.0,252.0,11424.0,-0.7718,0.2785,216.0,-43.0,20.0,3.0,-20.0,893.0,22.0,15.0,0.0,41.0,0.0,121.62,2.37,1.11
2022/10/27,45.0,45.45,44.45,45.0,510.0,22930.0,0.0,0.5636,375.0,-15.0,0.0,4.0,-11.0,725.0,35.0,203.0,0.0,41.0,0.0,121.62,2.37,1.11
2022/10/28,44.5,44.7,44.0,44.05,307.0,13579.0,-2.1111,0.3393,218.0,-155.0,0.0,0.0,-155.0,740.0,47.0,32.0,1.0,40.0,0.0,119.05,2.32,1.14
2022/10/31,43.9,44.85,43.9,44.6,146.0,6520.0,1.2486,0.1614,115.0,-36.0,0.0,0.0,-36.0,728.0,10.0,22.0,0.0,50.0,10.0,120.54,2.35,1.12
2022/11/01,44.1,45.4,43.9,45.2,208.0,9382.0,1.3453,0.2299,126.0,55.0,29.0,-3.0,81.0,672.0,4.0,60.0,0.0,50.0,0.0,122.16,2.38,1.11
2022/11/02,45.35,46.0,45.35,45.55,142.0,6521.0,0.7743,0.1569,130.0,-3.0,21.0,0.0,18.0,629.0,9.0,52.0,0.0,50.0,0.0,123.11,2.4,1.1
2022/11/03,44.7,45.6,44.7,45.45,96.0,4369.0,-0.2195,0.1061,62.0,-30.0,0.0,0.0,-30.0,631.0,3.0,1.0,0.0,50.0,0.0,122.84,2.39,1.1
2022/11/04,45.1,45.8,45.05,45.6,201.0,9125.0,0.33,0.2221,136.0,29.0,0.0,0.0,29.0,641.0,14.0,4.0,0.0,43.0,0.0,123.24,2.4,1.1
2022/11/07,45.75,46.75,45.55,46.35,194.0,9021.0,1.6447,0.2144,161.0,-11.0,10.0,0.0,-1.0,668.0,45.0,18.0,2.0,43.0,2.0,125.27,2.44,1.08
2022/11/08,46.35,47.1,46.35,46.4,155.0,7269.0,0.1079,0.1713,117.0,-1.0,1.0,0.0,0.0,670.0,9.0,7.0,9.0,34.0,0.0,125.41,2.44,1.08
2022/11/09,46.5,46.65,46.15,46.65,131.0,6090.0,0.5388,0.1448,116.0,-26.0,2.0,0.0,-24.0,666.0,12.0,16.0,2.0,32.0,0.0,126.08,2.45,1.07
2022/11/10,46.65,46.9,46.35,46.5,109.0,5067.0,-0.3215,0.1205,73.0,-29.0,0.0,0.0,-29.0,666.0,1.0,1.0,0.0,32.0,0.0,125.68,2.45,1.08
2022/11/11,47.8,47.8,46.45,46.6,161.0,7526.0,0.2151,0.1779,119.0,-26.0,1.0,0.0,-25.0,651.0,9.0,24.0,22.0,10.0,0.0,27.74,2.39,1.07
2022/11/14,46.7,48.6,46.7,48.55,207.0,9841.0,4.1845,0.2288,198.0,68.0,0.0,1.0,69.0,662.0,28.0,17.0,0.0,17.0,7.0,28.9,2.49,1.03
2022/11/15,48.35,48.95,47.8,48.95,181.0,8771.0,0.8239,0.2,145.0,9.0,1.0,-4.0,6.0,657.0,29.0,34.0,1.0,16.0,0.0,29.14,2.51,1.02
2022/11/16,48.95,49.45,48.4,48.6,188.0,9180.0,-0.715,0.2078,156.0,46.0,2.0,-3.0,45.0,641.0,6.0,22.0,0.0,16.0,0.0,28.93,2.49,1.03
2022/11/17,48.7,50.4,48.5,49.95,360.0,17923.0,2.7778,0.3979,293.0,108.0,1.0,0.0,109.0,631.0,44.0,54.0,0.0,17.0,1.0,29.73,2.56,1.0
2022/11/18,50.2,51.9,49.3,49.75,581.0,29330.0,-0.4004,0.6421,436.0,80.0,1.0,0.0,81.0,616.0,29.0,44.0,0.0,17.0,0.0,29.61,2.55,1.01
2022/11/21,50.5,51.2,49.8,50.4,275.0,13901.0,1.3065,0.3039,251.0,132.0,1.0,0.0,133.0,611.0,20.0,25.0,0.0,17.0,0.0,30.0,2.59,0.99
2022/11/22,50.4,50.4,49.9,50.4,210.0,10540.0,0.0,0.2321,139.0,77.0,0.0,0.0,77.0,621.0,23.0,13.0,0.0,17.0,0.0,30.0,2.59,0.99
2022/11/23,50.1,50.6,49.55,50.1,153.0,7684.0,-0.5952,0.1691,112.0,-3.0,0.0,0.0,-3.0,614.0,14.0,21.0,0.0,17.0,0.0,29.82,2.57,1.0
2022/11/24,50.0,50.2,49.8,50.2,123.0,6153.0,0.1996,0.1359,117.0,34.0,0.0,2.0,36.0,619.0,8.0,3.0,0.0,17.0,0.0,29.88,2.58,1.0
2022/11/25,50.2,51.4,50.0,50.2,307.0,15618.0,0.0,0.3393,256.0,57.0,0.0,0.0,57.0,644.0,41.0,16.0,0.0,17.0,0.0,29.88,2.58,1.0
2022/11/28,50.8,52.8,50.0,52.8,847.0,44145.0,5.1793,0.9361,645.0,290.0,0.0,-1.0,289.0,636.0,112.0,120.0,0.0,18.0,1.0,31.43,2.71,0.95
2022/11/29,53.4,53.9,51.6,52.7,1229.0,65147.0,-0.1894,1.3583,848.0,81.0,0.0,0.0,81.0,642.0,97.0,91.0,0.0,34.0,16.0,31.37,2.7,0.95
2022/11/30,53.2,56.0,52.9,55.5,2291.0,125742.0,5.3131,2.532,1681.0,426.0,0.0,11.0,437.0,671.0,165.0,136.0,0.0,106.0,72.0,33.04,2.85,0.9
2022/12/01,56.9,57.2,54.2,55.7,1571.0,87615.0,0.3604,1.7349,1320.0,186.0,1.0,2.0,189.0,713.0,202.0,160.0,0.0,180.0,74.0,33.15,2.86,0.9
2022/12/02,56.1,56.7,54.7,55.5,638.0,35503.0,-0.3591,0.7045,510.0,151.0,0.0,0.0,151.0,675.0,44.0,82.0,0.0,196.0,16.0,33.04,2.85,0.9
2022/12/05,55.3,55.7,54.0,55.6,536.0,29506.0,0.1802,0.5919,456.0,156.0,0.0,7.0,163.0,703.0,63.0,35.0,7.0,198.0,20.0,33.1,2.85,0.9
2022/12/06,55.6,57.1,55.3,56.4,922.0,51950.0,1.4388,1.0182,780.0,198.0,143.0,8.0,349.0,722.0,75.0,56.0,2.0,278.0,82.0,33.57,2.89,0.89
2022/12/07,56.8,58.7,54.8,55.3,1648.0,92999.0,-1.9504,1.8199,1528.0,-158.0,157.0,8.0,7.0,833.0,168.0,57.0,3.0,316.0,41.0,32.92,2.84,0.9
2022/12/08,55.3,60.0,55.3,59.3,3438.0,201199.0,7.2333,3.7966,2238.0,656.0,201.0,80.0,937.0,995.0,344.0,182.0,0.0,443.0,127.0,35.3,3.04,0.84
2022/12/09,59.4,60.5,57.8,60.5,2533.0,150774.0,2.0236,2.7972,1750.0,150.0,140.0,33.0,323.0,1197.0,333.0,131.0,6.0,607.0,170.0,36.01,3.1,0.83
2022/12/12,60.2,60.6,58.4,58.8,1746.0,103697.0,-2.8099,1.9281,1352.0,-298.0,43.0,-31.0,-286.0,1340.0,277.0,134.0,2.0,676.0,82.0,35.0,3.02,0.85
2022/12/13,59.2,59.8,56.7,56.7,1696.0,98177.0,-3.5714,1.8729,1158.0,74.0,-1.0,-68.0,5.0,1350.0,167.0,157.0,0.0,666.0,17.0,33.75,2.91,0.88
2022/12/14,57.0,60.3,57.0,58.5,1218.0,71746.0,3.1746,1.345,892.0,284.0,3.0,38.0,325.0,1350.0,139.0,139.0,0.0,645.0,35.0,34.82,3.0,0.85
2022/12/15,59.4,60.5,58.3,58.8,1582.0,93950.0,0.5128,1.747,1137.0,-227.0,0.0,-20.0,-247.0,1389.0,209.0,170.0,0.0,682.0,58.0,35.0,3.02,0.85
2022/12/16,58.7,59.3,56.2,56.9,964.0,55440.0,-3.2313,1.0645,887.0,-43.0,0.0,-28.0,-71.0,1426.0,153.0,116.0,3.0,572.0,11.0,33.87,2.92,0.88
2022/12/19,57.1,57.6,56.5,56.9,285.0,16279.0,0.0,0.3147,275.0,20.0,-3.0,0.0,17.0,1424.0,24.0,26.0,0.0,587.0,15.0,33.87,2.92,0.88
2022/12/20,57.1,57.9,55.3,55.7,627.0,35295.0,-2.109,0.6924,396.0,44.0,0.0,-2.0,42.0,1320.0,36.0,140.0,2.0,476.0,0.0,33.15,2.86,0.9
2022/12/21,55.7,58.8,55.7,57.6,693.0,39976.0,3.4111,0.7653,470.0,296.0,0.0,21.0,317.0,1292.0,91.0,119.0,0.0,564.0,107.0,34.29,2.96,0.87
2022/12/22,58.4,58.4,56.9,57.7,364.0,21008.0,0.1736,0.402,273.0,-130.0,0.0,0.0,-130.0,1334.0,74.0,32.0,0.0,549.0,13.0,34.35,2.96,0.87
2022/12/23,56.9,58.8,56.9,58.2,303.0,17626.0,0.8666,0.3346,259.0,55.0,94.0,18.0,167.0,1317.0,17.0,34.0,0.0,507.0,27.0,34.64,2.99,0.86
2022/12/26,59.3,60.3,58.3,59.4,1237.0,73827.0,2.0619,1.366,853.0,119.0,106.0,17.0,242.0,1474.0,238.0,81.0,1.0,583.0,77.0,35.36,3.05,0.84
2022/12/27,60.5,63.7,58.0,59.0,3369.0,204862.0,-0.6734,3.7204,2464.0,-532.0,300.0,-56.0,-288.0,1489.0,262.0,247.0,0.0,789.0,206.0,35.12,3.03,0.85
2022/12/28,59.6,64.9,59.5,64.9,8506.0,541628.0,10.0,9.3932,4678.0,1545.0,120.0,25.0,1690.0,1207.0,349.0,631.0,16.0,1085.0,312.0,38.63,3.33,0.77
2022/12/29,64.9,64.9,59.0,59.9,11492.0,707249.0,-7.7042,12.6906,7758.0,-2252.0,-100.0,0.0,-2352.0,1867.0,1021.0,361.0,166.0,955.0,36.0,35.65,3.07,0.83
2022/12/30,59.0,60.4,58.5,59.9,4788.0,283971.0,0.0,5.1424,3230.0,-367.0,-40.0,-47.0,-454.0,1982.0,228.0,113.0,22.0,939.0,23.0,35.65,3.07,0.83
2023/01/03,58.6,59.5,56.5,57.1,2277.0,130615.0,-4.6745,2.4455,1755.0,-382.0,0.0,3.0,-379.0,2013.0,255.0,224.0,70.0,808.0,1.0,33.99,2.93,0.88
2023/01/04,57.6,60.4,56.8,59.9,3322.0,196704.0,4.9037,3.5679,2085.0,462.0,0.0,0.0,462.0,2171.0,477.0,319.0,0.0,813.0,24.0,35.65,3.07,0.83
2023/01/05,60.9,65.8,60.4,64.4,13263.0,846551.0,7.5125,14.2447,7346.0,1528.0,253.0,-17.0,1764.0,2051.0,986.0,1106.0,7.0,1446.0,640.0,38.33,3.3,0.78
2023/01/06,64.4,64.7,60.7,64.0,11535.0,726198.0,-0.6211,12.3888,6069.0,-414.0,-40.0,41.0,-413.0,2389.0,916.0,578.0,42.0,1558.0,155.0,38.1,3.28,0.78
2023/01/09,63.0,64.6,62.2,64.6,3248.0,207022.0,0.9375,3.4884,2118.0,-370.0,51.0,0.0,-319.0,2713.0,528.0,204.0,0.0,1682.0,124.0,38.45,3.31,0.77
2023/01/10,64.6,65.0,63.3,64.9,3849.0,247913.0,0.4644,4.1339,2202.0,-261.0,52.0,39.0,-170.0,2928.0,626.0,411.0,0.0,1994.0,337.0,38.63,3.33,0.77
2023/01/11,64.5,65.2,62.8,62.9,3305.0,210355.0,-3.0817,3.5496,2078.0,-393.0,0.0,65.0,-328.0,3197.0,556.0,287.0,1.0,1934.0,17.0,37.44,3.23,0.79
2023/01/12,63.0,63.5,61.9,62.2,1842.0,115543.0,-1.1129,1.9783,1206.0,33.0,-45.0,22.0,10.0,3361.0,252.0,88.0,0.0,1884.0,5.0,37.02,3.19,0.8
2023/01/13,63.0,63.4,61.6,62.2,1492.0,92969.0,0.0,1.6024,967.0,37.0,-1.0,-41.0,-5.0,3430.0,185.0,116.0,0.0,1619.0,0.0,37.02,3.19,0.8
2023/01/16,62.5,63.9,60.7,63.1,1710.0,106943.0,1.4469,1.8366,1277.0,87.0,408.0,-2.0,493.0,3367.0,106.0,165.0,15.0,1320.0,21.0,37.56,3.24,0.79
2023/01/17,63.8,66.5,62.8,65.0,10604.0,687324.0,3.0111,11.3889,7064.0,752.0,334.0,92.0,1178.0,2681.0,548.0,1208.0,5.0,1401.0,164.0,38.69,3.34,0.77
2023/01/30,65.8,65.8,61.6,61.6,4225.0,267912.0,-5.2308,4.5377,2671.0,-957.0,16.0,34.0,-907.0,3175.0,974.0,480.0,1.0,1386.0,11.0,36.67,3.16,0.81
2023/01/31,61.5,63.9,61.5,63.1,2314.0,145324.0,2.4351,2.4152,1385.0,84.0,-146.0,331.0,269.0,3345.0,414.0,244.0,1.0,1340.0,24.0,37.56,3.24,0.79
2023/02/01,63.3,65.9,62.8,64.4,3393.0,219395.0,2.0602,3.5415,2218.0,294.0,13.0,140.0,447.0,3410.0,650.0,585.0,10.0,1432.0,205.0,38.33,3.3,0.78
2023/02/02,64.4,65.3,63.7,65.2,1802.0,116475.0,1.2422,1.8808,1179.0,26.0,10.0,-50.0,-14.0,3597.0,351.0,164.0,11.0,1379.0,6.0,38.81,3.35,0.77
2023/02/03,65.0,69.1,64.9,67.3,5042.0,339847.0,3.2209,5.2626,3440.0,680.0,324.0,83.0,1087.0,3292.0,578.0,882.0,2.0,1546.0,169.0,40.06,3.45,0.74
2023/02/06,68.5,74.0,66.8,74.0,6654.0,476486.0,9.9554,6.9451,4105.0,429.0,89.0,-118.0,400.0,2628.0,308.0,972.0,7.0,2120.0,581.0,44.05,3.8,0.68
2023/02/07,74.6,75.3,71.9,74.8,14030.0,1036708.0,1.0811,14.6439,8927.0,560.0,-31.0,84.0,613.0,3086.0,931.0,473.0,43.0,2140.0,63.0,44.52,3.84,0.67
2023/02/08,73.6,76.8,73.5,76.7,5365.0,404762.0,2.5401,5.5997,3442.0,338.0,12.0,-9.0,341.0,3183.0,542.0,445.0,7.0,2192.0,69.0,45.65,3.94,0.65
2023/02/09,76.8,79.1,75.1,79.1,5604.0,431985.0,3.1291,5.8492,4010.0,-118.0,-75.0,153.0,-40.0,3393.0,467.0,257.0,9.0,1797.0,50.0,47.08,4.06,0.63
2023/02/10,77.5,78.7,75.4,75.8,5204.0,399591.0,-4.1719,5.4317,4546.0,-607.0,-181.0,80.0,-708.0,3363.0,510.0,540.0,12.0,1551.0,27.0,45.12,3.89,0.66
2023/02/13,74.3,75.0,72.9,73.3,3109.0,229437.0,-3.2982,3.245,2267.0,374.0,-62.0,-27.0,285.0,3257.0,269.0,375.0,23.0,1141.0,0.0,43.63,3.76,0.68
2023/02/14,74.4,80.5,74.3,80.5,9678.0,745548.0,9.8226,10.1015,6763.0,-490.0,-120.0,181.0,-429.0,3964.0,1306.0,599.0,5.0,1343.0,207.0,47.92,4.13,0.62
2023/02/15,79.5,85.3,77.6,82.9,15997.0,1313850.0,2.9814,16.6969,11549.0,-154.0,304.0,422.0,572.0,3439.0,942.0,1466.0,17.0,1609.0,308.0,49.35,4.25,0.6
2023/02/16,82.8,86.0,82.4,85.0,7482.0,629749.0,2.5332,7.8094,5381.0,121.0,125.0,176.0,422.0,3436.0,632.0,636.0,55.0,1587.0,55.0,50.6,4.36,0.59
2023/02/17,84.5,93.5,84.5,93.5,11135.0,999634.0,10.0,11.6222,7807.0,674.0,836.0,224.0,1734.0,3304.0,211.0,343.0,26.0,2000.0,485.0,21.09,3.81,3.91
2023/02/20,98.2,102.5,93.0,96.0,22333.0,2163303.0,2.6738,23.3102,15091.0,-39.0,590.0,121.0,672.0,2923.0,731.0,1112.0,86.0,1912.0,22.0,57.14,4.93,0.52
2023/02/21,97.2,97.7,92.3,94.0,9815.0,926771.0,-2.0833,10.2444,6894.0,-899.0,-26.0,192.0,-733.0,2813.0,645.0,755.0,40.0,1701.0,39.0,55.95,4.82,0.53
2023/02/22,93.1,103.0,93.1,103.0,19017.0,1891912.0,9.5745,19.8491,12661.0,-17.0,804.0,-117.0,670.0,2891.0,995.0,917.0,1.0,1851.0,175.0,61.31,5.28,0.49
2023/02/23,108.0,110.5,100.5,105.5,34477.0,3654619.0,2.4272,35.9855,21935.0,475.0,0.0,-425.0,50.0,2979.0,1355.0,1267.0,103.0,1547.0,75.0,62.8,5.41,0.47
2023/02/24,104.0,104.5,98.2,98.2,11535.0,1159739.0,-6.9194,11.4131,8165.0,-323.0,-283.0,-108.0,-714.0,2715.0,822.0,1086.0,82.0,1171.0,21.0,58.45,5.04,0.51
2023/03/01,97.4,99.2,94.1,95.2,8030.0,771899.0,-3.055,7.9451,5647.0,258.0,-415.0,127.0,-30.0,2925.0,760.0,550.0,33.0,1198.0,98.0,56.67,4.88,0.53
2023/03/02,95.7,104.5,95.7,96.3,16446.0,1638913.0,1.1555,16.2722,11458.0,-859.0,-238.0,-164.0,-1261.0,3599.0,1438.0,764.0,19.0,1237.0,135.0,57.32,4.94,0.52
2023/03/03,96.4,97.8,94.1,94.4,8807.0,842206.0,-1.973,8.7139,6309.0,-410.0,179.0,14.0,-217.0,3266.0,391.0,724.0,21.0,1244.0,66.0,56.19,4.84,0.53
2023/03/06,95.0,95.6,93.6,95.2,4784.0,452421.0,0.8475,4.7334,3650.0,379.0,-958.0,86.0,-493.0,3496.0,422.0,192.0,25.0,1141.0,25.0,56.67,4.88,0.53
2023/03/07,95.2,98.2,94.6,95.0,6028.0,579225.0,-0.2101,5.9643,4825.0,-800.0,-170.0,96.0,-874.0,3719.0,510.0,286.0,7.0,1027.0,14.0,56.55,4.87,0.53
2023/03/08,95.8,97.4,93.8,94.2,4222.0,402022.0,-0.8421,4.1774,2942.0,-13.0,-49.0,-36.0,-98.0,3677.0,315.0,356.0,15.0,850.0,53.0,56.07,4.83,0.53
2023/03/09,95.0,95.5,92.2,93.9,3100.0,290963.0,-0.3185,3.0672,2485.0,188.0,-32.0,-123.0,33.0,3772.0,310.0,215.0,26.0,792.0,31.0,55.89,4.82,0.53
2023/03/10,95.0,96.5,85.5,87.6,10870.0,983656.0,-6.7093,10.7551,8068.0,1246.0,-1232.0,-253.0,-239.0,3549.0,546.0,764.0,91.0,720.0,54.0,52.14,4.49,0.57
2023/03/13,86.5,87.4,83.1,84.1,6608.0,559735.0,-3.9954,6.5382,3996.0,863.0,-150.0,-87.0,626.0,3633.0,317.0,233.0,73.0,782.0,154.0,50.06,4.32,0.59
2023/03/14,84.1,87.0,81.6,81.6,6567.0,549231.0,-2.9727,6.4976,4262.0,122.0,-1.0,-415.0,-294.0,3613.0,229.0,247.0,84.0,689.0,57.0,48.57,4.19,0.61
2023/03/15,82.7,83.2,81.1,81.8,3293.0,270048.0,0.2451,3.2582,2697.0,603.0,-13.0,-165.0,425.0,3676.0,265.0,202.0,67.0,650.0,37.0,38.22,3.77,1.59
2023/03/16,81.8,81.8,78.4,79.4,3818.0,304597.0,-2.934,3.7777,2392.0,361.0,-1.0,-142.0,218.0,3955.0,469.0,190.0,127.0,553.0,66.0,37.1,3.66,1.64
2023/03/17,81.9,85.0,80.0,84.1,6731.0,558242.0,5.9194,6.6599,4523.0,-1166.0,0.0,-27.0,-1193.0,4628.0,1266.0,593.0,100.0,505.0,69.0,39.3,3.88,1.55
2023/03/20,84.0,90.9,82.8,88.8,12218.0,1066042.0,5.5886,12.0889,8517.0,-426.0,836.0,-33.0,377.0,3845.0,630.0,1413.0,91.0,461.0,69.0,41.5,4.1,1.46
2023/03/21,90.0,91.8,87.9,89.1,8786.0,789586.0,0.3378,8.6932,6209.0,-432.0,-50.0,-4.0,-486.0,3819.0,640.0,666.0,52.0,486.0,104.0,41.64,4.11,1.46
2023/03/22,88.5,89.9,88.1,88.1,3527.0,313326.0,-1.1223,3.4897,2410.0,411.0,-60.0,-98.0,253.0,3518.0,201.0,502.0,54.0,278.0,1.0,41.17,4.07,1.48
2023/03/23,89.2,89.7,87.2,87.6,3334.0,294263.0,-0.5675,3.2988,2563.0,-492.0,1.0,219.0,-272.0,3755.0,396.0,159.0,41.0,232.0,1.0,40.93,4.04,1.48
2023/03/24,88.6,88.6,85.5,87.4,3023.0,262104.0,-0.2283,2.9911,2322.0,240.0,0.0,155.0,395.0,3525.0,212.0,442.0,126.0,78.0,0.0,40.84,4.03,1.49
2023/03/27,88.0,88.0,86.0,86.7,1468.0,127503.0,-0.8009,1.4525,1245.0,261.0,1.0,97.0,359.0,3544.0,140.0,120.0,0.0,0.0,0.0,40.51,4.0,1.5
2023/03/28,87.0,88.7,85.9,86.7,2963.0,259114.0,0.0,2.9317,2664.0,25.0,0.0,30.0,55.0,3593.0,318.0,269.0,0.0,0.0,0.0,40.51,4.0,1.5
2023/03/29,89.1,92.0,88.5,90.5,10045.0,911133.0,4.3829,9.9389,7193.0,-529.0,637.0,-219.0,-111.0,3824.0,1053.0,822.0,0.0,0.0,0.0,42.29,4.18,1.44
2023/03/30,91.8,94.5,89.9,89.9,6415.0,590574.0,-0.663,6.3472,5518.0,-365.0,0.0,70.0,-295.0,4326.0,1256.0,754.0,0.0,40.0,40.0,42.01,4.15,1.45
2023/03/31,90.8,92.0,89.1,91.6,2912.0,264644.0,1.891,2.8391,2755.0,369.0,200.0,-20.0,549.0,4315.0,416.0,427.0,8.0,67.0,35.0,42.8,4.23,1.42
2023/04/06,91.9,92.3,88.8,88.8,2400.0,215747.0,-3.0568,2.3399,2057.0,-475.0,-1.0,34.0,-442.0,4332.0,338.0,321.0,23.0,78.0,34.0,41.5,4.1,1.46
2023/04/07,89.0,89.6,86.7,87.1,2348.0,206111.0,-1.9144,2.2892,1974.0,57.0,0.0,43.0,100.0,4413.0,351.0,260.0,15.0,101.0,38.0,40.7,4.02,1.49
2023/04/10,85.3,88.2,85.0,88.2,2192.0,190059.0,1.2629,2.1371,1880.0,200.0,171.0,181.0,552.0,4434.0,127.0,106.0,17.0,174.0,90.0,41.21,4.07,1.47
2023/04/11,87.8,88.7,87.1,87.2,1279.0,112258.0,-1.1338,1.247,1159.0,-41.0,100.0,48.0,107.0,4508.0,133.0,57.0,5.0,212.0,43.0,40.75,4.02,1.49
2023/04/12,87.9,89.7,87.8,89.6,2809.0,250169.0,2.7523,2.7387,2499.0,256.0,79.0,-36.0,299.0,4408.0,319.0,419.0,8.0,249.0,45.0,41.87,4.13,1.45
2023/04/13,89.6,91.9,88.6,90.4,4751.0,430795.0,0.8929,4.632,3905.0,73.0,330.0,95.0,498.0,4139.0,405.0,673.0,15.0,269.0,35.0,42.24,4.17,1.44
2023/04/14,91.9,99.4,91.0,99.4,11970.0,1153659.0,9.9558,11.6703,8314.0,17.0,389.0,-309.0,97.0,4688.0,1516.0,967.0,11.0,597.0,339.0,46.45,4.59,1.31
2023/04/17,101.5,102.5,96.6,96.7,16325.0,1620245.0,-2.7163,15.9163,10520.0,-158.0,266.0,-70.0,38.0,4743.0,1574.0,1519.0,106.0,723.0,232.0,45.19,4.46,1.34
2023/04/18,98.3,99.2,95.3,95.7,6333.0,615246.0,-1.0341,6.1744,4726.0,-843.0,-2.0,-83.0,-928.0,4786.0,628.0,585.0,89.0,750.0,116.0,44.72,4.42,1.36
2023/04/19,96.0,101.5,96.0,97.7,14147.0,1401954.0,2.0899,13.7928,9809.0,-211.0,280.0,56.0,125.0,5386.0,1566.0,963.0,18.0,1032.0,300.0,45.65,4.51,1.33
2023/04/20,98.0,99.2,91.0,94.5,8950.0,845476.0,-3.2753,8.7259,6312.0,-493.0,0.0,-122.0,-615.0,5879.0,1250.0,757.0,117.0,1094.0,179.0,44.16,4.36,1.38
2023/04/21,94.4,94.5,88.3,88.8,5291.0,484092.0,-6.0317,5.1585,4289.0,286.0,281.0,-44.0,523.0,5156.0,342.0,1065.0,110.0,1058.0,74.0,41.5,4.1,1.46
2023/04/24,89.5,90.7,88.4,90.5,3549.0,318726.0,1.9144,3.4601,2855.0,-170.0,141.0,-51.0,-80.0,5000.0,213.0,369.0,73.0,974.0,60.0,42.29,4.18,1.44
2023/04/25,90.0,91.6,85.7,86.3,3552.0,312713.0,-4.6409,3.4631,2907.0,-72.0,-12.0,30.0,-54.0,4776.0,248.0,472.0,65.0,1025.0,116.0,40.33,3.98,1.51
2023/04/26,86.0,86.5,83.1,83.6,3009.0,253620.0,-3.1286,2.9337,2394.0,170.0,0.0,36.0,206.0,4683.0,287.0,380.0,68.0,1046.0,89.0,39.07,3.86,1.56
2023/04/27,84.0,84.3,81.0,82.8,2471.0,204076.0,-0.9569,2.4091,1973.0,193.0,-200.0,28.0,21.0,4670.0,143.0,155.0,56.0,1021.0,65.0,38.69,3.82,1.57
2023/04/28,83.9,84.9,83.0,83.7,2344.0,196842.0,1.087,2.2853,1854.0,-192.0,0.0,83.0,-109.0,4516.0,147.0,301.0,74.0,981.0,35.0,39.11,3.86,1.55
2023/05/02,83.8,84.4,82.7,82.9,1165.0,96960.0,-0.9558,1.1358,1052.0,-172.0,0.0,10.0,-162.0,4440.0,95.0,169.0,20.0,1015.0,56.0,38.74,3.83,1.57
2023/05/03,83.2,83.4,81.4,82.0,1532.0,125856.0,-1.0856,1.4936,1301.0,-46.0,-202.0,4.0,-244.0,4533.0,156.0,63.0,11.0,1064.0,60.0,38.32,3.78,1.59
2023/05/04,82.1,84.4,79.5,84.0,2657.0,218575.0,2.439,2.5905,2179.0,-61.0,5.0,116.0,60.0,4649.0,244.0,127.0,52.0,1066.0,54.0,39.25,3.88,1.55
2023/05/05,84.0,84.4,82.3,82.3,1624.0,135232.0,-2.0238,1.5833,1483.0,-407.0,0.0,-15.0,-422.0,4630.0,213.0,232.0,31.0,1077.0,42.0,38.46,3.8,1.58
2023/05/08,82.8,83.4,81.7,81.8,1012.0,83257.0,-0.6075,0.9867,955.0,-101.0,-10.0,43.0,-68.0,4599.0,82.0,113.0,40.0,1109.0,72.0,38.22,3.77,1.59
2023/05/09,81.8,82.2,79.1,79.1,1759.0,140773.0,-3.3007,1.715,1561.0,132.0,0.0,38.0,170.0,4418.0,153.0,334.0,34.0,1126.0,51.0,36.96,3.65,1.64
2023/05/10,79.9,81.6,79.5,81.3,1317.0,106482.0,2.7813,1.284,1113.0,37.0,58.0,-41.0,54.0,4399.0,64.0,83.0,14.0,1177.0,65.0,37.99,3.75,1.6
2023/05/11,82.9,83.3,79.4,79.4,2314.0,186692.0,-2.337,2.2561,1965.0,-242.0,0.0,-26.0,-268.0,4319.0,139.0,219.0,92.0,1118.0,33.0,37.1,3.66,1.64
2023/05/12,79.6,80.5,78.4,80.5,1607.0,127847.0,1.3854,1.5668,1334.0,244.0,0.0,-100.0,144.0,4218.0,83.0,171.0,14.0,1151.0,47.0,38.33,3.36,1.61
2023/05/15,79.3,82.3,78.9,78.9,1594.0,127288.0,-1.9876,1.5541,1400.0,-322.0,0.0,-65.0,-387.0,4231.0,97.0,84.0,51.0,1136.0,36.0,37.57,3.29,1.65
2023/05/16,79.5,81.8,79.4,80.7,1976.0,159865.0,2.2814,1.9265,1532.0,276.0,103.0,-80.0,299.0,4265.0,198.0,164.0,16.0,1190.0,73.0,38.43,3.37,1.61
2023/05/17,82.2,84.5,81.1,82.3,3050.0,251172.0,1.9827,2.9736,2934.0,-257.0,50.0,-17.0,-224.0,4213.0,196.0,248.0,49.0,1197.0,56.0,39.19,3.43,1.58
2023/05/18,83.5,84.2,80.8,81.0,2270.0,185846.0,-1.5796,2.2132,1825.0,-286.0,0.0,-6.0,-292.0,4350.0,269.0,132.0,55.0,1149.0,8.0,38.57,3.38,1.6
2023/05/19,81.5,89.1,80.1,85.5,8731.0,755212.0,5.5556,8.5124,6001.0,257.0,-200.0,226.0,283.0,4665.0,1024.0,708.0,75.0,1182.0,108.0,40.71,3.57,1.52
2023/05/22,85.9,89.2,84.2,87.8,5823.0,507350.0,2.6901,5.6772,4302.0,-417.0,660.0,-40.0,203.0,4490.0,433.0,608.0,42.0,1211.0,73.0,41.81,3.66,1.48
2023/05/23,89.5,96.3,87.8,92.7,14589.0,1355496.0,5.5809,14.2237,11753.0,387.0,867.0,-96.0,1158.0,4357.0,1047.0,1180.0,33.0,1322.0,144.0,44.14,3.87,1.4
2023/05/24,93.5,101.5,93.4,101.5,27602.0,2707298.0,9.493,26.9109,20446.0,209.0,174.0,50.0,433.0,3913.0,1234.0,1678.0,29.0,1870.0,577.0,48.33,4.24,1.28
2023/05/25,101.5,102.0,93.5,93.8,17212.0,1658690.0,-7.5862,16.7811,11971.0,-34.0,-130.0,-111.0,-275.0,4541.0,1581.0,953.0,496.0,1478.0,104.0,44.67,3.91,1.39
2023/05/26,92.9,93.0,89.7,90.1,6398.0,584082.0,-3.9446,6.2378,5079.0,-43.0,-201.0,64.0,-180.0,4473.0,443.0,511.0,60.0,1444.0,26.0,42.9,3.76,1.44
2023/05/29,90.2,91.0,88.2,90.0,4056.0,363420.0,-0.111,3.9544,4414.0,-190.0,0.0,57.0,-133.0,4479.0,363.0,357.0,37.0,1429.0,22.0,42.86,3.76,1.44
2023/05/30,89.9,91.8,88.0,88.1,3073.0,275980.0,-2.1111,2.9961,2673.0,-347.0,0.0,-37.0,-384.0,4473.0,265.0,271.0,15.0,1420.0,8.0,41.95,3.68,1.48
2023/05/31,88.9,94.9,88.9,92.0,12039.0,1117753.0,4.4268,11.6363,9365.0,147.0,-23.0,118.0,242.0,4701.0,791.0,563.0,24.0,1537.0,142.0,43.81,3.84,1.41
2023/06/01,92.7,96.0,92.2,92.6,10126.0,951613.0,0.6522,9.7873,7490.0,-148.0,197.0,28.0,77.0,4754.0,619.0,565.0,17.0,883.0,20.0,44.1,3.86,1.4
2023/06/02,92.5,93.9,91.5,91.6,3391.0,313350.0,-1.0799,3.2776,3620.0,46.0,-192.0,-169.0,-315.0,4769.0,270.0,255.0,27.0,476.0,8.0,43.62,3.82,1.42
2023/06/05,91.3,92.5,90.5,91.9,2100.0,192466.0,0.3275,2.0298,1681.0,170.0,-10.0,32.0,192.0,4713.0,164.0,220.0,22.0,361.0,10.0,43.76,3.84,1.41
2023/06/06,92.1,98.7,92.1,93.4,14827.0,1421421.0,1.6322,14.331,11255.0,326.0,1050.0,171.0,1547.0,4373.0,772.0,1111.0,10.0,372.0,29.0,44.48,3.9,1.39
2023/06/07,97.0,101.5,95.8,99.2,17232.0,1693174.0,6.2099,16.6556,13510.0,821.0,1100.0,53.0,1974.0,4798.0,1478.0,1053.0,7.0,435.0,76.0,47.24,4.14,1.31
2023/06/08,102.0,105.5,99.6,100.5,22250.0,2274963.0,1.3105,21.5057,15554.0,-533.0,5.0,46.0,-482.0,5010.0,1627.0,1415.0,38.0,423.0,27.0,47.86,4.19,1.29
2023/06/09,101.0,102.0,95.1,98.0,10109.0,993177.0,-2.4876,9.7708,7206.0,109.0,0.0,-269.0,-160.0,5042.0,880.0,848.0,69.0,393.0,39.0,46.67,4.09,1.33
2023/06/12,97.1,97.6,92.4,92.5,4349.0,407907.0,-5.6122,4.2035,3165.0,-319.0,-8.0,-21.0,-348.0,4587.0,494.0,949.0,58.0,338.0,6.0,44.05,3.86,1.41
2023/06/13,94.0,95.7,92.1,93.7,4233.0,398362.0,1.2973,4.0914,5076.0,-331.0,-367.0,21.0,-677.0,4855.0,447.0,179.0,14.0,335.0,11.0,44.62,3.91,1.36
2023/06/14,94.2,96.4,93.2,94.1,4079.0,387090.0,0.4269,3.9425,3177.0,-10.0,249.0,19.0,258.0,4649.0,220.0,426.0,7.0,329.0,1.0,44.81,3.93,1.35
2023/06/15,95.2,99.6,93.8,98.2,4411.0,427167.0,4.3571,4.2634,3338.0,116.0,0.0,221.0,337.0,5163.0,1063.0,549.0,43.0,310.0,25.0,46.76,4.1,1.29
2023/06/16,99.0,103.5,97.1,99.8,10429.0,1046963.0,1.6293,10.0801,7395.0,1893.0,99.0,-5.0,1987.0,4562.0,984.0,1585.0,25.0,315.0,30.0,47.52,4.17,1.27
2023/06/19,102.5,109.5,101.5,109.5,12440.0,1326221.0,9.7194,12.0239,8172.0,1061.0,0.0,101.0,1162.0,4490.0,1129.0,1200.0,11.0,500.0,198.0,52.14,4.57,1.16
2023/06/20,111.5,120.0,110.0,120.0,34995.0,4091894.0,9.589,33.8243,18605.0,1911.0,-670.0,-181.0,1060.0,4457.0,1518.0,1551.0,195.0,890.0,585.0,57.14,5.01,1.06
2023/06/21,124.5,130.0,113.5,115.5,61800.0,7467861.0,-3.75,59.7327,32269.0,3756.0,-1440.0,-376.0,1940.0,3107.0,1143.0,2493.0,886.0,4.0,0.0,55.0,4.82,1.1
2023/06/26,119.0,121.5,104.0,104.0,12514.0,1393593.0,-9.9567,12.0954,8884.0,-3855.0,-47.0,-60.0,-3962.0,4355.0,1714.0,466.0,0.0,0.0,0.0,49.52,4.34,1.22
2023/06/27,103.5,103.5,93.6,94.0,9951.0,967748.0,-9.6154,9.6181,8147.0,-578.0,-893.0,3.0,-1468.0,4270.0,950.0,1032.0,0.0,0.0,0.0,44.76,3.92,1.35
2023/06/28,96.0,96.4,92.0,93.2,6297.0,594519.0,-0.8511,6.0864,4703.0,-1868.0,-8.0,122.0,-1754.0,4524.0,528.0,274.0,0.0,0.0,0.0,44.38,3.89,1.36
2023/06/29,92.9,94.0,92.1,92.1,3095.0,287501.0,0.1781,2.9915,2318.0,-209.0,0.0,-41.0,-250.0,4785.0,505.0,243.0,0.0,192.0,192.0,43.86,3.84,1.38
2023/06/30,93.5,94.2,92.2,92.2,2672.0,248862.0,0.1086,2.5746,2066.0,-722.0,200.0,13.0,-509.0,4962.0,430.0,253.0,2.0,269.0,79.0,43.9,3.85,1.38
2023/07/03,93.6,94.5,92.2,92.7,3138.0,292536.0,0.5423,3.0236,2456.0,-235.0,-453.0,9.0,-679.0,5025.0,320.0,256.0,7.0,275.0,13.0,44.14,3.87,1.37
2023/07/04,92.7,92.7,88.5,88.6,5128.0,461431.0,-4.4229,4.9411,4464.0,-657.0,-1139.0,89.0,-1707.0,5187.0,544.0,381.0,35.0,403.0,163.0,42.19,3.7,1.43
2023/07/05,89.4,91.9,88.2,88.8,4138.0,372165.0,0.2257,3.9872,3237.0,-784.0,38.0,1.0,-745.0,5097.0,332.0,422.0,4.0,453.0,54.0,42.29,3.71,1.43
2023/07/06,89.2,90.4,88.0,88.0,2443.0,216377.0,-0.9009,2.354,2100.0,-610.0,1.0,1.0,-609.0,5132.0,179.0,136.0,20.0,544.0,111.0,41.9,3.67,1.44
2023/07/07,88.0,89.6,86.1,86.1,3246.0,284340.0,-2.1591,3.1277,2613.0,-488.0,-269.0,32.0,-725.0,5215.0,278.0,194.0,36.0,623.0,115.0,41.0,3.59,1.48
2023/07/10,85.5,86.2,83.3,84.6,3714.0,313527.0,-1.7422,3.5786,2761.0,1004.0,-1070.0,-51.0,-117.0,5155.0,176.0,225.0,12.0,817.0,206.0,40.29,3.53,1.5
2023/07/11,85.2,86.8,83.4,83.8,3401.0,288005.0,-0.9456,3.277,2802.0,-330.0,-310.0,-10.0,-650.0,5242.0,262.0,174.0,29.0,875.0,87.0,39.9,3.5,1.52
2023/07/12,84.0,84.2,81.8,82.0,2655.0,219070.0,-2.148,2.5582,2160.0,314.0,-151.0,-10.0,153.0,5198.0,194.0,236.0,136.0,830.0,91.0,39.05,3.42,1.55
2023/07/13,82.8,82.8,80.8,80.8,2685.0,219294.0,-1.4634,2.5871,2391.0,-81.0,-397.0,10.0,-468.0,5301.0,220.0,117.0,52.0,835.0,57.0,38.48,3.37,1.57
2023/07/14,80.9,83.6,80.6,82.3,3612.0,297132.0,1.8564,3.4803,2918.0,125.0,-377.0,44.0,-208.0,5280.0,265.0,286.0,50.0,859.0,74.0,39.19,3.43,1.54
2023/07/17,82.7,83.3,80.8,81.3,2162.0,176396.0,-1.2151,2.0832,1826.0,160.0,-200.0,-5.0,-45.0,5246.0,125.0,158.0,29.0,858.0,28.0,38.71,3.39,1.56
2023/07/18,81.3,81.4,78.4,78.9,4395.0,349983.0,-2.952,4.2348,3662.0,445.0,-176.0,64.0,333.0,5259.0,223.0,209.0,38.0,836.0,42.0,37.57,3.29,1.61
2023/07/19,79.0,82.5,78.3,79.4,3208.0,256927.0,0.6337,3.0911,2579.0,-387.0,238.0,-12.0,-161.0,5096.0,180.0,343.0,162.0,726.0,83.0,37.81,3.31,1.6
2023/07/20,79.6,86.7,79.6,85.4,7680.0,647033.0,7.5567,7.4001,5867.0,-106.0,232.0,130.0,256.0,5248.0,754.0,602.0,41.0,789.0,140.0,40.67,3.56,1.49
2023/07/21,86.0,89.1,81.7,83.1,9169.0,780662.0,-2.6932,8.8348,7055.0,-1008.0,0.0,-44.0,-1052.0,5186.0,571.0,633.0,68.0,797.0,76.0,39.57,3.47,1.53
2023/07/24,82.7,83.0,79.5,80.0,2778.0,223797.0,-3.7304,2.6767,2160.0,-84.0,50.0,20.0,-14.0,5116.0,241.0,311.0,66.0,818.0,90.0,38.1,3.34,1.59
2023/07/25,80.7,82.5,79.6,82.5,2772.0,225997.0,3.125,2.671,2013.0,500.0,0.0,45.0,545.0,5068.0,138.0,186.0,16.0,894.0,92.0,39.29,3.44,1.54
2023/07/26,82.5,84.4,80.7,83.4,3392.0,281773.0,1.0909,3.2684,3430.0,99.0,500.0,20.0,619.0,4926.0,164.0,306.0,4.0,943.0,53.0,39.71,3.48,1.52
2023/07/27,84.1,89.0,83.9,87.6,7427.0,643846.0,5.036,7.1563,5826.0,807.0,900.0,219.0,1926.0,4782.0,436.0,576.0,33.0,1024.0,114.0,41.71,3.66,1.45
2023/07/28,89.6,95.0,88.0,94.2,18925.0,1744720.0,7.5342,18.2352,16232.0,543.0,1923.0,-117.0,2349.0,4493.0,1009.0,1298.0,13.0,1212.0,201.0,44.86,3.93,1.35
2023/07/31,97.7,97.7,89.1,90.6,9904.0,921617.0,-3.8217,9.5279,9741.0,-456.0,12.0,-89.0,-533.0,4114.0,570.0,949.0,100.0,1146.0,34.0,43.14,3.78,1.4
2023/08/01,90.6,93.8,90.6,93.3,5024.0,465754.0,2.9801,4.8332,6251.0,403.0,304.0,-51.0,656.0,4248.0,491.0,356.0,6.0,1182.0,42.0,44.43,3.89,1.36
2023/08/02,93.7,95.5,90.5,91.0,4980.0,463375.0,-2.4652,4.7909,4970.0,9.0,0.0,-49.0,-40.0,4261.0,398.0,385.0,43.0,1245.0,106.0,43.33,3.8,1.4
2023/08/04,91.6,93.6,86.6,86.7,5637.0,505375.0,-4.7253,5.423,5483.0,-119.0,-701.0,-194.0,-1014.0,4055.0,440.0,645.0,105.0,1187.0,48.0,41.29,3.62,1.46
2023/08/07,86.0,86.0,82.2,83.1,2817.0,234895.0,-4.1522,2.71,3251.0,171.0,-400.0,-64.0,-293.0,4040.0,207.0,222.0,84.0,1144.0,41.0,30.44,3.37,1.53
2023/08/08,83.2,85.5,82.5,82.5,2574.0,215257.0,-0.722,2.4763,2281.0,-583.0,0.0,-3.0,-586.0,4083.0,135.0,92.0,32.0,1144.0,32.0,30.22,3.34,1.54
2023/08/09,83.9,84.3,82.2,83.0,1589.0,131999.0,0.6061,1.5287,1418.0,-66.0,-38.0,-23.0,-127.0,4031.0,55.0,107.0,128.0,1018.0,28.0,30.4,3.36,1.53
2023/08/10,82.9,83.3,81.1,81.4,1154.0,94564.0,-1.9277,1.1102,1249.0,-155.0,0.0,6.0,-149.0,3970.0,69.0,129.0,167.0,869.0,22.0,29.82,3.3,1.56
2023/08/11,81.7,84.1,80.2,82.6,2076.0,171551.0,1.4742,1.9972,1896.0,123.0,200.0,-15.0,308.0,3915.0,64.0,119.0,19.0,985.0,135.0,30.26,3.35,1.54
2023/08/14,83.0,83.1,75.0,76.4,4223.0,329596.0,-7.5061,4.0626,4035.0,181.0,-1032.0,-59.0,-910.0,3824.0,261.0,348.0,37.0,1066.0,129.0,27.99,3.09,1.66
2023/08/15,76.4,77.9,75.6,76.8,2648.0,203070.0,0.5236,2.5475,2002.0,57.0,-363.0,20.0,-287.0,3767.0,59.0,112.0,29.0,1040.0,70.0,28.13,3.11,1.65
2023/08/16,75.6,75.8,73.3,74.8,2962.0,220512.0,-2.6042,2.8495,2264.0,407.0,-690.0,0.0,-283.0,3743.0,116.0,140.0,394.0,706.0,73.0,27.4,3.03,1.7
2023/08/17,73.7,75.7,72.8,74.7,2627.0,195348.0,-0.1337,2.5272,2293.0,432.0,-773.0,-9.0,-350.0,3792.0,132.0,83.0,208.0,548.0,54.0,27.36,3.03,1.7
2023/08/18,74.3,74.4,72.1,72.1,1705.0,124626.0,-3.4806,1.6403,1844.0,-459.0,-30.0,3.0,-486.0,3788.0,128.0,132.0,119.0,477.0,52.0,26.41,2.92,1.76
2023/08/21,72.5,73.8,72.4,72.8,783.0,57128.0,0.9709,0.7533,764.0,-13.0,100.0,0.0,87.0,3771.0,27.0,43.0,17.0,507.0,54.0,26.67,2.95,1.74
2023/08/22,73.2,73.5,70.7,70.9,1637.0,117120.0,-2.6099,1.5748,1415.0,-188.0,0.0,23.0,-165.0,3783.0,95.0,83.0,23.0,509.0,53.0,25.97,2.87,1.79
2023/08/23,71.3,73.8,71.3,72.2,2062.0,149757.0,1.8336,1.9837,1473.0,68.0,0.0,48.0,116.0,3796.0,116.0,103.0,20.0,542.0,65.0,26.45,2.92,1.76
2023/08/24,72.5,73.3,71.4,71.7,937.0,67628.0,-0.6925,0.9014,1001.0,-24.0,0.0,4.0,-20.0,3842.0,87.0,40.0,62.0,446.0,26.0,26.26,2.9,1.77
2023/08/25,75.7,78.8,75.0,78.8,7888.0,608866.0,9.9024,7.5885,5593.0,-93.0,744.0,-68.0,583.0,3644.0,302.0,499.0,87.0,611.0,258.0,28.86,3.19,1.61
2023/08/28,79.0,79.0,75.4,76.8,7584.0,583075.0,-2.5381,7.296,5852.0,-893.0,356.0,-10.0,-547.0,3759.0,368.0,253.0,107.0,693.0,189.0,28.13,3.11,1.65
2023/08/29,75.0,77.4,75.0,75.8,3454.0,263387.0,-1.3021,3.3228,2313.0,-432.0,0.0,48.0,-384.0,3823.0,156.0,92.0,81.0,634.0,28.0,27.77,3.07,1.68
2023/08/30,75.6,77.9,75.1,77.6,2203.0,169051.0,2.3747,2.1193,1649.0,258.0,160.0,134.0,552.0,3772.0,137.0,188.0,62.0,624.0,52.0,28.42,3.14,1.64
2023/08/31,78.3,78.5,76.5,77.1,1121.0,86621.0,-0.6443,1.0784,967.0,-130.0,0.0,-13.0,-143.0,3847.0,172.0,95.0,11.0,592.0,18.0,28.24,3.12,1.65
2023/09/01,76.9,78.6,76.2,77.3,2015.0,156600.0,0.2594,1.9385,1292.0,394.0,0.0,-22.0,372.0,3878.0,167.0,136.0,26.0,565.0,77.0,28.32,3.13,1.64
2023/09/04,77.2,77.2,75.4,75.8,999.0,75805.0,-1.9405,0.9611,1091.0,-238.0,0.0,7.0,-231.0,3946.0,122.0,54.0,38.0,627.0,101.0,27.77,3.07,1.68
2023/09/05,76.1,77.5,75.5,75.5,1631.0,124870.0,-0.3958,1.5691,1111.0,-18.0,0.0,12.0,-6.0,4025.0,136.0,57.0,23.0,572.0,18.0,27.66,3.06,1.68
2023/09/06,75.5,76.0,74.8,75.0,597.0,45003.0,-0.6623,0.5743,718.0,-63.0,0.0,-8.0,-71.0,4039.0,40.0,25.0,25.0,557.0,14.0,27.47,3.04,1.69
2023/09/07,75.2,75.2,73.5,73.7,690.0,51095.0,-1.7333,0.6638,638.0,-142.0,0.0,0.0,-142.0,4044.0,57.0,52.0,26.0,518.0,7.0,27.0,2.99,1.72
2023/09/08,74.1,74.3,73.1,73.1,437.0,32151.0,-0.8141,0.4204,433.0,-93.0,0.0,-12.0,-105.0,4040.0,46.0,49.0,9.0,476.0,56.0,26.78,2.96,1.74
2023/09/11,72.9,73.9,71.1,71.4,878.0,63554.0,-2.3256,0.8447,782.0,-114.0,0.0,-29.0,-143.0,4014.0,50.0,76.0,107.0,390.0,27.0,26.15,2.89,1.78
2023/09/12,71.6,73.2,71.3,71.4,817.0,58794.0,0.0,0.786,810.0,-132.0,0.0,-1.0,-133.0,4025.0,64.0,53.0,16.0,475.0,105.0,26.15,2.89,1.78
2023/09/13,71.8,74.4,71.4,73.3,1416.0,103810.0,2.6611,1.3622,1160.0,278.0,0.0,-15.0,263.0,4016.0,75.0,84.0,15.0,563.0,105.0,26.85,2.97,1.73
2023/09/14,73.4,74.7,72.9,74.1,951.0,70450.0,1.0914,0.9149,785.0,-12.0,0.0,7.0,-5.0,3994.0,78.0,100.0,10.0,541.0,12.0,27.14,3.0,1.71
2023/09/15,74.8,75.4,73.0,73.0,1041.0,77023.0,-1.4845,1.0015,787.0,-247.0,0.0,-2.0,-249.0,4110.0,198.0,82.0,45.0,513.0,32.0,26.74,2.96,1.74
2023/09/18,73.6,73.8,72.5,72.7,407.0,29697.0,-0.411,0.3915,367.0,21.0,0.0,-2.0,19.0,4057.0,28.0,81.0,6.0,434.0,10.0,26.63,2.94,1.75
2023/09/19,73.3,73.7,71.4,71.5,737.0,53071.0,-1.6506,0.709,597.0,-151.0,0.0,-108.0,-259.0,4035.0,62.0,84.0,43.0,333.0,8.0,26.19,2.9,1.78
