年月日,開盤價(元),最高價(元),最低價(元),收盤價(元),成交量(千股),成交值(千元),報酬率％,週轉率％,成交筆數(筆),外資買賣超(千股),投信買賣超(千股),自營買賣超(千股),合計買賣超(千股),融資餘額(張),融資買進(張),融資賣出(張),融券買進(張),融券餘額(張),融券賣出(張),本益比-TSE,股價淨值比-TSE,股利殖利率-TSE
2017/03/30,,,,,,,,,,,,,,0.0,0.0,0.0,0.0,0.0,0.0,,,
2017/03/31,19.95,20.0,19.9,19.91,2891.0,57660.0,0.0,13.2432,1240.0,0.0,0.0,-1875.0,-1875.0,7.0,7.0,0.0,0.0,0.0,0.0,0.0,,
2017/04/05,19.94,19.98,19.89,19.95,929.0,18518.0,0.2009,4.1603,359.0,0.0,0.0,-503.0,-503.0,5.0,0.0,2.0,0.0,0.0,0.0,0.0,,
2017/04/06,19.95,19.95,19.9,19.93,394.0,7845.0,-0.1003,1.7644,177.0,0.0,0.0,-142.0,-142.0,4.0,0.0,1.0,0.0,0.0,0.0,0.0,,
2017/04/07,19.93,19.93,19.72,19.84,622.0,12314.0,-0.4516,2.7855,244.0,0.0,0.0,-178.0,-178.0,4.0,0.0,0.0,0.0,0.0,0.0,0.0,,
2017/04/10,19.84,19.85,19.8,19.8,393.0,7788.0,-0.2016,1.76,111.0,0.0,0.0,-76.0,-76.0,4.0,0.0,0.0,0.0,0.0,0.0,0.0,,
2017/04/11,19.8,19.86,19.75,19.75,614.0,12160.0,-0.2525,2.7497,98.0,0.0,0.0,-118.0,-118.0,4.0,0.0,0.0,0.0,0.0,0.0,0.0,,
2017/04/12,19.75,19.75,19.7,19.72,422.0,8321.0,-0.1519,1.8898,96.0,0.0,0.0,-67.0,-67.0,6.0,2.0,0.0,0.0,0.0,0.0,0.0,,
2017/04/13,19.74,19.76,19.69,19.74,362.0,7145.0,0.1014,1.6211,85.0,0.0,0.0,29.0,29.0,6.0,0.0,0.0,0.0,0.0,0.0,0.0,,
2017/04/14,19.72,19.72,19.65,19.7,725.0,14275.0,-0.2026,3.2468,120.0,0.0,0.0,-49.0,-49.0,6.0,0.0,0.0,0.0,0.0,0.0,0.0,,
2017/04/17,19.7,19.7,19.63,19.66,736.0,14466.0,-0.203,3.296,119.0,0.0,0.0,-8.0,-8.0,5.0,0.0,0.0,0.0,0.0,0.0,0.0,,
2017/04/18,19.7,19.71,19.64,19.65,740.0,14543.0,-0.0509,3.3139,69.0,0.0,0.0,-7.0,-7.0,5.0,0.0,0.0,0.0,0.0,0.0,0.0,,
2017/04/19,19.65,19.65,19.48,19.49,1072.0,20961.0,-0.8142,4.6956,217.0,0.0,0.0,-613.0,-613.0,5.0,0.0,0.0,0.0,0.0,0.0,0.0,,
2017/04/20,19.43,19.51,19.42,19.51,787.0,15317.0,0.1026,3.4472,92.0,0.0,0.0,-185.0,-185.0,5.0,0.0,0.0,0.0,0.0,0.0,0.0,,
2017/04/21,19.54,19.66,19.54,19.66,733.0,14389.0,0.7688,3.2107,79.0,0.0,0.0,40.0,40.0,3.0,0.0,2.0,0.0,0.0,0.0,0.0,,
2017/04/24,19.65,19.72,19.59,19.64,930.0,18270.0,-0.1017,4.0736,121.0,0.0,0.0,307.0,307.0,3.0,0.0,0.0,0.0,0.0,0.0,0.0,,
2017/04/25,19.67,19.85,19.64,19.85,592.0,11703.0,1.0692,2.5931,118.0,0.0,0.0,124.0,124.0,3.0,0.0,0.0,0.0,0.0,0.0,0.0,,
2017/04/26,20.0,20.0,19.85,19.91,731.0,14547.0,0.3023,3.2019,108.0,0.0,0.0,15.0,15.0,3.0,0.0,0.0,0.0,0.0,0.0,0.0,,
2017/04/27,19.85,19.91,19.85,19.86,687.0,13659.0,-0.2511,3.0092,50.0,0.0,0.0,29.0,29.0,3.0,0.0,0.0,0.0,0.0,0.0,0.0,,
2017/04/28,19.91,19.93,19.86,19.87,875.0,17399.0,0.0504,3.8327,65.0,0.0,0.0,156.0,156.0,3.0,0.0,0.0,0.0,0.0,0.0,0.0,,
2017/05/02,19.91,20.03,19.91,19.98,1668.0,33380.0,0.5536,7.3062,247.0,-50.0,0.0,578.0,528.0,3.0,0.0,0.0,0.0,0.0,0.0,0.0,,
2017/05/03,20.02,20.04,19.99,20.02,1322.0,26477.0,0.2002,5.7906,177.0,0.0,0.0,750.0,750.0,19.0,16.0,0.0,0.0,0.0,0.0,0.0,,
2017/05/04,20.06,20.13,20.06,20.12,1668.0,33522.0,0.4995,7.3062,716.0,0.0,0.0,-773.0,-773.0,52.0,33.0,0.0,0.0,0.0,0.0,0.0,,
2017/05/05,20.15,20.15,20.0,20.01,1356.0,27197.0,-0.5467,5.9396,421.0,0.0,0.0,-690.0,-690.0,62.0,10.0,0.0,0.0,0.0,0.0,0.0,,
2017/05/08,20.05,20.08,19.96,20.02,1053.0,21078.0,0.05,4.6124,183.0,0.0,0.0,-194.0,-194.0,78.0,17.0,1.0,0.0,0.0,0.0,0.0,,
2017/05/09,20.07,20.14,20.02,20.05,1073.0,21532.0,0.1499,4.7,177.0,0.0,0.0,100.0,100.0,76.0,7.0,9.0,0.0,0.0,0.0,0.0,,
2017/05/10,20.05,20.11,20.03,20.06,1060.0,21280.0,0.0499,4.643,131.0,0.0,0.0,-51.0,-51.0,77.0,3.0,2.0,0.0,0.0,0.0,0.0,,
2017/05/11,20.06,20.15,20.06,20.11,1029.0,20692.0,0.2493,4.5072,145.0,0.0,0.0,87.0,87.0,77.0,1.0,1.0,0.0,0.0,0.0,0.0,,
2017/05/12,20.11,20.11,20.06,20.09,1059.0,21271.0,-0.0995,4.6386,91.0,0.0,0.0,2.0,2.0,82.0,5.0,0.0,0.0,0.0,0.0,0.0,,
2017/05/15,20.09,20.16,20.08,20.16,1217.0,24513.0,0.3484,5.3307,142.0,0.0,0.0,254.0,254.0,84.0,2.0,0.0,0.0,0.0,0.0,0.0,,
2017/05/16,20.17,20.19,20.12,20.16,1027.0,20700.0,0.0,4.4985,110.0,0.0,0.0,-29.0,-29.0,84.0,1.0,1.0,0.0,0.0,0.0,0.0,,
2017/05/17,20.16,20.16,20.09,20.14,1290.0,25976.0,-0.0992,5.6505,106.0,0.0,0.0,-86.0,-86.0,84.0,0.0,0.0,0.0,0.0,0.0,0.0,,
2017/05/18,20.06,20.08,19.98,20.08,1833.0,36742.0,-0.2979,8.0289,153.0,0.0,0.0,-96.0,-96.0,84.0,0.0,0.0,0.0,0.0,0.0,0.0,,
2017/05/19,20.11,20.11,20.02,20.08,1312.0,26330.0,0.0,5.7468,327.0,0.0,0.0,-674.0,-674.0,68.0,4.0,20.0,0.0,0.0,0.0,0.0,,
2017/05/22,20.07,20.08,20.01,20.08,1397.0,27993.0,0.0,6.1191,145.0,0.0,0.0,-174.0,-174.0,66.0,0.0,2.0,0.0,0.0,0.0,0.0,,
2017/05/23,20.08,20.1,20.05,20.07,1459.0,29287.0,-0.0498,6.3907,120.0,0.0,0.0,-213.0,-213.0,68.0,2.0,0.0,0.0,0.0,0.0,0.0,,
2017/05/24,20.07,20.11,20.07,20.1,1063.0,21342.0,0.1495,4.6562,87.0,0.0,0.0,65.0,65.0,69.0,1.0,0.0,0.0,0.0,0.0,0.0,,
2017/05/25,20.12,20.22,20.11,20.21,1255.0,25345.0,0.5473,5.4972,185.0,0.0,0.0,303.0,303.0,69.0,1.0,1.0,0.0,0.0,0.0,0.0,,
2017/05/26,20.21,20.23,20.15,20.17,847.0,17081.0,-0.1979,3.71,90.0,0.0,0.0,111.0,111.0,69.0,0.0,0.0,0.0,0.0,0.0,0.0,,
2017/05/31,20.17,20.21,20.07,20.08,1523.0,30650.0,-0.4462,6.671,138.0,0.0,0.0,-118.0,-118.0,69.0,0.0,0.0,0.0,0.0,0.0,0.0,,
2017/06/01,20.12,20.2,20.12,20.14,1004.0,20225.0,0.2988,4.3977,70.0,0.0,0.0,5.0,5.0,69.0,0.0,0.0,0.0,0.0,0.0,0.0,,
2017/06/02,20.19,20.27,20.19,20.24,1038.0,20997.0,0.4965,4.5466,131.0,0.0,0.0,179.0,179.0,65.0,0.0,4.0,0.0,0.0,0.0,0.0,,
2017/06/03,20.27,20.28,20.24,20.28,124.0,2516.0,0.1976,0.5431,56.0,0.0,0.0,74.0,74.0,65.0,0.0,0.0,0.0,0.0,0.0,0.0,,
2017/06/05,20.28,20.42,20.28,20.42,864.0,17596.0,0.6903,3.7845,163.0,0.0,0.0,130.0,130.0,62.0,0.0,3.0,0.0,0.0,0.0,0.0,,
2017/06/06,20.47,20.47,20.39,20.43,1026.0,20967.0,0.049,4.4941,101.0,0.0,0.0,74.0,74.0,63.0,1.0,0.0,0.0,0.0,0.0,0.0,,
2017/06/07,20.43,20.47,20.4,20.44,903.0,18467.0,0.0489,3.9553,83.0,0.0,0.0,-13.0,-13.0,64.0,1.0,0.0,0.0,0.0,0.0,0.0,,
2017/06/08,20.45,20.51,20.45,20.49,998.0,20452.0,0.2446,4.3714,110.0,0.0,0.0,301.0,301.0,117.0,53.0,0.0,0.0,0.0,0.0,0.0,,
2017/06/09,20.49,20.55,20.47,20.48,841.0,17239.0,-0.0488,3.6837,96.0,0.0,0.0,-75.0,-75.0,115.0,0.0,2.0,0.0,0.0,0.0,0.0,,
2017/06/12,20.38,20.4,20.32,20.32,1190.0,24243.0,-0.7813,5.2124,129.0,0.0,0.0,-115.0,-115.0,115.0,0.0,0.0,0.0,0.0,0.0,0.0,,
2017/06/13,20.3,20.32,20.26,20.3,1110.0,22543.0,-0.0984,4.862,73.0,0.0,0.0,3.0,3.0,117.0,2.0,0.0,0.0,0.0,0.0,0.0,,
2017/06/14,20.39,20.39,20.2,20.22,774.0,15652.0,-0.3941,3.3903,98.0,0.0,0.0,-4.0,-4.0,118.0,1.0,0.0,0.0,0.0,0.0,0.0,,
2017/06/15,20.26,20.26,20.15,20.2,951.0,19223.0,-0.0989,4.1656,86.0,0.0,0.0,50.0,50.0,118.0,0.0,0.0,0.0,0.0,0.0,0.0,,
2017/06/16,20.21,20.34,20.2,20.33,1213.0,24605.0,0.6436,5.3132,189.0,0.0,0.0,42.0,42.0,118.0,0.0,0.0,0.0,0.0,0.0,0.0,,
2017/06/19,20.34,20.43,20.34,20.42,1694.0,34568.0,0.4427,7.4201,195.0,0.0,0.0,261.0,261.0,118.0,0.0,0.0,0.0,0.0,0.0,0.0,,
2017/06/20,20.47,20.6,20.47,20.57,892.0,18347.0,0.7346,3.9946,215.0,0.0,0.0,347.0,347.0,115.0,0.0,3.0,0.0,0.0,0.0,0.0,,
2017/06/21,20.58,20.67,20.53,20.66,948.0,19508.0,0.4375,4.2454,101.0,0.0,0.0,270.0,270.0,115.0,3.0,3.0,0.0,0.0,0.0,0.0,,
2017/06/22,20.66,20.77,20.66,20.77,771.0,16001.0,0.5324,3.4528,98.0,0.0,0.0,104.0,104.0,65.0,0.0,50.0,0.0,0.0,0.0,0.0,,
2017/06/23,20.77,20.79,20.72,20.76,2616.0,54258.0,-0.0481,11.7152,58.0,0.0,0.0,17.0,17.0,65.0,0.0,0.0,0.0,0.0,0.0,0.0,,
2017/06/26,20.8,20.98,20.8,20.98,1141.0,23886.0,1.0597,5.1097,101.0,0.0,0.0,88.0,88.0,59.0,1.0,7.0,0.0,0.0,0.0,0.0,,
2017/06/27,20.98,21.05,20.98,21.01,1202.0,25273.0,0.143,5.3829,94.0,0.0,0.0,-30.0,-30.0,59.0,1.0,1.0,0.0,0.0,0.0,0.0,,
2017/06/28,20.95,21.02,20.88,20.91,1177.0,24643.0,-0.476,5.3917,80.0,0.0,0.0,56.0,56.0,40.0,0.0,19.0,0.0,0.0,0.0,0.0,,
2017/06/29,20.91,20.98,20.9,20.9,874.0,18314.0,-0.0478,4.0037,54.0,0.0,0.0,-125.0,-125.0,41.0,1.0,0.0,0.0,0.0,0.0,0.0,,
2017/06/30,20.84,20.87,20.78,20.87,466.0,9702.0,-0.1435,2.1347,63.0,0.0,0.0,22.0,22.0,41.0,0.0,0.0,0.0,0.0,0.0,0.0,,
2017/07/03,20.81,20.9,20.3,20.89,394.0,8203.0,0.0958,1.8049,94.0,0.0,0.0,4.0,4.0,42.0,1.0,0.0,0.0,0.0,0.0,0.0,,
2017/07/04,20.95,20.95,20.89,20.89,310.0,6487.0,0.0,1.4201,51.0,0.0,0.0,-100.0,-100.0,41.0,0.0,1.0,0.0,0.0,0.0,0.0,,
2017/07/05,20.9,20.96,20.8,20.93,177.0,3699.0,0.1915,0.8108,52.0,0.0,0.0,88.0,88.0,41.0,0.0,0.0,0.0,0.0,0.0,0.0,,
2017/07/06,20.95,20.97,20.91,20.94,585.0,12241.0,0.0478,2.6798,36.0,0.0,0.0,9.0,9.0,41.0,0.0,0.0,0.0,0.0,0.0,0.0,,
2017/07/07,20.92,20.92,20.86,20.86,688.0,14367.0,-0.382,3.1516,64.0,0.0,0.0,-118.0,-118.0,40.0,0.0,1.0,0.0,0.0,0.0,0.0,,
2017/07/10,20.86,20.86,20.8,20.82,695.0,14480.0,-0.1918,3.1837,65.0,0.0,0.0,39.0,39.0,40.0,0.0,0.0,0.0,0.0,0.0,0.0,,
2017/07/11,20.82,21.07,20.82,21.05,1000.0,21022.0,1.1047,4.5809,119.0,0.0,0.0,58.0,58.0,40.0,0.0,0.0,0.0,0.0,0.0,0.0,,
2017/07/12,21.11,21.19,21.1,21.16,761.0,16118.0,0.5226,3.5677,79.0,0.0,0.0,-3.0,-3.0,40.0,0.0,0.0,0.0,0.0,0.0,0.0,,
2017/07/13,21.18,21.36,21.18,21.3,840.0,17851.0,0.6616,3.9381,97.0,0.0,0.0,-53.0,-53.0,40.0,0.0,0.0,0.0,0.0,0.0,0.0,,
2017/07/14,21.3,21.3,21.28,21.3,573.0,12199.0,0.0,2.6864,49.0,0.0,0.0,-43.0,-43.0,40.0,0.0,0.0,0.0,0.0,0.0,0.0,,
2017/07/17,21.29,21.33,21.27,21.28,786.0,16733.0,-0.0939,3.685,65.0,1.0,0.0,-3.0,-2.0,40.0,0.0,0.0,0.0,0.0,0.0,0.0,,
2017/07/18,21.25,21.3,21.23,21.3,659.0,14034.0,0.094,3.0895,42.0,0.0,0.0,17.0,17.0,40.0,0.0,0.0,0.0,0.0,0.0,0.0,,
2017/07/19,21.38,21.5,21.38,21.45,664.0,14246.0,0.7042,3.113,73.0,0.0,0.0,-73.0,-73.0,45.0,5.0,0.0,0.0,0.0,0.0,0.0,,
2017/07/20,21.45,21.48,21.45,21.47,640.0,13740.0,0.0932,3.0005,64.0,0.0,0.0,-83.0,-83.0,46.0,1.0,0.0,0.0,0.0,0.0,0.0,,
2017/07/21,21.47,21.47,21.36,21.38,927.0,19834.0,-0.4192,4.346,165.0,0.0,0.0,-173.0,-173.0,46.0,0.0,0.0,0.0,0.0,0.0,0.0,,
2017/07/24,21.38,21.38,21.25,21.36,655.0,13993.0,-0.0935,3.0708,98.0,0.0,0.0,-41.0,-41.0,46.0,1.0,1.0,0.0,0.0,0.0,0.0,,
2017/07/25,21.36,21.41,21.35,21.39,659.0,14090.0,0.1404,3.0895,73.0,0.0,0.0,-104.0,-104.0,48.0,2.0,0.0,0.0,0.0,0.0,0.0,,
2017/07/26,21.4,21.45,21.33,21.33,977.0,20893.0,-0.2805,4.5804,148.0,0.0,0.0,-205.0,-205.0,50.0,2.0,0.0,0.0,0.0,0.0,0.0,,
2017/07/27,21.33,21.55,21.33,21.54,852.0,18275.0,0.9845,3.9944,114.0,0.0,0.0,104.0,104.0,49.0,0.0,1.0,0.0,0.0,0.0,0.0,,
2017/07/28,21.52,21.52,21.39,21.41,787.0,16885.0,-0.6035,3.6896,144.0,0.0,0.0,-245.0,-245.0,47.0,1.0,3.0,0.0,0.0,0.0,0.0,,
2017/07/31,21.41,21.41,21.3,21.37,325.0,6943.0,-0.1868,1.5237,58.0,1.0,0.0,-48.0,-47.0,48.0,1.0,0.0,0.0,0.0,0.0,0.0,,
2017/08/01,21.37,21.55,21.37,21.53,618.0,13291.0,0.7487,2.8973,64.0,0.0,0.0,5.0,5.0,48.0,0.0,0.0,0.0,0.0,0.0,0.0,,
2017/08/02,21.55,21.61,21.55,21.61,637.0,13765.0,0.3716,2.9864,89.0,0.0,0.0,-33.0,-33.0,48.0,2.0,2.0,0.0,0.0,0.0,0.0,,
2017/08/03,21.65,21.65,21.46,21.53,773.0,16638.0,-0.3702,3.624,139.0,0.0,0.0,-160.0,-160.0,44.0,2.0,6.0,0.0,1.0,1.0,0.0,,
2017/08/04,21.54,21.62,21.52,21.61,666.0,14379.0,0.3716,3.1224,85.0,0.0,0.0,-115.0,-115.0,44.0,0.0,0.0,0.0,1.0,0.0,0.0,,
2017/08/07,21.61,21.73,21.61,21.71,769.0,16671.0,0.4627,3.6053,117.0,0.0,0.0,-112.0,-112.0,28.0,0.0,16.0,0.0,1.0,0.0,0.0,,
2017/08/08,21.84,21.84,21.71,21.82,694.0,15095.0,0.5067,3.2536,111.0,0.0,0.0,-96.0,-96.0,30.0,2.0,0.0,0.0,1.0,0.0,0.0,,
2017/08/09,21.82,21.82,21.61,21.68,963.0,20896.0,-0.6416,4.5148,219.0,0.0,0.0,-320.0,-320.0,23.0,0.0,3.0,0.0,1.0,0.0,0.0,,
2017/08/10,21.68,21.68,21.48,21.5,866.0,18634.0,-0.8303,4.06,193.0,0.0,0.0,-28.0,-28.0,24.0,1.0,0.0,0.0,1.0,0.0,0.0,,
2017/08/11,21.4,21.5,21.36,21.43,841.0,18030.0,-0.3256,3.9428,156.0,0.0,0.0,-176.0,-176.0,30.0,6.0,0.0,0.0,1.0,0.0,0.0,,
2017/08/14,21.46,21.46,21.32,21.32,794.0,16992.0,-0.5133,3.7225,134.0,0.0,0.0,122.0,122.0,30.0,0.0,0.0,0.0,1.0,0.0,0.0,,
2017/08/15,21.35,21.41,21.35,21.4,691.0,14780.0,0.3752,3.2396,91.0,0.0,0.0,-83.0,-83.0,33.0,3.0,0.0,0.0,1.0,0.0,0.0,,
2017/08/16,21.4,21.42,21.32,21.37,682.0,14610.0,-0.1402,3.1974,99.0,0.0,0.0,-133.0,-133.0,31.0,0.0,2.0,0.0,1.0,0.0,0.0,,
2017/08/17,21.39,21.52,21.39,21.46,176.0,3786.0,0.4212,0.8251,60.0,0.0,0.0,-61.0,-61.0,30.0,0.0,1.0,0.0,1.0,0.0,0.0,,
2017/08/18,21.4,21.4,21.3,21.35,500.0,10670.0,-0.5126,2.3441,116.0,0.0,0.0,227.0,227.0,30.0,0.0,0.0,0.0,1.0,0.0,0.0,,
2017/08/21,21.39,21.39,21.29,21.3,1164.0,24787.0,-0.2342,5.4571,127.0,1.0,0.0,440.0,441.0,34.0,11.0,7.0,0.0,1.0,0.0,0.0,,
2017/08/22,21.3,21.42,21.3,21.42,575.0,12309.0,0.5634,2.6957,40.0,0.0,0.0,5.0,5.0,33.0,0.0,1.0,0.0,1.0,0.0,0.0,,
2017/08/23,21.42,21.47,21.41,21.41,643.0,13790.0,-0.0467,3.0145,67.0,0.0,0.0,-46.0,-46.0,33.0,0.0,0.0,0.0,1.0,0.0,0.0,,
2017/08/24,21.41,21.48,21.41,21.44,654.0,14050.0,0.1401,3.0661,92.0,0.0,0.0,61.0,61.0,33.0,0.0,0.0,0.0,1.0,0.0,0.0,,
2017/08/25,21.46,21.52,21.46,21.5,711.0,15304.0,0.2799,3.3333,83.0,0.0,0.0,60.0,60.0,32.0,2.0,3.0,0.0,1.0,0.0,0.0,,
2017/08/28,21.53,21.6,21.5,21.52,618.0,13315.0,0.093,2.8973,81.0,0.0,0.0,-2.0,-2.0,34.0,2.0,0.0,0.0,1.0,0.0,0.0,,
2017/08/29,21.52,21.57,21.49,21.53,557.0,11981.0,0.0465,2.6113,47.0,0.0,0.0,-6.0,-6.0,31.0,0.0,3.0,0.0,1.0,0.0,0.0,,
2017/08/30,21.55,21.68,21.55,21.6,594.0,12831.0,0.3251,2.7848,75.0,0.0,0.0,-3.0,-3.0,30.0,0.0,1.0,0.0,1.0,0.0,0.0,,
2017/08/31,21.62,21.62,21.55,21.57,616.0,13307.0,-0.1389,2.888,82.0,0.0,0.0,48.0,48.0,29.0,0.0,1.0,0.0,1.0,0.0,0.0,,
2017/09/01,21.6,21.64,21.57,21.58,669.0,14461.0,0.0464,3.1364,71.0,0.0,0.0,42.0,42.0,32.0,3.0,0.0,0.0,1.0,0.0,0.0,,
2017/09/04,21.6,21.6,21.58,21.58,644.0,13903.0,0.0,3.0192,54.0,0.0,0.0,1.0,1.0,32.0,0.0,0.0,0.0,1.0,0.0,0.0,,
2017/09/05,21.58,21.58,21.52,21.54,651.0,14032.0,-0.1854,3.052,74.0,1.0,0.0,5.0,6.0,32.0,0.0,0.0,0.0,1.0,0.0,0.0,,
2017/09/06,21.54,21.55,21.47,21.5,662.0,14263.0,-0.1857,3.1036,79.0,0.0,0.0,4.0,4.0,31.0,0.0,1.0,0.0,1.0,0.0,0.0,,
2017/09/07,21.48,21.54,21.41,21.44,651.0,13999.0,-0.2791,3.052,78.0,0.0,0.0,-34.0,-34.0,24.0,0.0,7.0,0.0,1.0,0.0,0.0,,
2017/09/08,21.5,21.54,21.44,21.53,623.0,13406.0,0.4198,2.9208,56.0,0.0,0.0,10.0,10.0,33.0,10.0,1.0,0.0,1.0,0.0,0.0,,
2017/09/11,21.55,21.6,21.47,21.48,806.0,17377.0,-0.2322,3.7787,84.0,0.0,0.0,-192.0,-192.0,33.0,0.0,0.0,1.0,0.0,0.0,0.0,,
2017/09/12,21.58,21.58,21.5,21.5,630.0,13580.0,0.0931,2.9536,57.0,0.0,0.0,-5.0,-5.0,28.0,0.0,5.0,0.0,0.0,0.0,0.0,,
2017/09/13,21.51,21.52,21.43,21.45,686.0,14705.0,-0.2326,3.2161,62.0,0.0,0.0,-30.0,-30.0,28.0,0.0,0.0,0.0,0.0,0.0,0.0,,
2017/09/14,21.46,21.5,21.4,21.46,677.0,14549.0,0.0466,3.1739,63.0,0.0,0.0,7.0,7.0,19.0,1.0,10.0,0.0,0.0,0.0,0.0,,
2017/09/15,21.46,21.48,21.44,21.46,645.0,13840.0,0.0,3.0239,55.0,0.0,0.0,9.0,9.0,20.0,11.0,10.0,0.0,0.0,0.0,0.0,,
2017/09/18,21.48,21.61,21.48,21.56,147.0,3174.0,0.466,0.6892,70.0,0.0,0.0,92.0,92.0,21.0,1.0,0.0,0.0,0.0,0.0,0.0,,
2017/09/19,21.63,21.64,21.54,21.54,51.0,1113.0,-0.0928,0.2391,48.0,0.0,0.0,9.0,9.0,21.0,0.0,0.0,0.0,0.0,0.0,0.0,,
2017/09/20,21.6,21.6,21.51,21.55,590.0,12722.0,0.0464,2.7661,26.0,0.0,0.0,2.0,2.0,21.0,0.0,0.0,0.0,0.0,0.0,0.0,,
2017/09/21,21.45,21.63,21.45,21.56,1061.0,22890.0,0.0464,4.9742,52.0,0.0,0.0,44.0,44.0,21.0,0.0,0.0,0.0,0.0,0.0,0.0,,
2017/09/22,21.56,21.56,21.43,21.43,1000.0,21485.0,-0.603,4.6882,86.0,0.0,0.0,-137.0,-137.0,26.0,5.0,0.0,0.0,0.0,0.0,0.0,,
2017/09/25,21.43,21.43,21.23,21.29,945.0,20105.0,-0.6533,4.4304,110.0,0.0,0.0,-66.0,-66.0,26.0,0.0,0.0,0.0,0.0,0.0,0.0,,
2017/09/26,21.23,21.32,21.23,21.24,917.0,19534.0,-0.2349,4.2991,77.0,1.0,0.0,-58.0,-57.0,32.0,6.0,0.0,0.0,0.0,0.0,0.0,,
2017/09/27,21.22,21.29,21.22,21.25,824.0,17528.0,0.0471,3.8631,42.0,0.0,0.0,-28.0,-28.0,33.0,1.0,0.0,0.0,0.0,0.0,0.0,,
2017/09/28,21.28,21.28,21.15,21.16,119.0,2528.0,-0.4235,0.5579,73.0,0.0,0.0,-91.0,-91.0,33.0,0.0,0.0,0.0,0.0,0.0,0.0,,
2017/09/29,21.26,21.26,21.17,21.22,30.0,638.0,0.2836,0.1406,20.0,0.0,0.0,-6.0,-6.0,30.0,0.0,3.0,0.0,0.0,0.0,0.0,,
2017/09/30,21.27,21.35,21.27,21.34,20.0,438.0,0.5655,0.0938,19.0,0.0,0.0,4.0,4.0,30.0,0.0,0.0,0.0,0.0,0.0,0.0,,
2017/10/02,21.34,21.4,21.34,21.35,36.0,781.0,0.0469,0.1688,28.0,0.0,0.0,15.0,15.0,30.0,0.0,0.0,0.0,0.0,0.0,0.0,,
2017/10/03,21.35,21.45,21.34,21.45,117.0,2504.0,0.4684,0.5485,44.0,0.0,0.0,31.0,31.0,30.0,1.0,1.0,0.0,0.0,0.0,0.0,,
2017/10/05,21.5,21.5,21.41,21.44,36.0,772.0,-0.0466,0.1688,24.0,0.0,0.0,8.0,8.0,30.0,0.0,0.0,0.0,0.0,0.0,0.0,,
2017/10/06,21.45,21.5,21.44,21.45,1072.0,23012.0,0.0466,5.0258,66.0,0.0,0.0,161.0,161.0,30.0,0.0,0.0,0.0,0.0,0.0,0.0,,
2017/10/11,21.5,21.74,21.5,21.74,1157.0,25115.0,1.352,5.4243,120.0,0.0,0.0,85.0,85.0,29.0,0.0,1.0,0.0,0.0,0.0,0.0,,
2017/10/12,21.74,21.82,21.73,21.82,1017.0,22128.0,0.368,4.7679,121.0,0.0,0.0,120.0,120.0,29.0,1.0,1.0,0.0,0.0,0.0,0.0,,
2017/10/13,21.8,21.8,21.76,21.78,864.0,18821.0,-0.1833,4.0506,43.0,0.0,0.0,2.0,2.0,29.0,0.0,0.0,0.0,0.0,0.0,0.0,,
2017/10/16,21.8,21.9,21.73,21.79,1012.0,22069.0,0.0459,4.7445,74.0,0.0,0.0,142.0,142.0,29.0,0.0,0.0,0.0,0.0,0.0,0.0,,
2017/10/17,21.72,21.84,21.72,21.81,952.0,20770.0,0.0918,4.4632,62.0,0.0,0.0,41.0,41.0,27.0,0.0,2.0,0.0,0.0,0.0,0.0,,
2017/10/18,21.85,21.92,21.72,21.78,1004.0,21866.0,-0.1376,4.707,68.0,0.0,0.0,29.0,29.0,27.0,0.0,0.0,0.0,0.0,0.0,0.0,,
2017/10/19,21.78,21.9,21.78,21.82,869.0,18984.0,0.1837,4.0741,63.0,0.0,0.0,43.0,43.0,18.0,2.0,11.0,0.0,0.0,0.0,0.0,,
2017/10/20,21.83,21.83,21.74,21.77,954.0,20818.0,-0.2291,4.4726,63.0,0.0,0.0,-4.0,-4.0,18.0,0.0,0.0,0.0,0.0,0.0,0.0,,
2017/10/23,21.83,21.85,21.78,21.8,878.0,19151.0,0.1378,4.1163,57.0,0.0,0.0,23.0,23.0,18.0,0.0,0.0,0.0,0.0,0.0,0.0,,
2017/10/24,21.8,21.8,21.75,21.79,667.0,14525.0,-0.0459,3.1271,44.0,0.0,0.0,4.0,4.0,17.0,0.0,1.0,0.0,0.0,0.0,0.0,,
2017/10/25,21.79,21.85,21.78,21.8,84.0,1831.0,0.0459,0.3938,31.0,0.0,0.0,55.0,55.0,14.0,0.0,3.0,0.0,0.0,0.0,0.0,,
2017/10/26,21.78,21.8,21.7,21.8,43.0,935.0,0.0,0.2016,26.0,0.0,0.0,4.0,4.0,14.0,0.0,0.0,0.0,0.0,0.0,0.0,,
2017/10/27,21.8,21.9,21.8,21.8,239.0,5229.0,0.0,1.1205,52.0,0.0,0.0,-1.0,-1.0,11.0,1.0,4.0,0.0,0.0,0.0,0.0,,
2017/10/30,21.84,22.0,21.84,21.89,162.0,3548.0,0.4128,0.7595,40.0,0.0,0.0,-91.0,-91.0,10.0,0.0,1.0,0.0,0.0,0.0,0.0,,
2017/10/31,21.86,22.01,21.86,21.99,559.0,12270.0,0.4568,2.6207,63.0,0.0,0.0,-32.0,-32.0,10.0,0.0,0.0,0.0,0.0,0.0,0.0,,
2017/11/01,22.0,22.04,21.99,22.0,634.0,13954.0,0.0455,2.9723,52.0,0.0,0.0,-12.0,-12.0,11.0,1.0,0.0,0.0,0.0,0.0,0.0,,
2017/11/02,22.0,22.0,21.95,21.98,681.0,14976.0,-0.0909,3.2693,45.0,0.0,0.0,2.0,2.0,11.0,0.0,0.0,0.0,0.0,0.0,0.0,,
2017/11/03,22.0,22.0,21.91,21.91,691.0,15167.0,-0.3185,3.3173,47.0,0.0,0.0,-14.0,-14.0,12.0,1.0,0.0,0.0,0.0,0.0,0.0,,
2017/11/06,21.95,21.98,21.88,21.88,587.0,12850.0,-0.1369,2.8181,35.0,0.0,0.0,0.0,0.0,14.0,2.0,0.0,0.0,0.0,0.0,0.0,,
2017/11/07,21.91,21.98,21.88,21.98,595.0,13057.0,0.457,2.8565,45.0,0.0,0.0,9.0,9.0,11.0,1.0,4.0,0.0,0.0,0.0,0.0,,
2017/11/08,21.98,22.0,21.95,21.98,731.0,16055.0,0.0,3.5094,47.0,0.0,0.0,-8.0,-8.0,10.0,1.0,2.0,0.0,0.0,0.0,0.0,,
2017/11/09,21.94,21.97,21.88,21.96,662.0,14543.0,-0.091,3.1781,63.0,0.0,0.0,-71.0,-71.0,10.0,0.0,0.0,0.0,0.0,0.0,0.0,,
2017/11/10,21.85,21.92,21.78,21.89,746.0,16286.0,-0.3188,3.5814,49.0,0.0,0.0,48.0,48.0,10.0,0.0,0.0,0.0,0.0,0.0,0.0,,
2017/11/13,21.91,21.94,21.86,21.88,863.0,18890.0,-0.0457,4.1431,98.0,0.0,0.0,-136.0,-136.0,12.0,2.0,0.0,0.0,0.0,0.0,0.0,,
2017/11/14,21.92,21.92,21.86,21.87,798.0,17466.0,-0.0457,3.831,111.0,0.0,0.0,-35.0,-35.0,12.0,0.0,0.0,0.0,0.0,0.0,0.0,,
2017/11/15,21.87,21.87,21.8,21.84,828.0,18102.0,-0.1372,3.975,133.0,0.0,0.0,-91.0,-91.0,14.0,2.0,0.0,0.0,0.0,0.0,0.0,,
2017/11/16,21.85,21.89,21.84,21.87,749.0,16383.0,0.1374,3.5958,67.0,0.0,0.0,-57.0,-57.0,15.0,1.0,0.0,0.0,0.0,0.0,0.0,,
2017/11/17,21.9,21.94,21.9,21.93,739.0,16205.0,0.2743,3.5478,74.0,0.0,0.0,-5.0,-5.0,13.0,0.0,2.0,0.0,0.0,0.0,0.0,,
2017/11/20,21.95,21.95,21.9,21.91,629.0,13797.0,-0.0912,3.0197,79.0,0.0,0.0,-49.0,-49.0,13.0,0.0,0.0,0.0,0.0,0.0,0.0,,
2017/11/21,21.91,22.07,21.91,22.07,760.0,16719.0,0.7303,3.6486,88.0,0.0,0.0,75.0,75.0,12.0,1.0,2.0,0.0,0.0,0.0,0.0,,
2017/11/22,22.1,22.31,22.1,22.2,828.0,18413.0,0.589,3.975,133.0,0.0,0.0,70.0,70.0,12.0,1.0,1.0,0.0,0.0,0.0,0.0,,
2017/11/23,22.3,22.3,22.19,22.24,628.0,13961.0,0.1802,3.0149,59.0,0.0,0.0,16.0,16.0,14.0,3.0,1.0,0.0,0.0,0.0,0.0,,
2017/11/24,22.24,22.24,22.17,22.18,987.0,21893.0,-0.2698,4.7384,138.0,0.0,0.0,235.0,235.0,17.0,3.0,0.0,0.0,0.0,0.0,0.0,,
2017/11/27,22.18,22.2,22.1,22.13,1131.0,25051.0,-0.2254,5.4297,198.0,0.0,0.0,-15.0,-15.0,20.0,3.0,0.0,0.0,0.0,0.0,0.0,,
2017/11/28,21.9,22.13,21.2,21.21,1005.0,21486.0,-0.4971,4.8248,279.0,0.0,0.0,-32.0,-32.0,18.0,5.0,7.0,0.0,0.0,0.0,0.0,,
2017/11/29,21.3,21.3,21.19,21.22,210.0,4468.0,0.0471,1.0082,94.0,0.0,0.0,73.0,73.0,19.0,1.0,0.0,0.0,0.0,0.0,0.0,,
2017/11/30,21.14,21.14,20.98,21.03,319.0,6720.0,-0.8954,1.5314,189.0,0.0,0.0,-285.0,-285.0,18.0,0.0,1.0,0.0,0.0,0.0,0.0,,
2017/12/01,21.03,21.13,20.93,21.06,92.0,1933.0,0.1427,0.4417,54.0,0.0,0.0,-45.0,-45.0,18.0,0.0,0.0,0.0,0.0,0.0,0.0,,
2017/12/04,21.06,21.12,20.97,21.11,730.0,15338.0,0.2374,3.5046,63.0,0.0,0.0,11.0,11.0,18.0,0.0,0.0,0.0,0.0,0.0,0.0,,
2017/12/05,21.11,21.14,21.08,21.1,574.0,12126.0,-0.0474,2.7556,53.0,0.0,0.0,-25.0,-25.0,19.0,1.0,0.0,0.0,0.0,0.0,0.0,,
2017/12/06,21.08,21.08,20.79,20.8,852.0,17855.0,-1.4218,4.0903,173.0,1.0,0.0,-182.0,-181.0,19.0,1.0,1.0,0.0,0.0,0.0,0.0,,
2017/12/07,20.8,20.81,20.7,20.72,818.0,17011.0,-0.3846,3.927,72.0,1.0,0.0,-142.0,-141.0,19.0,0.0,0.0,0.0,0.0,0.0,0.0,,
2017/12/08,20.76,20.81,20.75,20.76,638.0,13251.0,0.1931,3.0629,50.0,0.0,0.0,-29.0,-29.0,18.0,0.0,1.0,0.0,0.0,0.0,0.0,,
2017/12/11,20.77,20.86,20.77,20.83,780.0,16257.0,0.3372,3.7446,69.0,0.0,0.0,-101.0,-101.0,20.0,2.0,0.0,0.0,0.0,0.0,0.0,,
2017/12/12,20.85,20.85,20.77,20.8,804.0,16723.0,-0.144,3.8598,62.0,0.0,0.0,-20.0,-20.0,20.0,0.0,0.0,0.0,0.0,0.0,0.0,,
2017/12/13,20.84,20.84,20.76,20.83,582.0,12105.0,0.1442,2.794,40.0,0.0,0.0,-2.0,-2.0,20.0,0.0,0.0,0.0,0.0,0.0,0.0,,
2017/12/14,20.9,20.95,20.9,20.95,596.0,12462.0,0.5761,2.8613,39.0,0.0,0.0,0.0,0.0,19.0,0.0,1.0,0.0,0.0,0.0,0.0,,
2017/12/15,20.95,20.95,20.79,20.86,629.0,13084.0,-0.4296,3.0197,69.0,0.0,0.0,-59.0,-59.0,20.0,1.0,0.0,0.0,0.0,0.0,0.0,,
2017/12/18,20.85,20.92,20.8,20.87,57.0,1188.0,0.0479,0.2736,28.0,0.0,0.0,-23.0,-23.0,20.0,0.0,0.0,0.0,0.0,0.0,0.0,,
2017/12/19,20.95,20.95,20.88,20.88,596.0,12482.0,0.0479,2.8613,50.0,0.0,0.0,-16.0,-16.0,18.0,0.0,2.0,0.0,0.0,0.0,0.0,,
2017/12/20,20.91,20.95,20.9,20.95,634.0,13250.0,0.3352,3.0437,34.0,0.0,0.0,2.0,2.0,18.0,0.0,0.0,0.0,0.0,0.0,0.0,,
2017/12/21,20.9,20.95,20.9,20.92,627.0,13129.0,-0.1432,3.0101,40.0,0.0,0.0,6.0,6.0,18.0,0.0,0.0,0.0,0.0,0.0,0.0,,
2017/12/22,20.92,20.98,20.92,20.96,611.0,12800.0,0.1912,2.9333,31.0,0.0,0.0,-13.0,-13.0,18.0,0.0,0.0,0.0,0.0,0.0,0.0,,
2017/12/25,20.97,21.06,20.96,21.06,133.0,2790.0,0.4771,0.6385,30.0,0.0,0.0,20.0,20.0,16.0,0.0,2.0,0.0,0.0,0.0,0.0,,
2017/12/26,21.05,21.05,20.85,20.88,614.0,12849.0,-0.8547,2.9477,59.0,0.0,0.0,-12.0,-12.0,16.0,0.0,0.0,0.0,0.0,0.0,0.0,,
2017/12/27,20.88,20.95,20.82,20.95,664.0,13893.0,0.3352,3.1877,39.0,0.0,0.0,6.0,6.0,16.0,0.0,0.0,0.0,0.0,0.0,0.0,,
2017/12/28,20.97,21.08,20.97,21.03,634.0,13346.0,0.3819,3.0437,61.0,0.0,0.0,17.0,17.0,16.0,0.0,0.0,0.0,0.0,0.0,0.0,,
2017/12/29,21.07,21.19,21.07,21.19,144.0,3053.0,0.7608,0.6913,74.0,0.0,0.0,102.0,102.0,14.0,1.0,3.0,0.0,0.0,0.0,0.0,,
2018/01/02,21.19,21.26,21.19,21.25,116.0,2461.0,0.2832,0.5569,44.0,0.0,0.0,84.0,84.0,13.0,0.0,1.0,0.0,0.0,0.0,0.0,,
2018/01/03,21.25,21.42,21.25,21.42,1113.0,23811.0,0.8,5.3433,126.0,0.0,0.0,170.0,170.0,8.0,0.0,5.0,0.0,0.0,0.0,0.0,,
2018/01/04,21.47,21.51,21.37,21.51,731.0,15673.0,0.4202,3.5094,108.0,0.0,0.0,86.0,86.0,8.0,0.0,0.0,0.0,0.0,0.0,0.0,,
2018/01/05,21.51,21.57,21.51,21.57,725.0,15604.0,0.2789,3.4806,65.0,0.0,0.0,49.0,49.0,8.0,0.0,0.0,0.0,0.0,0.0,0.0,,
2018/01/08,21.6,21.66,21.59,21.65,745.0,16131.0,0.3709,3.5766,98.0,0.0,0.0,61.0,61.0,8.0,0.0,0.0,0.0,0.0,0.0,0.0,,
2018/01/09,21.68,21.77,21.65,21.77,780.0,16934.0,0.5543,3.7446,109.0,0.0,0.0,90.0,90.0,8.0,0.0,0.0,0.0,0.0,0.0,0.0,,
2018/01/10,21.8,21.89,21.78,21.78,851.0,18596.0,0.0459,4.0855,115.0,0.0,0.0,-92.0,-92.0,8.0,0.0,0.0,0.0,0.0,0.0,0.0,,
2018/01/11,21.78,21.78,21.62,21.65,720.0,15580.0,-0.5969,3.4566,81.0,0.0,0.0,-86.0,-86.0,7.0,0.0,1.0,0.0,0.0,0.0,0.0,,
2018/01/12,21.7,21.8,21.69,21.8,672.0,14629.0,0.6928,3.2261,55.0,0.0,0.0,11.0,11.0,7.0,0.0,0.0,0.0,0.0,0.0,0.0,,
2018/01/15,21.8,21.93,21.8,21.93,774.0,16927.0,0.5963,3.7158,76.0,0.0,0.0,69.0,69.0,7.0,0.0,0.0,0.0,0.0,0.0,0.0,,
2018/01/16,22.0,22.02,21.93,22.02,658.0,14448.0,0.4104,3.1589,68.0,0.0,0.0,67.0,67.0,7.0,0.0,0.0,0.0,0.0,0.0,0.0,,
2018/01/17,22.03,22.09,21.99,22.03,669.0,14726.0,0.0454,3.2117,70.0,0.0,0.0,13.0,13.0,7.0,0.0,0.0,0.0,0.0,0.0,0.0,,
2018/01/18,22.28,22.32,22.15,22.2,301.0,6710.0,0.7717,1.445,132.0,0.0,0.0,203.0,203.0,8.0,1.0,0.0,0.0,0.0,0.0,0.0,,
2018/01/19,22.22,22.33,22.22,22.33,175.0,3917.0,0.5856,0.8401,72.0,0.0,0.0,115.0,115.0,8.0,0.0,0.0,0.0,0.0,0.0,0.0,,
2018/01/22,22.5,22.5,22.4,22.48,110.0,2469.0,0.6717,0.5281,98.0,0.0,0.0,-14.0,-14.0,8.0,0.0,0.0,0.0,0.0,0.0,0.0,,
2018/01/23,22.52,22.54,22.38,22.44,2111.0,47402.0,-0.1779,10.1344,177.0,0.0,0.0,1475.0,1475.0,8.0,0.0,0.0,0.0,0.0,0.0,0.0,,
2018/01/24,22.44,22.44,22.2,22.24,481.0,10721.0,-0.8913,2.4256,87.0,0.0,0.0,25.0,25.0,10.0,2.0,0.0,0.0,0.0,0.0,0.0,,
2018/01/25,22.24,22.49,22.23,22.28,98.0,2194.0,0.1799,0.4942,63.0,0.0,0.0,28.0,28.0,11.0,1.0,0.0,0.0,0.0,0.0,0.0,,
2018/01/26,22.28,22.42,22.2,22.42,637.0,14191.0,0.6284,3.2123,83.0,0.0,0.0,83.0,83.0,12.0,1.0,0.0,0.0,0.0,0.0,0.0,,
2018/01/29,22.47,22.52,22.4,22.43,583.0,13086.0,0.0446,2.94,77.0,0.0,0.0,-67.0,-67.0,61.0,50.0,1.0,0.0,0.0,0.0,0.0,,
2018/01/30,22.41,22.41,22.21,22.22,413.0,9251.0,-0.9362,2.0827,98.0,0.0,0.0,-50.0,-50.0,64.0,3.0,0.0,0.0,0.0,0.0,0.0,,
2018/01/31,22.2,22.32,22.08,22.21,393.0,8720.0,-0.045,1.9818,85.0,0.0,0.0,46.0,46.0,65.0,1.0,0.0,0.0,0.0,0.0,0.0,,
2018/02/01,22.28,22.42,22.28,22.33,635.0,14226.0,0.5403,3.2022,63.0,0.0,0.0,80.0,80.0,65.0,0.0,0.0,0.0,0.0,0.0,0.0,,
2018/02/02,22.33,22.34,22.18,22.34,548.0,12179.0,0.0448,2.7635,40.0,0.0,0.0,-32.0,-32.0,65.0,0.0,0.0,0.0,0.0,0.0,0.0,,
2018/02/05,22.34,22.34,21.82,21.98,724.0,15872.0,-1.6115,3.651,145.0,0.0,0.0,-61.0,-61.0,78.0,13.0,0.0,0.0,0.0,0.0,0.0,,
2018/02/06,21.9,21.9,20.9,21.21,709.0,15009.0,-3.5032,3.5754,281.0,0.0,0.0,-402.0,-402.0,90.0,12.0,0.0,0.0,0.0,0.0,0.0,,
2018/02/07,21.6,21.6,21.38,21.38,712.0,15302.0,0.8015,3.5905,109.0,0.0,0.0,-27.0,-27.0,85.0,0.0,5.0,0.0,0.0,0.0,0.0,,
2018/02/08,21.38,21.42,21.33,21.4,549.0,11731.0,0.0935,2.7685,42.0,0.0,0.0,-24.0,-24.0,86.0,1.0,0.0,0.0,0.0,0.0,0.0,,
2018/02/09,21.19,21.19,20.8,21.1,137.0,2882.0,-1.4019,0.6909,88.0,0.0,0.0,-49.0,-49.0,84.0,1.0,3.0,0.0,0.0,0.0,0.0,,
2018/02/12,21.19,21.26,21.15,21.23,665.0,14093.0,0.6161,3.3535,55.0,0.0,0.0,-120.0,-120.0,84.0,0.0,0.0,0.0,0.0,0.0,0.0,,
2018/02/21,21.48,21.75,21.48,21.7,687.0,14876.0,2.2138,3.4644,78.0,0.0,0.0,-3.0,-3.0,79.0,0.0,5.0,0.0,0.0,0.0,0.0,,
2018/02/22,21.66,21.68,21.56,21.65,585.0,12655.0,-0.2304,2.9501,43.0,0.0,0.0,-9.0,-9.0,79.0,0.0,0.0,0.0,0.0,0.0,0.0,,
2018/02/23,21.76,21.8,21.73,21.8,705.0,15347.0,0.6928,3.5552,49.0,0.0,0.0,-38.0,-38.0,79.0,0.0,0.0,0.0,0.0,0.0,0.0,,
2018/02/26,21.82,22.0,21.82,21.97,597.0,13110.0,0.7798,3.0106,42.0,0.0,0.0,-19.0,-19.0,79.0,0.0,0.0,0.0,0.0,0.0,0.0,,
2018/02/27,22.01,22.05,21.94,21.99,589.0,12957.0,0.091,2.9702,57.0,0.0,0.0,32.0,32.0,79.0,0.0,0.0,0.0,0.0,0.0,0.0,,
2018/03/01,21.99,21.99,21.79,21.86,26.0,570.0,-0.5912,0.1311,14.0,0.0,0.0,-17.0,-17.0,79.0,0.0,0.0,0.0,0.0,0.0,0.0,,
2018/03/02,21.65,21.67,21.6,21.67,795.0,17194.0,-0.8692,4.0091,52.0,0.0,0.0,-22.0,-22.0,79.0,1.0,1.0,0.0,0.0,0.0,0.0,,
2018/03/05,21.78,21.8,21.59,21.64,566.0,12235.0,-0.1384,2.8543,29.0,0.0,0.0,-30.0,-30.0,79.0,0.0,0.0,0.0,0.0,0.0,0.0,,
2018/03/06,21.75,21.85,21.7,21.85,532.0,11586.0,0.9704,2.6828,33.0,0.0,0.0,0.0,0.0,80.0,1.0,0.0,0.0,0.0,0.0,0.0,,
2018/03/07,21.85,21.89,21.75,21.75,556.0,12171.0,-0.4577,2.8038,36.0,0.0,0.0,14.0,14.0,82.0,2.0,0.0,0.0,0.0,0.0,0.0,,
2018/03/08,21.78,21.96,21.78,21.94,559.0,12232.0,0.8736,2.819,42.0,0.0,0.0,19.0,19.0,81.0,0.0,1.0,0.0,0.0,0.0,0.0,,
2018/03/09,21.96,21.96,21.85,21.87,517.0,11332.0,-0.3191,2.6072,43.0,0.0,0.0,7.0,7.0,81.0,0.0,0.0,0.0,0.0,0.0,0.0,,
2018/03/12,21.97,22.17,21.97,22.16,706.0,15616.0,1.326,3.5603,133.0,0.0,0.0,97.0,97.0,70.0,0.0,11.0,0.0,0.0,0.0,0.0,,
2018/03/13,22.16,22.26,22.15,22.24,652.0,14475.0,0.361,3.2879,90.0,0.0,0.0,107.0,107.0,63.0,0.0,7.0,0.0,0.0,0.0,0.0,,
2018/03/14,22.22,22.25,22.13,22.2,571.0,12697.0,-0.1799,2.8795,43.0,0.0,0.0,55.0,55.0,63.0,0.0,0.0,0.0,0.0,0.0,0.0,,
2018/03/15,22.2,22.28,22.2,22.25,548.0,12204.0,0.2252,2.7635,40.0,0.0,0.0,1.0,1.0,60.0,0.0,3.0,0.0,0.0,0.0,0.0,,
2018/03/16,22.16,22.27,22.02,22.27,444.0,9830.0,0.0899,2.239,29.0,0.0,0.0,12.0,12.0,60.0,0.0,0.0,0.0,0.0,0.0,0.0,,
2018/03/19,22.24,22.28,22.17,22.25,557.0,12388.0,-0.0898,2.8089,34.0,0.0,0.0,2.0,2.0,60.0,0.0,0.0,0.0,0.0,0.0,0.0,,
2018/03/20,22.15,22.25,22.13,22.21,444.0,9862.0,-0.1798,2.239,31.0,0.0,0.0,30.0,30.0,60.0,0.0,0.0,0.0,0.0,0.0,0.0,,
2018/03/21,22.25,22.35,22.23,22.3,500.0,11125.0,0.4052,2.5214,55.0,0.0,0.0,36.0,36.0,60.0,0.0,0.0,0.0,0.0,0.0,0.0,,
2018/03/22,22.3,22.45,22.16,22.26,704.0,15739.0,-0.1794,3.5502,70.0,0.0,0.0,252.0,252.0,59.0,0.0,1.0,0.0,0.0,0.0,0.0,,
2018/03/23,22.15,22.15,21.86,21.95,501.0,11023.0,-1.3926,2.5265,79.0,0.0,0.0,-62.0,-62.0,60.0,1.0,0.0,0.0,0.0,0.0,0.0,,
2018/03/26,21.95,22.0,21.89,21.95,454.0,9977.0,0.0,2.4768,33.0,0.0,0.0,-1.0,-1.0,60.0,0.0,0.0,0.0,0.0,0.0,0.0,,
2018/03/27,22.16,22.19,22.09,22.17,744.0,16480.0,1.0023,4.0589,59.0,0.0,0.0,324.0,324.0,59.0,0.0,1.0,0.0,0.0,0.0,0.0,,
2018/03/28,22.17,22.17,21.99,22.01,53.0,1170.0,-0.7217,0.2891,24.0,0.0,0.0,-31.0,-31.0,59.0,0.0,0.0,0.0,0.0,0.0,0.0,,
2018/03/29,22.01,22.01,21.9,21.9,424.0,9331.0,-0.4998,2.3131,35.0,0.0,0.0,-9.0,-9.0,59.0,0.0,0.0,0.0,0.0,0.0,0.0,,
2018/03/30,21.95,22.15,21.95,22.05,51.0,1126.0,0.6849,0.2782,24.0,0.0,0.0,26.0,26.0,64.0,5.0,0.0,0.0,0.0,0.0,0.0,,
2018/03/31,22.05,22.15,22.05,22.11,38.0,842.0,0.2721,0.2073,28.0,0.0,0.0,6.0,6.0,66.0,2.0,0.0,0.0,0.0,0.0,0.0,,
2018/04/02,22.15,22.18,22.0,22.0,524.0,11609.0,-0.4975,2.8587,29.0,0.0,0.0,6.0,6.0,69.0,3.0,0.0,0.0,0.0,0.0,0.0,,
2018/04/03,21.94,21.94,21.83,21.88,540.0,11809.0,-0.5455,2.946,47.0,0.0,0.0,-26.0,-26.0,71.0,2.0,0.0,0.0,0.0,0.0,0.0,,
2018/04/09,22.02,22.14,21.97,22.13,397.0,8742.0,1.1426,2.1658,40.0,0.0,0.0,-3.0,-3.0,64.0,0.0,7.0,0.0,0.0,0.0,0.0,,
2018/04/10,22.18,22.3,22.1,22.26,335.0,7453.0,0.5874,1.8276,55.0,0.0,0.0,63.0,63.0,64.0,0.0,0.0,0.0,0.0,0.0,0.0,,
2018/04/11,22.3,22.4,22.3,22.35,363.0,8125.0,0.4043,1.9804,60.0,0.0,0.0,-63.0,-63.0,65.0,1.0,0.0,0.0,0.0,0.0,0.0,,
2018/04/12,22.35,22.4,22.16,22.28,312.0,6949.0,-0.3132,1.7021,36.0,0.0,0.0,15.0,15.0,59.0,0.0,6.0,0.0,0.0,0.0,0.0,,
2018/04/13,22.35,22.35,22.2,22.23,279.0,6220.0,-0.2244,1.5221,30.0,0.0,0.0,-8.0,-8.0,59.0,0.0,0.0,0.0,0.0,0.0,0.0,,
2018/04/16,22.2,22.25,22.17,22.25,262.0,5810.0,0.09,1.4294,17.0,0.0,0.0,7.0,7.0,59.0,0.0,0.0,0.0,0.0,0.0,0.0,,
2018/04/17,22.25,22.25,21.98,22.0,311.0,6851.0,-1.1236,1.6967,40.0,0.0,0.0,-46.0,-46.0,59.0,0.0,0.0,0.0,0.0,0.0,0.0,,
2018/04/18,22.1,22.19,22.0,22.06,26.0,574.0,0.2727,0.1418,15.0,0.0,0.0,-7.0,-7.0,59.0,0.0,0.0,0.0,0.0,0.0,0.0,,
2018/04/19,22.12,22.25,22.12,22.23,420.0,9345.0,0.7706,2.2913,40.0,0.0,0.0,19.0,19.0,59.0,0.0,0.0,0.0,0.0,0.0,0.0,,
2018/04/20,22.0,22.05,21.93,21.97,350.0,7700.0,-1.1696,2.0196,61.0,0.0,0.0,-51.0,-51.0,70.0,11.0,0.0,0.0,0.0,0.0,0.0,,
2018/04/23,21.91,21.95,21.84,21.84,377.0,8264.0,-0.5917,2.1754,43.0,0.0,0.0,-79.0,-79.0,71.0,1.0,0.0,0.0,0.0,0.0,0.0,,
2018/04/24,21.84,21.84,21.61,21.73,398.0,8646.0,-0.5037,2.2966,63.0,0.0,0.0,-77.0,-77.0,73.0,2.0,0.0,0.0,0.0,0.0,0.0,,
2018/04/25,21.73,21.73,21.55,21.67,202.0,4363.0,-0.2761,1.1656,80.0,0.0,0.0,-149.0,-149.0,74.0,1.0,0.0,0.0,0.0,0.0,0.0,,
2018/04/26,21.65,21.7,21.36,21.51,949.0,20315.0,-0.7383,5.4761,110.0,1.0,0.0,-129.0,-128.0,74.0,0.0,0.0,0.0,0.0,0.0,0.0,,
2018/04/27,21.51,21.66,21.51,21.54,281.0,6060.0,0.1395,1.6215,35.0,0.0,0.0,-4.0,-4.0,74.0,0.0,0.0,0.0,0.0,0.0,0.0,,
2018/04/30,21.68,22.0,21.68,22.0,296.0,6435.0,2.1356,1.708,27.0,0.0,0.0,-16.0,-16.0,74.0,0.0,0.0,0.0,0.0,0.0,0.0,,
2018/05/02,21.98,21.98,21.68,21.7,338.0,7363.0,-1.3636,1.9504,57.0,0.0,0.0,-47.0,-47.0,74.0,0.0,0.0,0.0,0.0,0.0,0.0,,
2018/05/03,21.7,21.7,21.3,21.49,335.0,7197.0,-0.9677,1.9331,51.0,0.0,0.0,-17.0,-17.0,74.0,0.0,0.0,0.0,0.0,0.0,0.0,,
2018/05/04,21.4,21.54,21.33,21.54,292.0,6246.0,0.2327,1.6849,23.0,0.0,0.0,-17.0,-17.0,74.0,0.0,0.0,0.0,0.0,0.0,0.0,,
2018/05/07,21.6,21.6,21.5,21.6,292.0,6296.0,0.2786,1.6849,23.0,0.0,0.0,5.0,5.0,74.0,1.0,1.0,0.0,0.0,0.0,0.0,,
2018/05/08,21.58,21.72,21.58,21.72,325.0,7045.0,0.5556,1.8228,36.0,0.0,0.0,0.0,0.0,74.0,0.0,0.0,0.0,0.0,0.0,0.0,,
2018/05/09,21.7,21.77,21.7,21.77,265.0,5755.0,0.2302,1.4863,22.0,0.0,0.0,-2.0,-2.0,74.0,0.0,0.0,0.0,0.0,0.0,0.0,,
2018/05/10,21.8,21.86,21.75,21.83,341.0,7431.0,0.2756,1.9125,41.0,0.0,0.0,63.0,63.0,74.0,0.0,0.0,0.0,0.0,0.0,0.0,,
2018/05/11,21.92,22.0,21.85,22.0,419.0,9199.0,0.7787,2.35,77.0,0.0,0.0,-39.0,-39.0,72.0,0.0,2.0,0.0,0.0,0.0,0.0,,
2018/05/14,22.1,22.15,22.07,22.14,260.0,5756.0,0.6364,1.4582,76.0,0.0,0.0,212.0,212.0,71.0,0.0,1.0,0.0,0.0,0.0,0.0,,
2018/05/15,22.15,22.18,22.05,22.08,317.0,7010.0,-0.271,1.7779,35.0,0.0,0.0,9.0,9.0,71.0,0.0,0.0,0.0,0.0,0.0,0.0,,
2018/05/16,22.11,22.13,22.05,22.1,273.0,6023.0,0.0906,1.5311,25.0,0.0,0.0,8.0,8.0,71.0,0.0,0.0,0.0,0.0,0.0,0.0,,
2018/05/17,22.17,22.17,21.92,21.92,319.0,7013.0,-0.8145,1.7891,37.0,0.0,0.0,-24.0,-24.0,68.0,0.0,3.0,0.0,0.0,0.0,0.0,,
2018/05/18,21.99,21.99,21.9,21.91,273.0,5999.0,-0.0456,1.5311,21.0,0.0,0.0,-5.0,-5.0,69.0,1.0,0.0,0.0,0.0,0.0,0.0,,
2018/05/21,22.0,22.15,22.0,22.12,304.0,6726.0,0.9585,1.705,62.0,0.0,0.0,21.0,21.0,68.0,1.0,2.0,0.0,0.0,0.0,0.0,,
2018/05/22,22.14,22.15,22.06,22.06,280.0,6180.0,-0.2712,1.5704,27.0,0.0,0.0,-8.0,-8.0,68.0,1.0,1.0,0.0,0.0,0.0,0.0,,
2018/05/23,22.1,22.15,21.89,21.89,298.0,6560.0,-0.7706,1.6713,37.0,0.0,0.0,-20.0,-20.0,68.0,0.0,0.0,0.0,0.0,0.0,0.0,,
2018/05/24,22.0,22.03,21.92,22.03,325.0,7154.0,0.6396,1.8228,44.0,0.0,0.0,-21.0,-21.0,68.0,0.0,0.0,0.0,0.0,0.0,0.0,,
2018/05/25,22.02,22.11,22.02,22.09,263.0,5797.0,0.2724,1.475,20.0,0.0,0.0,8.0,8.0,68.0,0.0,0.0,0.0,0.0,0.0,0.0,,
2018/05/28,21.93,22.15,21.93,22.14,295.0,6522.0,0.2263,1.6545,38.0,0.0,0.0,18.0,18.0,62.0,0.0,6.0,0.0,0.0,0.0,0.0,,
2018/05/29,22.05,22.08,22.0,22.07,320.0,7080.0,-0.3162,1.7947,32.0,0.0,0.0,52.0,52.0,62.0,0.0,0.0,0.0,0.0,0.0,0.0,,
2018/05/30,22.03,22.03,21.76,21.77,372.0,8114.0,-1.3593,2.0864,75.0,0.0,0.0,-61.0,-61.0,67.0,5.0,0.0,0.0,0.0,0.0,0.0,,
2018/05/31,21.91,21.93,21.73,21.73,360.0,7879.0,-0.1837,2.0191,50.0,0.0,0.0,-6.0,-6.0,67.0,0.0,0.0,0.0,0.0,0.0,0.0,,
2018/06/01,21.9,22.0,21.9,22.0,319.0,6995.0,1.2425,1.7891,44.0,0.0,0.0,54.0,54.0,65.0,0.0,2.0,0.0,0.0,0.0,0.0,,
2018/06/04,22.05,22.29,22.05,22.27,555.0,12322.0,1.2273,3.1127,157.0,2.0,0.0,203.0,205.0,59.0,0.0,6.0,0.0,0.0,0.0,0.0,,
2018/06/05,22.27,22.3,22.18,22.23,509.0,11346.0,-0.1796,2.8547,55.0,0.0,0.0,61.0,61.0,28.0,0.0,31.0,0.0,0.0,0.0,0.0,,
2018/06/06,22.23,22.5,22.23,22.5,452.0,10122.0,1.2146,2.5351,102.0,0.0,0.0,147.0,147.0,28.0,0.0,0.0,0.0,0.0,0.0,0.0,,
2018/06/07,22.5,22.55,22.4,22.53,437.0,9831.0,0.1333,2.4509,96.0,0.0,0.0,142.0,142.0,9.0,1.0,20.0,0.0,0.0,0.0,0.0,,
2018/06/08,22.55,22.55,22.33,22.41,353.0,7925.0,-0.5326,1.9798,65.0,0.0,0.0,5.0,5.0,9.0,0.0,0.0,0.0,0.0,0.0,0.0,,
2018/06/11,22.45,22.46,22.38,22.45,408.0,9158.0,0.1785,2.2883,81.0,0.0,0.0,-48.0,-48.0,9.0,0.0,0.0,0.0,0.0,0.0,0.0,,
2018/06/12,22.45,22.45,22.26,22.38,301.0,6703.0,-0.3118,1.6882,47.0,0.0,0.0,-9.0,-9.0,9.0,0.0,0.0,0.0,0.0,0.0,0.0,,
2018/06/13,22.38,22.43,22.24,22.43,351.0,7866.0,0.2234,1.9686,57.0,0.0,0.0,59.0,59.0,9.0,0.0,0.0,0.0,0.0,0.0,0.0,,
2018/06/14,22.43,22.43,22.05,22.05,408.0,9043.0,-1.6942,2.2883,82.0,0.0,0.0,-125.0,-125.0,9.0,0.0,0.0,0.0,0.0,0.0,0.0,,
2018/06/15,22.1,22.17,22.0,22.17,305.0,6725.0,0.5442,1.7106,40.0,0.0,0.0,-27.0,-27.0,9.0,0.0,0.0,0.0,0.0,0.0,0.0,,
2018/06/19,22.17,22.17,21.8,21.8,109.0,2388.0,-1.6689,0.6113,71.0,0.0,0.0,-96.0,-96.0,10.0,1.0,0.0,0.0,0.0,0.0,0.0,,
2018/06/20,21.8,22.14,21.73,22.14,296.0,6475.0,1.5596,1.6601,33.0,0.0,0.0,13.0,13.0,9.0,0.0,1.0,0.0,0.0,0.0,0.0,,
2018/06/21,22.05,22.1,22.02,22.04,576.0,12692.0,-0.4517,3.2305,28.0,0.0,0.0,-317.0,-317.0,9.0,0.0,0.0,0.0,0.0,0.0,0.0,,
2018/06/22,22.04,22.04,21.78,22.01,469.0,10285.0,-0.1361,2.6304,37.0,0.0,0.0,-200.0,-200.0,10.0,1.0,0.0,0.0,0.0,0.0,0.0,,
2018/06/25,21.8,21.93,21.8,21.85,489.0,10703.0,-0.7269,2.7426,44.0,0.0,0.0,-25.0,-25.0,10.0,0.0,0.0,0.0,0.0,0.0,0.0,,
2018/06/26,21.79,21.85,21.7,21.84,497.0,10814.0,-0.0458,2.7874,64.0,0.0,0.0,-36.0,-36.0,11.0,1.0,0.0,0.0,0.0,0.0,0.0,,
2018/06/27,21.88,21.96,21.74,21.74,303.0,6618.0,-0.4579,1.6994,36.0,0.0,0.0,2.0,2.0,11.0,0.0,0.0,0.0,0.0,0.0,0.0,,
2018/06/28,21.7,21.77,21.66,21.73,488.0,10597.0,-0.046,2.737,42.0,1.0,0.0,-181.0,-180.0,11.0,0.0,0.0,0.0,0.0,0.0,0.0,,
2018/06/29,21.79,22.1,21.79,22.1,337.0,7380.0,1.7027,1.8901,57.0,3.0,0.0,37.0,40.0,10.0,0.0,1.0,0.0,0.0,0.0,0.0,,
2018/07/02,22.23,22.23,22.04,22.08,274.0,6074.0,-0.0905,1.5367,28.0,0.0,0.0,-2.0,-2.0,9.0,0.0,1.0,0.0,0.0,0.0,0.0,,
2018/07/03,22.2,22.28,22.01,22.07,278.0,6141.0,-0.0453,1.5592,19.0,0.0,0.0,16.0,16.0,9.0,0.0,0.0,0.0,0.0,0.0,0.0,,
2018/07/04,22.07,22.13,22.04,22.12,266.0,5865.0,0.2266,1.4919,22.0,0.0,0.0,4.0,4.0,9.0,0.0,0.0,0.0,0.0,0.0,0.0,,
2018/07/05,21.95,21.95,21.75,21.84,324.0,7101.0,-1.2658,1.8172,40.0,0.0,0.0,-67.0,-67.0,9.0,0.0,0.0,0.0,0.0,0.0,0.0,,
2018/07/06,21.84,21.91,21.63,21.91,340.0,7400.0,0.3205,1.9069,47.0,0.0,0.0,-20.0,-20.0,12.0,3.0,0.0,0.0,0.0,0.0,0.0,,
2018/07/09,21.97,22.18,21.97,22.18,359.0,7949.0,1.2323,2.0135,43.0,0.0,0.0,75.0,75.0,11.0,0.0,1.0,0.0,0.0,0.0,0.0,,
2018/07/10,22.2,22.35,22.2,22.26,329.0,7326.0,0.3607,1.8452,47.0,0.0,0.0,66.0,66.0,10.0,0.0,1.0,0.0,0.0,0.0,0.0,,
2018/07/11,22.09,22.17,22.0,22.11,373.0,8240.0,-0.6739,2.092,29.0,0.0,0.0,-106.0,-106.0,10.0,0.0,0.0,0.0,0.0,0.0,0.0,,
2018/07/12,22.11,22.38,22.11,22.34,444.0,9921.0,1.0403,2.4902,70.0,0.0,0.0,154.0,154.0,9.0,1.0,2.0,0.0,0.0,0.0,0.0,,
2018/07/13,22.4,22.5,22.35,22.5,365.0,8213.0,0.7162,2.0471,79.0,0.0,0.0,88.0,88.0,9.0,0.0,0.0,0.0,0.0,0.0,0.0,,
2018/07/16,22.5,22.58,22.44,22.47,297.0,6671.0,-0.1333,1.6657,44.0,0.0,0.0,8.0,8.0,9.0,0.0,0.0,0.0,0.0,0.0,0.0,,
2018/07/17,22.4,22.4,22.28,22.3,299.0,6669.0,-0.7566,1.6769,32.0,0.0,0.0,-4.0,-4.0,10.0,1.0,0.0,0.0,0.0,0.0,0.0,,
2018/07/18,22.41,22.44,22.35,22.4,108.0,2421.0,0.4484,0.6057,35.0,0.0,0.0,58.0,58.0,10.0,0.0,0.0,0.0,0.0,0.0,0.0,,
2018/07/19,22.5,22.5,22.38,22.38,42.0,947.0,-0.0893,0.2356,31.0,0.0,0.0,12.0,12.0,10.0,1.0,1.0,0.0,0.0,0.0,0.0,,
2018/07/20,22.38,22.62,22.38,22.48,78.0,1757.0,0.4468,0.4375,46.0,0.0,0.0,58.0,58.0,7.0,0.0,3.0,0.0,0.0,0.0,0.0,,
2018/07/23,22.58,22.6,22.48,22.55,374.0,8433.0,0.3114,2.0976,60.0,0.0,0.0,86.0,86.0,7.0,0.0,0.0,0.0,0.0,0.0,0.0,,
2018/07/24,22.55,22.66,22.55,22.66,446.0,10086.0,0.4878,2.5014,88.0,0.0,0.0,165.0,165.0,7.0,0.0,0.0,0.0,0.0,0.0,0.0,,
2018/07/25,22.66,22.71,22.66,22.7,304.0,6918.0,0.1765,1.705,47.0,0.0,0.0,30.0,30.0,7.0,1.0,1.0,0.0,0.0,0.0,0.0,,
2018/07/26,22.7,22.77,22.7,22.75,368.0,8383.0,0.2203,2.0639,59.0,0.0,0.0,85.0,85.0,7.0,0.0,0.0,0.0,0.0,0.0,0.0,,
2018/07/27,22.75,22.91,22.75,22.91,341.0,7815.0,0.7033,1.9125,66.0,0.0,0.0,67.0,67.0,7.0,0.0,0.0,0.0,0.0,0.0,0.0,,
2018/07/30,22.91,23.0,22.86,22.89,299.0,6865.0,-0.0873,1.6769,38.0,0.0,0.0,-22.0,-22.0,10.0,3.0,0.0,0.0,0.0,0.0,0.0,,
2018/07/31,22.9,22.95,22.83,22.91,301.0,6886.0,0.0874,1.6882,43.0,0.0,0.0,12.0,12.0,11.0,1.0,0.0,0.0,0.0,0.0,0.0,,
2018/08/01,22.95,23.01,22.94,22.98,323.0,7428.0,0.3055,1.8116,31.0,0.0,0.0,42.0,42.0,11.0,1.0,1.0,0.0,0.0,0.0,0.0,,
2018/08/02,22.98,22.98,22.52,22.62,878.0,19895.0,-1.5666,4.9243,68.0,50.0,0.0,-95.0,-45.0,12.0,1.0,0.0,0.0,0.0,0.0,0.0,,
2018/08/03,22.62,22.82,22.62,22.82,287.0,6543.0,0.8842,1.6096,23.0,0.0,0.0,9.0,9.0,12.0,0.0,0.0,0.0,0.0,0.0,0.0,,
2018/08/06,22.75,22.86,22.75,22.8,283.0,6484.0,-0.0876,1.5872,27.0,0.0,0.0,17.0,17.0,12.0,0.0,0.0,0.0,0.0,0.0,0.0,,
2018/08/07,22.82,22.82,22.76,22.81,260.0,5933.0,0.0439,1.4582,13.0,0.0,0.0,-4.0,-4.0,12.0,0.0,0.0,0.0,0.0,0.0,0.0,,
2018/08/08,22.81,22.96,22.81,22.92,309.0,7083.0,0.4822,1.733,28.0,0.0,0.0,30.0,30.0,11.0,1.0,2.0,0.0,0.0,0.0,0.0,,
2018/08/09,23.0,23.0,22.85,22.89,272.0,6244.0,-0.1309,1.5255,24.0,0.0,0.0,8.0,8.0,7.0,0.0,4.0,0.0,0.0,0.0,0.0,,
2018/08/10,22.89,22.9,22.8,22.8,239.0,5468.0,-0.3932,1.3404,16.0,50.0,0.0,-48.0,2.0,7.0,0.0,0.0,0.0,0.0,0.0,0.0,,
2018/08/13,22.52,22.63,22.23,22.34,429.0,9669.0,-2.0175,2.4061,74.0,0.0,0.0,-131.0,-131.0,7.0,0.0,0.0,0.0,0.0,0.0,0.0,,
2018/08/14,22.43,22.49,22.35,22.48,294.0,6585.0,0.6267,1.6489,21.0,0.0,0.0,10.0,10.0,7.0,0.0,0.0,0.0,0.0,0.0,0.0,,
2018/08/15,22.48,22.48,22.27,22.27,754.0,16848.0,-0.9342,4.2288,61.0,0.0,0.0,-424.0,-424.0,33.0,26.0,0.0,0.0,0.0,0.0,0.0,,
2018/08/16,22.27,22.27,22.1,22.2,383.0,8508.0,-0.3143,2.1481,55.0,0.0,0.0,-75.0,-75.0,37.0,4.0,0.0,0.0,0.0,0.0,0.0,,
2018/08/17,22.33,22.33,22.15,22.18,322.0,7176.0,-0.0901,1.8059,38.0,0.0,0.0,-17.0,-17.0,8.0,0.0,29.0,0.0,0.0,0.0,0.0,,
2018/08/20,22.25,22.32,22.18,22.23,282.0,6284.0,0.2254,1.5816,24.0,0.0,0.0,-39.0,-39.0,8.0,0.0,0.0,0.0,0.0,0.0,0.0,,
2018/08/21,22.5,22.5,22.25,22.44,291.0,6507.0,0.9447,1.6321,29.0,0.0,0.0,-14.0,-14.0,7.0,0.0,1.0,0.0,0.0,0.0,0.0,,
2018/08/22,22.44,22.51,22.39,22.44,47.0,1071.0,0.0,0.2636,24.0,0.0,0.0,-24.0,-24.0,7.0,0.0,0.0,0.0,0.0,0.0,0.0,,
2018/08/23,22.49,22.53,22.39,22.53,292.0,6571.0,0.4011,1.6377,35.0,0.0,0.0,7.0,7.0,7.0,0.0,0.0,0.0,0.0,0.0,0.0,,
2018/08/24,22.53,22.53,22.38,22.5,347.0,7782.0,-0.1332,1.9462,23.0,0.0,0.0,-88.0,-88.0,7.0,0.0,0.0,0.0,0.0,0.0,0.0,,
2018/08/27,22.66,22.73,22.63,22.73,302.0,6838.0,1.0222,1.6938,26.0,0.0,0.0,-3.0,-3.0,6.0,1.0,2.0,0.0,0.0,0.0,0.0,,
2018/08/28,22.76,22.95,22.76,22.88,307.0,7052.0,0.6599,1.7218,37.0,0.0,0.0,46.0,46.0,6.0,0.0,0.0,0.0,0.0,0.0,0.0,,
2018/08/29,22.95,23.02,22.88,22.97,359.0,8270.0,0.3934,2.0135,54.0,0.0,0.0,78.0,78.0,6.0,0.0,0.0,0.0,0.0,0.0,0.0,,
2018/08/30,23.14,23.36,23.04,23.04,387.0,8969.0,0.3047,2.1705,67.0,0.0,0.0,33.0,33.0,6.0,0.0,0.0,0.0,0.0,0.0,0.0,,
2018/08/31,23.08,23.08,22.94,23.06,308.0,7079.0,0.0868,1.7274,34.0,0.0,0.0,30.0,30.0,5.0,0.0,1.0,0.0,0.0,0.0,0.0,,
2018/09/03,23.06,23.18,22.9,22.93,54.0,1246.0,-0.5637,0.3029,38.0,0.0,0.0,-29.0,-29.0,6.0,1.0,0.0,0.0,0.0,0.0,0.0,,
2018/09/04,22.94,23.02,22.9,23.02,282.0,6478.0,0.3925,1.5816,33.0,0.0,0.0,11.0,11.0,6.0,0.0,0.0,0.0,0.0,0.0,0.0,,
2018/09/05,22.99,23.03,22.99,22.99,315.0,7266.0,-0.1303,1.7667,25.0,0.0,0.0,53.0,53.0,6.0,0.0,0.0,0.0,0.0,0.0,0.0,,
2018/09/06,22.99,22.99,22.77,22.84,330.0,7547.0,-0.6525,1.8508,33.0,0.0,0.0,-12.0,-12.0,6.0,1.0,1.0,0.0,0.0,0.0,0.0,,
2018/09/07,22.79,22.82,22.7,22.79,399.0,9098.0,-0.2189,2.2378,39.0,0.0,0.0,-50.0,-50.0,6.0,0.0,0.0,0.0,0.0,0.0,0.0,,
2018/09/10,22.79,22.79,22.5,22.58,373.0,8421.0,-0.9215,2.092,60.0,0.0,0.0,-95.0,-95.0,6.0,0.0,0.0,0.0,0.0,0.0,0.0,,
2018/09/11,22.58,22.61,22.43,22.5,428.0,9637.0,-0.3543,2.4004,66.0,0.0,0.0,-164.0,-164.0,6.0,0.0,0.0,0.0,0.0,0.0,0.0,,
2018/09/12,22.52,22.55,22.38,22.45,524.0,11776.0,-0.2222,2.9389,60.0,0.0,0.0,-231.0,-231.0,6.0,1.0,1.0,0.0,0.0,0.0,0.0,,
2018/09/13,22.5,22.52,22.38,22.39,420.0,9437.0,-0.2673,2.3556,66.0,0.0,0.0,-163.0,-163.0,6.0,0.0,0.0,0.0,0.0,0.0,0.0,,
2018/09/14,22.39,22.71,22.39,22.7,296.0,6681.0,1.3845,1.6601,27.0,0.0,0.0,-26.0,-26.0,6.0,0.0,0.0,0.0,0.0,0.0,0.0,,
2018/09/17,22.86,22.86,22.58,22.64,272.0,6165.0,-0.2643,1.5255,21.0,0.0,0.0,-2.0,-2.0,6.0,0.0,0.0,0.0,0.0,0.0,0.0,,
2018/09/18,22.64,22.64,22.5,22.53,293.0,6613.0,-0.4859,1.6433,30.0,0.0,0.0,-22.0,-22.0,6.0,0.0,0.0,0.0,0.0,0.0,0.0,,
2018/09/19,23.8,23.8,22.6,22.6,297.0,6743.0,0.3107,1.6657,34.0,0.0,0.0,-12.0,-12.0,6.0,0.0,0.0,0.0,0.0,0.0,0.0,,
2018/09/20,22.61,22.63,22.57,22.6,277.0,6253.0,0.0,1.5536,26.0,0.0,0.0,2.0,2.0,6.0,0.0,0.0,0.0,0.0,0.0,0.0,,
2018/09/21,22.64,22.9,22.62,22.9,365.0,8317.0,1.3274,2.0471,42.0,0.0,0.0,77.0,77.0,6.0,1.0,1.0,0.0,0.0,0.0,0.0,,
2018/09/25,22.82,22.92,22.82,22.86,142.0,3252.0,-0.1747,0.7964,28.0,0.0,0.0,-25.0,-25.0,6.0,0.0,0.0,0.0,0.0,0.0,0.0,,
2018/09/26,22.83,22.9,22.78,22.83,298.0,6806.0,-0.1312,1.6713,34.0,0.0,0.0,-12.0,-12.0,6.0,0.0,0.0,0.0,0.0,0.0,0.0,,
2018/09/27,22.83,22.9,22.83,22.89,274.0,6269.0,0.2628,1.5367,23.0,0.0,0.0,-4.0,-4.0,6.0,0.0,0.0,0.0,0.0,0.0,0.0,,
2018/09/28,22.9,22.94,22.79,22.8,294.0,6743.0,-0.3932,1.6489,30.0,0.0,0.0,0.0,0.0,6.0,0.0,0.0,0.0,0.0,0.0,0.0,,
2018/10/01,22.82,22.95,22.82,22.92,276.0,6338.0,0.5263,1.548,32.0,0.0,0.0,3.0,3.0,6.0,0.0,0.0,0.0,0.0,0.0,0.0,,
2018/10/02,22.92,22.92,22.73,22.73,317.0,7221.0,-0.829,1.7779,45.0,0.0,0.0,-51.0,-51.0,6.0,0.0,0.0,0.0,0.0,0.0,0.0,,
2018/10/03,22.69,22.7,22.61,22.61,291.0,6601.0,-0.5279,1.6321,32.0,0.0,0.0,-28.0,-28.0,8.0,2.0,0.0,0.0,0.0,0.0,0.0,,
2018/10/04,22.58,22.58,22.4,22.49,407.0,9143.0,-0.5307,2.2827,67.0,0.0,0.0,-117.0,-117.0,8.0,0.0,0.0,0.0,0.0,0.0,0.0,,
2018/10/05,22.49,22.49,21.94,22.03,442.0,9777.0,-2.0454,2.479,235.0,1.0,0.0,-430.0,-429.0,9.0,1.0,0.0,0.0,0.0,0.0,0.0,,
2018/10/08,21.8,21.97,21.8,21.9,213.0,4667.0,-0.5901,1.1946,96.0,0.0,0.0,-140.0,-140.0,9.0,1.0,1.0,0.0,0.0,0.0,0.0,,
2018/10/09,22.09,22.16,21.9,21.97,559.0,12296.0,0.3196,3.1352,53.0,0.0,0.0,-52.0,-52.0,9.0,0.0,0.0,0.0,0.0,0.0,0.0,,
2018/10/11,21.8,21.8,21.15,21.15,361.0,7756.0,-3.7324,1.9172,204.0,0.0,0.0,-256.0,-256.0,13.0,6.0,2.0,0.0,0.0,0.0,0.0,,
2018/10/12,21.1,21.31,20.42,21.25,279.0,5841.0,0.4728,1.4817,113.0,1.0,0.0,-232.0,-231.0,14.0,2.0,1.0,0.0,0.0,0.0,0.0,,
2018/10/15,21.6,21.6,20.97,20.97,701.0,14846.0,-1.3176,3.7228,134.0,0.0,0.0,-181.0,-181.0,25.0,13.0,2.0,0.0,0.0,0.0,0.0,,
2018/10/16,20.97,21.13,20.91,20.97,335.0,7067.0,0.0,1.7791,55.0,0.0,0.0,-60.0,-60.0,27.0,6.0,4.0,0.0,0.0,0.0,0.0,,
2018/10/17,21.19,21.27,20.97,20.97,304.0,6449.0,0.0,1.6144,46.0,0.0,0.0,-30.0,-30.0,25.0,1.0,3.0,0.0,0.0,0.0,0.0,,
2018/10/18,21.03,21.03,20.85,20.9,394.0,8254.0,-0.3338,2.0924,59.0,0.0,0.0,-98.0,-98.0,25.0,2.0,2.0,0.0,0.0,0.0,0.0,,
2018/10/19,20.7,20.93,20.68,20.93,289.0,6011.0,0.1435,1.5348,26.0,0.0,0.0,-35.0,-35.0,28.0,3.0,0.0,0.0,0.0,0.0,0.0,,
2018/10/22,20.93,21.01,20.78,20.93,279.0,5817.0,0.0,1.4817,31.0,0.0,0.0,-10.0,-10.0,27.0,3.0,4.0,0.0,0.0,0.0,0.0,,
2018/10/23,20.93,20.93,20.68,20.68,451.0,9382.0,-1.1945,2.3332,119.0,0.0,0.0,-133.0,-133.0,27.0,2.0,2.0,0.0,0.0,0.0,0.0,,
2018/10/24,20.68,20.68,20.32,20.4,429.0,8759.0,-1.354,2.2193,110.0,0.0,0.0,-77.0,-77.0,27.0,1.0,1.0,0.0,0.0,0.0,0.0,,
2018/10/25,20.22,20.22,19.96,20.0,484.0,9698.0,-1.9608,2.4407,144.0,0.0,0.0,-186.0,-186.0,31.0,7.0,3.0,0.0,0.0,0.0,0.0,,
2018/10/26,20.14,20.14,19.78,19.93,408.0,8177.0,-0.35,2.0575,98.0,0.0,0.0,-146.0,-146.0,30.0,0.0,1.0,0.0,0.0,0.0,0.0,,
2018/10/29,19.95,19.96,19.88,19.96,328.0,6539.0,0.1505,1.6541,62.0,0.0,0.0,-25.0,-25.0,31.0,5.0,4.0,0.0,0.0,0.0,0.0,,
2018/10/30,19.97,20.05,19.97,20.04,265.0,5324.0,0.4008,1.3364,19.0,0.0,0.0,4.0,4.0,31.0,0.0,0.0,0.0,0.0,0.0,0.0,,
2018/10/31,20.12,20.39,20.12,20.39,303.0,6156.0,1.7465,1.528,38.0,0.0,0.0,31.0,31.0,30.0,0.0,1.0,0.0,0.0,0.0,0.0,,
2018/11/01,20.45,20.65,20.45,20.63,282.0,5816.0,1.177,1.4221,30.0,0.0,0.0,5.0,5.0,30.0,0.0,0.0,0.0,0.0,0.0,0.0,,
2018/11/02,20.7,20.7,20.63,20.7,290.0,6019.0,0.3393,1.4624,34.0,0.0,0.0,7.0,7.0,30.0,0.0,0.0,0.0,0.0,0.0,0.0,,
2018/11/05,20.7,20.7,20.5,20.59,281.0,5786.0,-0.5314,1.417,24.0,0.0,0.0,-20.0,-20.0,30.0,0.0,0.0,0.0,0.0,0.0,0.0,,
2018/11/06,20.56,20.63,20.53,20.53,273.0,5620.0,-0.2914,1.3767,17.0,0.0,0.0,-15.0,-15.0,30.0,0.0,0.0,0.0,0.0,0.0,0.0,,
2018/11/07,20.65,20.71,20.62,20.69,270.0,5578.0,0.7793,1.3616,17.0,0.0,0.0,-4.0,-4.0,30.0,0.0,0.0,0.0,0.0,0.0,0.0,,
2018/11/08,21.0,21.0,20.85,20.87,328.0,6851.0,0.87,1.6541,43.0,0.0,0.0,-39.0,-39.0,30.0,0.0,0.0,0.0,0.0,0.0,0.0,,
2018/11/09,20.66,20.7,20.55,20.59,302.0,6232.0,-1.3416,1.5229,36.0,0.0,0.0,-42.0,-42.0,30.0,0.0,0.0,0.0,0.0,0.0,0.0,,
2018/11/12,20.59,20.74,20.57,20.7,402.0,8334.0,0.5342,2.0272,28.0,0.0,0.0,-129.0,-129.0,30.0,0.0,0.0,0.0,0.0,0.0,0.0,,
2018/11/13,20.58,20.58,20.2,20.49,326.0,6642.0,-1.0145,1.644,50.0,0.0,0.0,-59.0,-59.0,30.0,0.0,0.0,0.0,0.0,0.0,0.0,,
2018/11/14,20.6,20.6,20.53,20.57,272.0,5592.0,0.3904,1.3717,17.0,0.0,0.0,-13.0,-13.0,30.0,0.0,0.0,0.0,0.0,0.0,0.0,,
2018/11/15,20.63,20.7,20.53,20.61,298.0,6122.0,0.1945,1.5028,24.0,0.0,0.0,-39.0,-39.0,30.0,0.0,0.0,0.0,0.0,0.0,0.0,,
2018/11/16,20.61,20.61,20.52,20.55,549.0,11324.0,-0.2911,2.7004,88.0,0.0,0.0,-281.0,-281.0,31.0,1.0,0.0,0.0,0.0,0.0,0.0,,
2018/11/19,20.55,20.59,20.47,20.5,341.0,7011.0,-0.2433,1.6773,47.0,0.0,0.0,-72.0,-72.0,31.0,0.0,0.0,0.0,0.0,0.0,0.0,,
2018/11/20,20.5,20.5,20.3,20.33,579.0,11832.0,-0.8293,2.7796,104.0,0.0,0.0,-248.0,-248.0,31.0,0.0,0.0,0.0,0.0,0.0,0.0,,
2018/11/21,20.06,20.3,20.06,20.3,335.0,6762.0,-0.1476,1.6083,35.0,0.0,0.0,11.0,11.0,31.0,0.0,0.0,0.0,0.0,0.0,0.0,,
2018/11/22,20.39,20.42,20.28,20.28,316.0,6438.0,-0.0985,1.517,35.0,0.0,0.0,-27.0,-27.0,31.0,0.0,0.0,0.0,0.0,0.0,0.0,,
2018/11/23,20.27,20.27,20.15,20.22,319.0,6464.0,-0.2959,1.5314,36.0,0.0,0.0,-63.0,-63.0,32.0,1.0,0.0,0.0,0.0,0.0,0.0,,
2018/11/26,20.22,20.43,20.22,20.35,274.0,5597.0,0.6429,1.3154,21.0,0.0,0.0,-5.0,-5.0,32.0,0.0,0.0,0.0,0.0,0.0,0.0,,
2018/11/27,20.3,20.35,20.2,20.35,351.0,7098.0,0.0,1.6851,47.0,0.0,0.0,-22.0,-22.0,32.0,0.0,0.0,0.0,0.0,0.0,0.0,,
2018/11/28,20.35,20.35,19.69,19.93,297.0,5899.0,1.1794,1.3924,171.0,0.0,0.0,-224.0,-224.0,32.0,0.0,0.0,0.0,0.0,0.0,0.0,,
2018/11/29,20.1,20.19,19.98,19.98,342.0,6872.0,0.2509,1.6034,62.0,0.0,0.0,-66.0,-66.0,32.0,0.0,0.0,0.0,0.0,0.0,0.0,,
2018/11/30,20.0,20.05,19.96,19.96,325.0,6522.0,-0.1001,1.5237,71.0,0.0,0.0,-59.0,-59.0,31.0,0.0,1.0,0.0,0.0,0.0,0.0,,
2018/12/03,20.13,20.35,20.13,20.34,447.0,9084.0,1.9038,2.0956,66.0,0.0,0.0,167.0,167.0,31.0,1.0,1.0,0.0,0.0,0.0,0.0,,
2018/12/04,20.34,20.35,20.25,20.3,272.0,5532.0,-0.1967,1.2752,25.0,0.0,0.0,-9.0,-9.0,31.0,0.0,0.0,0.0,0.0,0.0,0.0,,
2018/12/05,20.14,20.14,19.92,19.92,446.0,8940.0,-1.8719,2.091,141.0,0.0,0.0,-154.0,-154.0,33.0,2.0,0.0,0.0,0.0,0.0,0.0,,
2018/12/06,19.9,19.9,19.48,19.53,738.0,14440.0,-1.9578,3.4599,257.0,0.0,0.0,-427.0,-427.0,33.0,0.0,0.0,0.0,0.0,0.0,0.0,,
2018/12/07,19.65,19.65,19.56,19.59,302.0,5915.0,0.3072,1.4158,55.0,0.0,0.0,-35.0,-35.0,34.0,1.0,0.0,0.0,0.0,0.0,0.0,,
2018/12/10,19.59,19.59,19.33,19.33,411.0,7977.0,-1.3272,1.8827,101.0,0.0,0.0,-148.0,-148.0,36.0,2.0,0.0,0.0,0.0,0.0,0.0,,
2018/12/11,19.5,19.5,19.36,19.37,468.0,9089.0,0.2069,2.1438,40.0,0.0,0.0,-132.0,-132.0,34.0,0.0,2.0,0.0,0.0,0.0,0.0,,
2018/12/12,19.5,19.62,19.5,19.62,285.0,5590.0,1.2907,1.3055,29.0,0.0,0.0,15.0,15.0,33.0,0.0,1.0,0.0,0.0,0.0,0.0,,
2018/12/13,19.7,19.82,19.65,19.66,303.0,5965.0,0.2039,1.388,37.0,0.0,0.0,-25.0,-25.0,32.0,1.0,2.0,0.0,0.0,0.0,0.0,,
2018/12/14,19.65,19.65,19.42,19.5,301.0,5860.0,-0.8138,1.3788,36.0,0.0,0.0,-44.0,-44.0,32.0,0.0,0.0,0.0,0.0,0.0,0.0,,
2018/12/17,19.45,19.64,19.42,19.64,321.0,6289.0,0.7179,1.4705,30.0,0.0,0.0,28.0,28.0,33.0,1.0,0.0,0.0,0.0,0.0,0.0,,
2018/12/18,19.63,19.63,19.5,19.54,381.0,7477.0,-0.5092,1.7453,24.0,0.0,0.0,-24.0,-24.0,33.0,0.0,0.0,0.0,0.0,0.0,0.0,,
2018/12/19,19.54,19.63,19.54,19.6,370.0,7268.0,0.3071,1.6949,19.0,0.0,0.0,11.0,11.0,33.0,0.0,0.0,0.0,0.0,0.0,0.0,,
2018/12/20,19.6,19.6,19.48,19.48,382.0,7478.0,-0.6122,1.7499,35.0,0.0,0.0,-31.0,-31.0,33.0,0.0,0.0,0.0,0.0,0.0,0.0,,
2018/12/21,19.48,19.48,19.33,19.4,375.0,7275.0,-0.4107,1.7178,29.0,0.0,0.0,-18.0,-18.0,33.0,0.0,0.0,0.0,0.0,0.0,0.0,,
2018/12/22,19.4,19.4,19.39,19.39,479.0,9293.0,-0.0515,2.1942,16.0,0.0,0.0,-8.0,-8.0,33.0,0.0,0.0,0.0,0.0,0.0,0.0,,
2018/12/24,19.39,19.39,19.32,19.36,579.0,11229.0,-0.1547,2.6523,52.0,0.0,0.0,-81.0,-81.0,33.0,0.0,0.0,0.0,0.0,0.0,0.0,,
2018/12/25,19.36,19.36,19.04,19.09,552.0,10599.0,-1.3946,2.472,84.0,0.0,0.0,-79.0,-79.0,33.0,0.0,0.0,0.0,0.0,0.0,0.0,,
2018/12/26,19.09,19.22,19.01,19.01,487.0,9307.0,-0.4191,2.1809,68.0,0.0,0.0,-78.0,-78.0,33.0,0.0,0.0,0.0,0.0,0.0,0.0,,
2018/12/27,19.28,19.28,19.16,19.27,607.0,11675.0,1.3677,2.7183,33.0,0.0,0.0,10.0,10.0,32.0,0.0,1.0,0.0,0.0,0.0,0.0,,
2018/12/28,19.3,19.4,19.25,19.4,595.0,11491.0,0.6746,2.6646,35.0,0.0,0.0,7.0,7.0,32.0,0.0,0.0,0.0,0.0,0.0,0.0,,
2019/01/02,19.68,19.68,19.13,19.13,296.0,5713.0,-1.3918,1.3256,39.0,0.0,0.0,-43.0,-43.0,32.0,0.0,0.0,0.0,0.0,0.0,0.0,,
2019/01/03,19.04,19.12,18.98,18.98,348.0,6643.0,-0.7841,1.5584,77.0,0.0,0.0,-89.0,-89.0,32.0,0.0,0.0,0.0,0.0,0.0,0.0,,
2019/01/04,18.81,18.81,18.64,18.75,402.0,7548.0,-1.2118,1.8003,72.0,0.0,0.0,-75.0,-75.0,32.0,0.0,0.0,0.0,0.0,0.0,0.0,,
2019/01/07,18.98,19.15,18.98,19.15,280.0,5344.0,2.1333,1.2539,27.0,0.0,0.0,18.0,18.0,32.0,0.0,0.0,0.0,0.0,0.0,0.0,,
2019/01/08,19.15,19.2,19.14,19.15,270.0,5168.0,0.0,1.2091,17.0,0.0,0.0,-13.0,-13.0,32.0,0.0,0.0,0.0,0.0,0.0,0.0,,
2019/01/09,19.28,19.49,19.28,19.49,328.0,6378.0,1.7755,1.4689,43.0,0.0,0.0,59.0,59.0,32.0,0.0,0.0,0.0,0.0,0.0,0.0,,
2019/01/10,19.49,19.49,19.36,19.39,301.0,5839.0,-0.5131,1.348,18.0,0.0,0.0,46.0,46.0,29.0,0.0,3.0,0.0,0.0,0.0,0.0,,
2019/01/11,19.5,19.62,19.49,19.61,412.0,8082.0,1.1346,1.8451,36.0,0.0,0.0,-89.0,-89.0,29.0,0.0,0.0,0.0,0.0,0.0,0.0,,
2019/01/14,19.52,19.52,19.46,19.47,359.0,7007.0,-0.7139,1.6077,22.0,0.0,0.0,-105.0,-105.0,29.0,0.0,0.0,0.0,0.0,0.0,0.0,,
2019/01/15,19.52,19.6,19.52,19.54,271.0,5311.0,0.3595,1.187,22.0,0.0,0.0,18.0,18.0,29.0,0.0,0.0,0.0,0.0,0.0,0.0,,
2019/01/16,19.56,19.56,19.53,19.53,253.0,4948.0,-0.0512,1.1082,9.0,0.0,0.0,-1.0,-1.0,29.0,0.0,0.0,0.0,0.0,0.0,0.0,,
2019/01/17,19.61,19.7,19.52,19.6,298.0,5839.0,0.3584,1.3053,20.0,0.0,0.0,0.0,0.0,29.0,0.0,0.0,0.0,0.0,0.0,0.0,,
2019/01/18,19.6,19.72,19.6,19.68,277.0,5446.0,0.4082,1.2133,25.0,0.0,0.0,0.0,0.0,29.0,0.0,0.0,0.0,0.0,0.0,0.0,,
2019/01/21,19.76,19.9,19.76,19.84,358.0,7132.0,0.813,1.5681,47.0,0.0,0.0,80.0,80.0,29.0,0.0,0.0,0.0,0.0,0.0,0.0,,
2019/01/22,19.8,19.82,19.75,19.82,342.0,6767.0,-0.1008,1.498,20.0,0.0,0.0,82.0,82.0,29.0,0.0,0.0,0.0,0.0,0.0,0.0,,
2019/01/23,19.82,19.82,19.68,19.7,278.0,5491.0,-0.6054,1.2177,23.0,0.0,0.0,5.0,5.0,29.0,0.0,0.0,0.0,0.0,0.0,0.0,,
2019/01/24,19.7,19.79,19.7,19.71,303.0,5992.0,0.0508,1.3272,25.0,0.0,0.0,34.0,34.0,29.0,0.0,0.0,0.0,0.0,0.0,0.0,,
2019/01/25,19.81,19.91,19.81,19.88,434.0,8637.0,0.8625,1.901,52.0,0.0,0.0,163.0,163.0,29.0,0.0,0.0,0.0,0.0,0.0,0.0,,
2019/01/28,19.95,20.05,19.94,19.97,296.0,5921.0,0.4527,1.2965,38.0,0.0,0.0,19.0,19.0,29.0,0.0,0.0,0.0,0.0,0.0,0.0,,
2019/01/29,19.86,19.86,19.77,19.86,318.0,6307.0,-0.5508,1.3929,40.0,0.0,0.0,35.0,35.0,29.0,0.0,0.0,0.0,0.0,0.0,0.0,,
2019/01/30,19.86,19.92,19.85,19.92,317.0,6294.0,0.3021,1.3885,22.0,0.0,0.0,-41.0,-41.0,28.0,0.0,1.0,0.0,0.0,0.0,0.0,,
2019/02/11,19.92,20.2,19.92,20.19,472.0,9521.0,1.3554,2.0675,78.0,0.0,0.0,-60.0,-60.0,27.0,0.0,1.0,0.0,0.0,0.0,0.0,,
2019/02/12,20.19,20.24,20.19,20.24,286.0,5802.0,0.2476,1.2527,32.0,0.0,0.0,8.0,8.0,28.0,1.0,0.0,0.0,0.0,0.0,0.0,,
2019/02/13,20.29,20.29,20.24,20.24,269.0,5459.0,0.0,1.1783,22.0,0.0,0.0,-4.0,-4.0,28.0,0.0,0.0,0.0,0.0,0.0,0.0,,
2019/02/14,20.24,20.5,20.24,20.26,291.0,5931.0,0.0988,1.2746,33.0,0.0,0.0,-22.0,-22.0,28.0,0.0,0.0,0.0,0.0,0.0,0.0,,
2019/02/15,20.26,20.3,20.16,20.2,269.0,5458.0,-0.2962,1.1783,20.0,0.0,0.0,-2.0,-2.0,28.0,0.0,0.0,0.0,0.0,0.0,0.0,,
2019/02/18,20.29,20.36,20.26,20.26,297.0,6041.0,0.297,1.3009,24.0,0.0,0.0,12.0,12.0,28.0,0.0,0.0,0.0,0.0,0.0,0.0,,
2019/02/19,20.25,20.25,20.22,20.22,275.0,5577.0,-0.1974,1.2046,23.0,0.0,0.0,9.0,9.0,28.0,0.0,0.0,0.0,0.0,0.0,0.0,,
2019/02/20,20.27,20.42,20.27,20.42,385.0,7857.0,0.9891,1.6864,48.0,0.0,0.0,117.0,117.0,29.0,1.0,0.0,0.0,0.0,0.0,0.0,,
2019/02/21,20.42,20.54,20.42,20.54,380.0,7783.0,0.5877,1.6645,57.0,0.0,0.0,110.0,110.0,28.0,0.0,1.0,0.0,0.0,0.0,0.0,,
2019/02/22,20.52,20.61,20.52,20.6,342.0,7030.0,0.2921,1.498,35.0,0.0,0.0,68.0,68.0,28.0,0.0,0.0,0.0,0.0,0.0,0.0,,
2019/02/25,20.65,20.83,20.65,20.83,319.0,6637.0,1.1165,1.4286,45.0,0.0,0.0,35.0,35.0,28.0,0.0,0.0,0.0,0.0,0.0,0.0,,
2019/02/26,20.9,20.93,20.85,20.86,305.0,6376.0,0.144,1.3659,33.0,0.0,0.0,38.0,38.0,26.0,0.0,2.0,0.0,0.0,0.0,0.0,,
2019/02/27,20.77,20.82,20.74,20.8,484.0,10072.0,-0.2876,2.1675,30.0,0.0,0.0,22.0,22.0,26.0,0.0,0.0,0.0,0.0,0.0,0.0,,
2019/03/04,20.8,20.82,20.75,20.77,27.0,561.0,-0.1442,0.1237,18.0,0.0,0.0,-6.0,-6.0,26.0,0.0,0.0,0.0,0.0,0.0,0.0,,
2019/03/05,20.77,20.77,20.72,20.72,527.0,10936.0,-0.2407,2.4141,35.0,0.0,0.0,-8.0,-8.0,26.0,0.0,0.0,0.0,0.0,0.0,0.0,,
2019/03/06,20.72,20.77,20.72,20.74,273.0,5677.0,0.0965,1.2506,20.0,0.0,0.0,3.0,3.0,26.0,0.0,0.0,0.0,0.0,0.0,0.0,,
2019/03/07,20.74,20.74,20.69,20.72,48.0,1001.0,-0.0964,0.2199,21.0,0.0,0.0,31.0,31.0,26.0,0.0,0.0,0.0,0.0,0.0,0.0,,
2019/03/08,20.6,20.67,20.54,20.62,533.0,10962.0,-0.4826,2.4416,40.0,0.0,0.0,-14.0,-14.0,26.0,0.0,0.0,0.0,0.0,0.0,0.0,,
2019/03/11,20.62,20.75,20.62,20.69,417.0,8638.0,0.3395,1.9102,28.0,0.0,0.0,-121.0,-121.0,27.0,1.0,0.0,0.0,0.0,0.0,0.0,,
2019/03/12,20.77,20.89,20.77,20.83,298.0,6225.0,0.6767,1.3651,23.0,0.0,0.0,41.0,41.0,27.0,0.0,0.0,0.0,0.0,0.0,0.0,,
2019/03/13,20.83,20.87,20.82,20.86,296.0,6186.0,0.144,1.3559,20.0,0.0,0.0,32.0,32.0,27.0,1.0,1.0,0.0,0.0,0.0,0.0,,
2019/03/14,20.87,20.92,20.83,20.83,279.0,5833.0,-0.1438,1.2781,18.0,0.0,0.0,2.0,2.0,27.0,0.0,0.0,0.0,0.0,0.0,0.0,,
2019/03/15,20.86,20.97,20.86,20.97,372.0,7796.0,0.6721,1.7041,50.0,0.0,0.0,116.0,116.0,26.0,0.0,1.0,0.0,0.0,0.0,0.0,,
2019/03/18,21.01,21.1,21.01,21.1,312.0,6574.0,0.6199,1.4292,47.0,0.0,0.0,43.0,43.0,24.0,0.0,2.0,0.0,0.0,0.0,0.0,,
2019/03/19,21.1,21.16,21.1,21.16,325.0,6889.0,0.2844,1.4888,33.0,0.0,0.0,70.0,70.0,24.0,1.0,1.0,0.0,0.0,0.0,0.0,,
2019/03/20,21.15,21.22,21.15,21.19,320.0,6780.0,0.1418,1.4659,26.0,0.0,0.0,65.0,65.0,24.0,0.0,0.0,0.0,0.0,0.0,0.0,,
2019/03/21,21.19,21.28,21.19,21.28,392.0,8346.0,0.4247,1.7957,48.0,0.0,0.0,127.0,127.0,24.0,0.0,0.0,0.0,0.0,0.0,0.0,,
2019/03/22,21.42,21.52,21.41,21.44,303.0,6515.0,0.7519,1.4205,37.0,0.0,0.0,36.0,36.0,22.0,1.0,3.0,0.0,0.0,0.0,0.0,,
2019/03/25,21.28,21.28,21.09,21.1,325.0,6873.0,-1.5858,1.5237,32.0,0.0,0.0,37.0,37.0,22.0,0.0,0.0,0.0,0.0,0.0,0.0,,
2019/03/26,21.16,21.28,21.16,21.28,289.0,6137.0,0.8531,1.3549,22.0,0.0,0.0,36.0,36.0,21.0,0.0,1.0,0.0,0.0,0.0,0.0,,
2019/03/27,21.22,21.3,21.18,21.28,815.0,17324.0,0.0,3.8209,32.0,0.0,0.0,61.0,61.0,21.0,0.0,0.0,0.0,0.0,0.0,0.0,,
2019/03/28,21.23,21.3,21.2,21.27,18.0,402.0,-0.047,0.0844,17.0,0.0,0.0,2.0,2.0,21.0,0.0,0.0,0.0,0.0,0.0,0.0,,
2019/03/29,21.25,21.46,21.23,21.46,129.0,2766.0,0.8933,0.6048,37.0,0.0,0.0,127.0,127.0,21.0,0.0,0.0,0.0,0.0,0.0,0.0,,
2019/04/01,21.5,21.67,21.5,21.6,356.0,7698.0,0.6524,1.669,127.0,0.0,0.0,118.0,118.0,20.0,0.0,1.0,0.0,0.0,0.0,0.0,,
2019/04/02,21.65,21.76,21.65,21.73,328.0,7113.0,0.6019,1.5377,56.0,0.0,0.0,69.0,69.0,16.0,0.0,4.0,0.0,0.0,0.0,0.0,,
2019/04/03,21.73,21.77,21.63,21.71,65.0,1414.0,-0.092,0.3047,30.0,0.0,0.0,43.0,43.0,16.0,0.0,0.0,0.0,0.0,0.0,0.0,,
2019/04/08,21.74,21.89,21.74,21.85,346.0,7568.0,0.6449,1.6221,46.0,0.0,0.0,12.0,12.0,16.0,0.0,0.0,0.0,0.0,0.0,0.0,,
2019/04/09,21.84,21.95,21.83,21.93,307.0,6747.0,0.3661,1.4393,60.0,0.0,0.0,147.0,147.0,15.0,0.0,1.0,0.0,0.0,0.0,0.0,,
2019/04/10,21.93,21.99,21.9,21.99,233.0,5114.0,0.2736,1.0924,38.0,0.0,0.0,77.0,77.0,14.0,0.0,1.0,0.0,0.0,0.0,0.0,,
2019/04/11,21.99,22.04,21.9,21.9,112.0,2467.0,-0.4093,0.5251,27.0,0.0,0.0,-72.0,-72.0,14.0,0.0,0.0,0.0,0.0,0.0,0.0,,
2019/04/12,21.82,21.87,21.82,21.82,16.0,350.0,-0.3653,0.075,10.0,0.0,0.0,13.0,13.0,14.0,0.0,0.0,0.0,0.0,0.0,0.0,,
2019/04/15,21.92,21.96,21.92,21.95,466.0,10236.0,0.5958,2.1847,28.0,0.0,0.0,8.0,8.0,13.0,0.0,1.0,0.0,0.0,0.0,0.0,,
2019/04/16,21.94,21.96,21.9,21.96,189.0,4145.0,0.0456,0.8861,22.0,0.0,0.0,30.0,30.0,13.0,0.0,0.0,0.0,0.0,0.0,0.0,,
2019/04/17,21.98,22.08,21.98,22.04,380.0,8375.0,0.3643,1.7815,56.0,-1.0,0.0,125.0,124.0,12.0,0.0,1.0,0.0,0.0,0.0,0.0,,
2019/04/18,22.09,22.15,21.93,21.93,255.0,5622.0,-0.4991,1.1955,51.0,0.0,0.0,69.0,69.0,12.0,0.0,0.0,0.0,0.0,0.0,0.0,,
2019/04/19,22.07,22.21,22.0,22.05,261.0,5778.0,0.5472,1.2236,53.0,0.0,0.0,22.0,22.0,56.0,45.0,1.0,0.0,0.0,0.0,0.0,,
2019/04/22,22.04,22.09,21.99,22.05,272.0,6007.0,0.0,1.2752,26.0,0.0,0.0,110.0,110.0,11.0,0.0,45.0,0.0,0.0,0.0,0.0,,
2019/04/23,22.03,22.09,22.0,22.08,237.0,5232.0,0.1361,1.1111,29.0,0.0,0.0,80.0,80.0,11.0,0.0,0.0,0.0,0.0,0.0,0.0,,
2019/04/24,22.14,22.18,22.08,22.1,260.0,5749.0,0.0906,1.2189,48.0,0.0,0.0,91.0,91.0,11.0,0.0,0.0,0.0,0.0,0.0,0.0,,
2019/04/25,22.1,22.21,22.1,22.21,310.0,6878.0,0.4977,1.4534,64.0,0.0,0.0,151.0,151.0,11.0,0.0,0.0,0.0,0.0,0.0,0.0,,
2019/04/26,22.06,22.12,22.03,22.08,192.0,4236.0,-0.5853,0.9001,21.0,0.0,0.0,23.0,23.0,11.0,0.0,0.0,0.0,0.0,0.0,0.0,,
2019/04/29,22.08,22.13,22.03,22.12,176.0,3890.0,0.1812,0.8251,18.0,0.0,0.0,11.0,11.0,11.0,0.0,0.0,0.0,0.0,0.0,0.0,,
2019/04/30,22.12,22.22,22.06,22.22,231.0,5132.0,0.4521,1.083,46.0,0.0,0.0,81.0,81.0,11.0,0.0,0.0,0.0,0.0,0.0,0.0,,
2019/05/02,22.26,22.37,22.23,22.29,220.0,4907.0,0.315,1.0314,39.0,0.0,0.0,48.0,48.0,9.0,0.0,2.0,0.0,0.0,0.0,0.0,,
2019/05/03,22.3,22.38,22.29,22.38,276.0,6176.0,0.4038,1.294,51.0,0.0,0.0,120.0,120.0,8.0,0.0,1.0,0.0,0.0,0.0,0.0,,
2019/05/06,22.32,22.32,22.13,22.14,234.0,5206.0,-1.0724,1.097,41.0,0.0,0.0,61.0,61.0,7.0,0.0,1.0,0.0,0.0,0.0,0.0,,
2019/05/07,22.23,22.39,22.23,22.34,267.0,5978.0,0.9033,1.2818,34.0,0.0,0.0,74.0,74.0,6.0,0.0,1.0,0.0,0.0,0.0,0.0,,
2019/05/08,22.3,22.3,22.18,22.22,193.0,4285.0,-0.5372,0.9493,32.0,0.0,0.0,8.0,8.0,6.0,0.0,0.0,0.0,0.0,0.0,0.0,,
2019/05/09,22.16,22.16,21.8,21.81,210.0,4599.0,-1.8452,1.033,50.0,2.0,0.0,9.0,11.0,6.0,1.0,1.0,0.0,0.0,0.0,0.0,,
2019/05/10,21.77,21.85,21.68,21.75,232.0,5068.0,-0.2751,1.1412,35.0,0.0,0.0,86.0,86.0,6.0,0.0,0.0,0.0,0.0,0.0,0.0,,
2019/05/13,21.93,21.93,21.36,21.37,292.0,6261.0,-1.7471,1.4363,54.0,0.0,0.0,-92.0,-92.0,6.0,0.0,0.0,0.0,0.0,0.0,0.0,,
2019/05/14,21.3,21.34,21.0,21.29,204.0,4353.0,-0.3744,1.0034,35.0,0.0,0.0,12.0,12.0,6.0,0.0,0.0,0.0,0.0,0.0,0.0,,
2019/05/15,21.4,21.46,21.38,21.42,166.0,3561.0,0.6106,0.8165,12.0,0.0,0.0,-14.0,-14.0,6.0,0.0,0.0,0.0,0.0,0.0,0.0,,
2019/05/16,21.43,21.43,21.22,21.23,195.0,4158.0,-0.887,0.9592,30.0,0.0,0.0,-40.0,-40.0,6.0,0.0,0.0,0.0,0.0,0.0,0.0,,
2019/05/17,21.23,21.27,21.0,21.0,218.0,4590.0,-1.0834,1.0723,43.0,0.0,0.0,-62.0,-62.0,6.0,0.0,0.0,0.0,0.0,0.0,0.0,,
2019/05/20,21.0,21.11,21.0,21.08,200.0,4206.0,0.381,0.9838,27.0,0.0,0.0,-10.0,-10.0,6.0,0.0,0.0,0.0,0.0,0.0,0.0,,
2019/05/21,21.05,21.22,20.99,21.18,190.0,4038.0,0.4744,0.9346,29.0,0.0,0.0,-14.0,-14.0,6.0,0.0,0.0,0.0,0.0,0.0,0.0,,
2019/05/22,21.18,21.25,21.12,21.12,180.0,3815.0,-0.2833,0.8854,18.0,0.0,0.0,-6.0,-6.0,6.0,0.0,0.0,0.0,0.0,0.0,0.0,,
2019/05/23,21.12,21.12,20.78,20.81,231.0,4808.0,-1.4678,1.1363,49.0,0.0,0.0,-62.0,-62.0,6.0,0.0,0.0,0.0,0.0,0.0,0.0,,
2019/05/24,20.8,20.9,20.8,20.82,186.0,3884.0,0.0481,0.9149,19.0,0.0,0.0,-21.0,-21.0,6.0,0.0,0.0,0.0,0.0,0.0,0.0,,
2019/05/27,20.88,20.88,20.74,20.77,174.0,3612.0,-0.2402,0.8559,21.0,0.0,0.0,-8.0,-8.0,6.0,0.0,0.0,0.0,0.0,0.0,0.0,,
2019/05/28,20.77,20.78,20.74,20.77,167.0,3469.0,0.0,0.8214,21.0,0.0,0.0,-11.0,-11.0,6.0,0.0,0.0,0.0,0.0,0.0,0.0,,
2019/05/29,20.74,20.74,20.6,20.63,163.0,3370.0,-0.674,0.8018,17.0,0.0,0.0,6.0,6.0,6.0,0.0,0.0,0.0,0.0,0.0,0.0,,
2019/05/30,20.72,20.82,20.72,20.82,178.0,3705.0,0.921,0.8756,18.0,0.0,0.0,-4.0,-4.0,6.0,0.0,0.0,0.0,0.0,0.0,0.0,,
2019/05/31,20.85,21.16,20.85,21.14,177.0,3740.0,1.537,0.8706,18.0,0.0,0.0,22.0,22.0,6.0,0.0,0.0,0.0,0.0,0.0,0.0,,
2019/06/03,21.14,21.15,21.0,21.15,165.0,3487.0,0.0473,0.8116,14.0,0.0,0.0,-1.0,-1.0,6.0,0.0,0.0,0.0,0.0,0.0,0.0,,
2019/06/04,21.16,21.22,21.08,21.08,169.0,3574.0,-0.331,0.8313,18.0,0.0,0.0,5.0,5.0,6.0,0.0,0.0,0.0,0.0,0.0,0.0,,
2019/06/05,21.15,21.32,21.15,21.15,163.0,3460.0,0.3321,0.8018,16.0,0.0,0.0,-4.0,-4.0,6.0,0.0,0.0,0.0,0.0,0.0,0.0,,
2019/06/06,20.97,20.97,20.93,20.94,165.0,3455.0,-0.9929,0.8116,14.0,0.0,0.0,-14.0,-14.0,6.0,0.0,0.0,0.0,0.0,0.0,0.0,,
2019/06/10,21.0,21.23,21.0,21.22,259.0,5490.0,1.3372,1.274,46.0,0.0,0.0,65.0,65.0,6.0,0.0,0.0,0.0,0.0,0.0,0.0,,
2019/06/11,21.22,21.51,21.22,21.43,337.0,7224.0,0.9896,1.6576,43.0,0.0,0.0,-94.0,-94.0,5.0,0.0,1.0,0.0,0.0,0.0,0.0,,
2019/06/12,21.41,21.42,21.35,21.42,173.0,3703.0,-0.0467,0.851,12.0,0.0,0.0,16.0,16.0,5.0,0.0,0.0,0.0,0.0,0.0,0.0,,
2019/06/13,21.45,21.45,21.34,21.34,211.0,4527.0,-0.3735,1.0379,17.0,0.0,0.0,35.0,35.0,5.0,0.0,0.0,0.0,0.0,0.0,0.0,,
2019/06/14,21.34,21.34,21.24,21.24,167.0,3554.0,-0.4686,0.8214,13.0,0.0,0.0,11.0,11.0,5.0,0.0,0.0,0.0,0.0,0.0,0.0,,
2019/06/17,21.25,21.29,21.24,21.26,156.0,3323.0,0.0942,0.7673,11.0,0.0,0.0,4.0,4.0,5.0,0.0,0.0,0.0,0.0,0.0,0.0,,
2019/06/18,21.26,21.32,21.26,21.31,170.0,3622.0,0.2352,0.8362,19.0,0.0,0.0,-3.0,-3.0,5.0,0.0,0.0,0.0,0.0,0.0,0.0,,
2019/06/19,21.47,21.77,21.47,21.77,83.0,1819.0,2.1586,0.4083,54.0,0.0,0.0,79.0,79.0,4.0,0.0,1.0,0.0,0.0,0.0,0.0,,
2019/06/20,21.82,21.83,21.8,21.8,306.0,6678.0,0.1378,1.5052,14.0,0.0,0.0,3.0,3.0,4.0,0.0,0.0,0.0,0.0,0.0,0.0,,
2019/06/21,21.85,21.87,21.81,21.82,193.0,4221.0,0.0917,0.9493,22.0,0.0,0.0,37.0,37.0,4.0,0.0,0.0,0.0,0.0,0.0,0.0,,
2019/06/24,21.82,21.92,21.82,21.88,189.0,4143.0,0.275,0.9297,24.0,0.0,0.0,35.0,35.0,4.0,0.0,0.0,0.0,0.0,0.0,0.0,,
2019/06/25,21.92,21.92,21.75,21.78,159.0,3463.0,-0.457,0.7821,13.0,0.0,0.0,-2.0,-2.0,4.0,0.0,0.0,0.0,0.0,0.0,0.0,,
2019/06/26,21.75,21.75,21.66,21.68,166.0,3599.0,-0.4591,0.8165,13.0,0.0,0.0,-2.0,-2.0,4.0,0.0,0.0,0.0,0.0,0.0,0.0,,
2019/06/27,21.71,21.97,21.71,21.97,291.0,6380.0,1.3376,1.4314,43.0,0.0,0.0,89.0,89.0,4.0,0.0,0.0,0.0,0.0,0.0,0.0,,
2019/06/28,21.92,21.92,21.86,21.89,163.0,3566.0,-0.3641,0.8018,17.0,0.0,0.0,-8.0,-8.0,4.0,0.0,0.0,0.0,0.0,0.0,0.0,,
2019/07/01,21.95,22.27,21.95,22.23,395.0,8781.0,1.5532,1.9429,82.0,0.0,0.0,152.0,152.0,4.0,0.0,0.0,0.0,0.0,0.0,0.0,,
2019/07/02,22.23,22.24,22.11,22.11,186.0,4147.0,-0.5398,0.9149,29.0,0.0,0.0,33.0,33.0,4.0,0.0,0.0,0.0,0.0,0.0,0.0,,
2019/07/03,22.1,22.1,21.89,21.89,165.0,3623.0,-0.995,0.8116,15.0,0.0,0.0,-6.0,-6.0,4.0,0.0,0.0,0.0,0.0,0.0,0.0,,
2019/07/04,21.9,22.01,21.9,21.98,172.0,3792.0,0.4111,0.8674,23.0,0.0,0.0,18.0,18.0,2.0,0.0,2.0,0.0,0.0,0.0,0.0,,
2019/07/05,21.99,22.05,21.98,21.99,154.0,3392.0,0.0455,0.7766,10.0,0.0,0.0,0.0,0.0,2.0,0.0,0.0,0.0,0.0,0.0,0.0,,
2019/07/08,22.0,22.02,21.92,21.93,168.0,3688.0,-0.2729,0.8472,22.0,0.0,0.0,-6.0,-6.0,2.0,0.0,0.0,0.0,0.0,0.0,0.0,,
2019/07/09,21.92,21.92,21.85,21.85,153.0,3354.0,-0.3648,0.7716,10.0,0.0,0.0,-3.0,-3.0,2.0,0.0,0.0,0.0,0.0,0.0,0.0,,
2019/07/10,21.97,22.06,21.96,22.06,271.0,5979.0,0.9611,1.3666,46.0,0.0,0.0,71.0,71.0,2.0,0.0,0.0,0.0,0.0,0.0,0.0,,
2019/07/11,22.13,22.28,22.13,22.2,259.0,5775.0,0.6346,1.3061,53.0,0.0,0.0,-22.0,-22.0,2.0,0.0,0.0,0.0,0.0,0.0,0.0,,
2019/07/12,22.2,22.23,22.12,22.14,194.0,4308.0,-0.2703,0.9783,26.0,0.0,0.0,38.0,38.0,2.0,0.0,0.0,0.0,0.0,0.0,0.0,,
2019/07/15,22.14,22.2,22.04,22.19,197.0,4375.0,0.2258,0.9934,34.0,0.0,0.0,32.0,32.0,2.0,0.0,0.0,0.0,0.0,0.0,0.0,,
2019/07/16,22.2,22.2,22.16,22.18,190.0,4214.0,-0.0451,0.9581,27.0,0.0,0.0,38.0,38.0,2.0,0.0,0.0,0.0,0.0,0.0,0.0,,
2019/07/17,22.09,22.1,22.03,22.06,191.0,4217.0,-0.541,0.9632,22.0,0.0,0.0,30.0,30.0,2.0,0.0,0.0,0.0,0.0,0.0,0.0,,
2019/07/18,22.09,22.09,22.0,22.0,179.0,3939.0,-0.272,0.9027,20.0,0.0,0.0,-22.0,-22.0,2.0,0.0,0.0,0.0,0.0,0.0,0.0,,
2019/07/19,22.05,22.19,22.05,22.09,169.0,3764.0,0.4091,0.8522,21.0,0.0,0.0,17.0,17.0,2.0,0.0,0.0,0.0,0.0,0.0,0.0,,
2019/07/22,22.09,22.25,22.09,22.25,261.0,5809.0,0.7243,1.3162,40.0,0.0,0.0,105.0,105.0,2.0,0.0,0.0,0.0,0.0,0.0,0.0,,
2019/07/23,22.4,22.45,22.3,22.33,445.0,9983.0,0.3596,2.2441,40.0,0.0,0.0,-113.0,-113.0,2.0,0.0,0.0,0.0,0.0,0.0,0.0,,
2019/07/24,22.37,22.37,22.22,22.22,188.0,4195.0,-0.4926,0.9481,16.0,0.0,0.0,17.0,17.0,2.0,0.0,0.0,0.0,0.0,0.0,0.0,,
2019/07/25,22.27,22.31,22.26,22.31,245.0,5465.0,0.405,1.2355,38.0,0.0,0.0,94.0,94.0,2.0,0.0,0.0,0.0,0.0,0.0,0.0,,
2019/07/26,22.29,22.29,22.21,22.23,9.0,209.0,-0.3586,0.0454,9.0,0.0,0.0,0.0,0.0,2.0,0.0,0.0,0.0,0.0,0.0,0.0,,
2019/07/29,22.22,22.25,22.17,22.25,302.0,6717.0,0.09,1.5229,24.0,0.0,0.0,-9.0,-9.0,2.0,0.0,0.0,0.0,0.0,0.0,0.0,,
2019/07/30,22.28,22.28,22.17,22.19,156.0,3475.0,-0.2697,0.7867,13.0,0.0,0.0,-1.0,-1.0,2.0,0.0,0.0,0.0,0.0,0.0,0.0,,
2019/07/31,22.07,22.19,22.0,22.19,206.0,4557.0,0.0,1.0388,15.0,0.0,0.0,47.0,47.0,2.0,0.0,0.0,0.0,0.0,0.0,0.0,,
2019/08/01,22.1,22.1,21.98,21.98,164.0,3620.0,-0.9464,0.827,16.0,0.0,0.0,3.0,3.0,2.0,0.0,0.0,0.0,0.0,0.0,0.0,,
2019/08/02,21.98,21.98,21.63,21.67,195.0,4232.0,-1.4104,0.9834,36.0,0.0,0.0,-25.0,-25.0,2.0,0.0,0.0,0.0,0.0,0.0,0.0,,
2019/08/05,21.61,21.61,21.38,21.42,209.0,4478.0,-1.1537,1.054,49.0,0.0,0.0,-52.0,-52.0,2.0,0.0,0.0,0.0,0.0,0.0,0.0,,
2019/08/06,21.34,21.39,21.0,21.39,217.0,4614.0,-0.1401,1.0943,44.0,0.0,0.0,-21.0,-21.0,2.0,0.0,0.0,0.0,0.0,0.0,0.0,,
2019/08/07,21.39,21.39,21.3,21.35,204.0,4354.0,-0.187,1.0287,23.0,0.0,0.0,9.0,9.0,2.0,0.0,0.0,0.0,0.0,0.0,0.0,,
2019/08/08,21.42,21.56,21.42,21.51,45.0,966.0,0.7494,0.2269,18.0,0.0,0.0,-11.0,-11.0,2.0,0.0,0.0,0.0,0.0,0.0,0.0,,
2019/08/12,21.51,21.51,21.37,21.41,460.0,9876.0,-0.4649,2.3197,35.0,0.0,0.0,-153.0,-153.0,2.0,1.0,1.0,0.0,0.0,0.0,0.0,,
2019/08/13,21.36,21.36,21.2,21.23,176.0,3756.0,-0.8407,0.8875,26.0,0.0,0.0,-15.0,-15.0,2.0,0.0,0.0,0.0,0.0,0.0,0.0,,
2019/08/14,21.43,21.5,21.36,21.36,158.0,3397.0,0.6123,0.7968,14.0,0.0,0.0,-2.0,-2.0,2.0,0.0,0.0,0.0,0.0,0.0,0.0,,
2019/08/15,21.11,21.15,21.11,21.13,181.0,3825.0,-1.0768,0.9128,22.0,0.0,0.0,-24.0,-24.0,2.0,0.0,0.0,0.0,0.0,0.0,0.0,,
2019/08/16,21.1,21.36,21.08,21.31,171.0,3645.0,0.8519,0.8623,18.0,0.0,0.0,7.0,7.0,2.0,0.0,0.0,0.0,0.0,0.0,0.0,,
2019/08/19,21.38,21.53,21.38,21.5,165.0,3556.0,0.8916,0.8321,16.0,0.0,0.0,-1.0,-1.0,2.0,0.0,0.0,0.0,0.0,0.0,0.0,,
2019/08/20,21.5,21.6,21.5,21.6,158.0,3424.0,0.4651,0.7968,13.0,0.0,0.0,4.0,4.0,2.0,0.0,0.0,0.0,0.0,0.0,0.0,,
2019/08/21,21.6,21.6,21.54,21.54,190.0,4101.0,-0.2778,0.9581,13.0,0.0,0.0,16.0,16.0,2.0,0.0,0.0,0.0,0.0,0.0,0.0,,
2019/08/22,21.63,21.67,21.54,21.59,180.0,3890.0,0.2321,0.9077,15.0,0.0,0.0,28.0,28.0,2.0,0.0,0.0,0.0,0.0,0.0,0.0,,
2019/08/23,21.62,21.62,21.54,21.54,174.0,3756.0,-0.2316,0.8775,13.0,0.0,0.0,10.0,10.0,2.0,0.0,0.0,0.0,0.0,0.0,0.0,,
2019/08/26,21.5,21.5,21.21,21.3,216.0,4602.0,-1.1142,1.0893,24.0,0.0,0.0,23.0,23.0,2.0,0.0,0.0,0.0,0.0,0.0,0.0,,
2019/08/27,21.35,21.35,21.28,21.28,161.0,3434.0,-0.0939,0.8119,15.0,0.0,0.0,-4.0,-4.0,2.0,0.0,0.0,0.0,0.0,0.0,0.0,,
2019/08/28,21.36,21.46,21.36,21.43,133.0,2855.0,0.7049,0.6707,20.0,0.0,0.0,-1.0,-1.0,2.0,0.0,0.0,0.0,0.0,0.0,0.0,,
2019/08/29,21.44,21.47,21.44,21.47,210.0,4521.0,0.1867,1.059,12.0,0.0,0.0,1.0,1.0,2.0,0.0,0.0,0.0,0.0,0.0,0.0,,
2019/08/30,21.58,21.84,21.58,21.83,191.0,4186.0,1.6768,0.9632,34.0,0.0,0.0,39.0,39.0,2.0,0.0,0.0,0.0,0.0,0.0,0.0,,
2019/09/02,21.83,21.92,21.8,21.87,186.0,4087.0,0.1832,0.938,23.0,0.0,0.0,29.0,29.0,2.0,0.0,0.0,0.0,0.0,0.0,0.0,,
2019/09/03,21.87,21.87,21.75,21.75,163.0,3551.0,-0.5487,0.822,16.0,0.0,0.0,0.0,0.0,2.0,0.0,0.0,0.0,0.0,0.0,0.0,,
2019/09/04,21.81,21.9,21.81,21.9,170.0,3730.0,0.6897,0.8573,22.0,0.0,0.0,15.0,15.0,2.0,0.0,0.0,0.0,0.0,0.0,0.0,,
2019/09/05,21.9,22.15,21.9,22.08,205.0,4533.0,0.8219,1.0338,27.0,0.0,0.0,48.0,48.0,2.0,0.0,0.0,0.0,0.0,0.0,0.0,,
2019/09/06,22.08,22.27,22.08,22.22,120.0,2675.0,0.6341,0.6051,49.0,0.0,0.0,93.0,93.0,2.0,0.0,0.0,0.0,0.0,0.0,0.0,,
2019/09/09,22.22,22.37,22.22,22.29,422.0,9412.0,0.315,2.1281,58.0,0.0,0.0,79.0,79.0,2.0,0.0,0.0,0.0,0.0,0.0,0.0,,
2019/09/10,22.3,22.3,22.15,22.17,197.0,4385.0,-0.5384,0.9934,27.0,0.0,0.0,33.0,33.0,2.0,0.0,0.0,0.0,0.0,0.0,0.0,,
2019/09/11,22.17,22.26,22.17,22.23,254.0,5650.0,0.2706,1.2809,23.0,0.0,0.0,-27.0,-27.0,2.0,0.0,0.0,0.0,0.0,0.0,0.0,,
2019/09/12,22.26,22.42,22.26,22.37,241.0,5387.0,0.6298,1.2153,49.0,0.0,0.0,85.0,85.0,2.0,0.0,0.0,0.0,0.0,0.0,0.0,,
2019/09/16,22.37,22.55,22.37,22.53,231.0,5209.0,0.7152,1.1649,55.0,0.0,0.0,49.0,49.0,2.0,0.0,0.0,0.0,0.0,0.0,0.0,,
2019/09/17,22.55,22.58,22.5,22.53,334.0,7535.0,0.0,1.6843,45.0,0.0,0.0,183.0,183.0,2.0,0.0,0.0,0.0,0.0,0.0,0.0,,
2019/09/18,22.6,22.75,22.56,22.75,355.0,8053.0,0.9765,1.8365,90.0,0.0,0.0,195.0,195.0,2.0,0.0,0.0,0.0,0.0,0.0,0.0,,
2019/09/19,22.75,22.78,22.65,22.65,374.0,8498.0,-0.4396,1.9348,39.0,-100.0,0.0,112.0,12.0,2.0,0.0,0.0,0.0,0.0,0.0,0.0,,
2019/09/20,22.65,22.72,22.65,22.72,234.0,5315.0,0.3091,1.2106,34.0,0.0,0.0,78.0,78.0,2.0,0.0,0.0,0.0,0.0,0.0,0.0,,
2019/09/23,22.7,22.75,22.7,22.71,322.0,7338.0,-0.044,1.6658,36.0,0.0,0.0,-138.0,-138.0,2.0,0.0,0.0,0.0,0.0,0.0,0.0,,
2019/09/24,22.66,22.73,22.61,22.66,167.0,3785.0,-0.2202,0.8869,15.0,0.0,0.0,16.0,16.0,2.0,0.0,0.0,0.0,0.0,0.0,0.0,,
2019/09/25,22.6,22.6,22.5,22.51,190.0,4285.0,-0.662,1.009,17.0,0.0,0.0,-8.0,-8.0,2.0,0.0,0.0,0.0,0.0,0.0,0.0,,
2019/09/26,22.55,22.65,22.55,22.6,210.0,4747.0,0.3998,1.1152,24.0,0.0,0.0,47.0,47.0,2.0,0.0,0.0,0.0,0.0,0.0,0.0,,
2019/09/27,22.6,22.63,22.6,22.63,217.0,4909.0,0.1327,1.1524,14.0,0.0,0.0,48.0,48.0,2.0,0.0,0.0,0.0,0.0,0.0,0.0,,
2019/10/01,22.7,22.88,22.7,22.87,214.0,4897.0,1.0605,1.1365,43.0,0.0,0.0,46.0,46.0,2.0,0.0,0.0,0.0,0.0,0.0,0.0,,
2019/10/02,22.66,22.89,22.66,22.88,184.0,4225.0,0.0437,0.9772,23.0,0.0,0.0,32.0,32.0,2.0,0.0,0.0,0.0,0.0,0.0,0.0,,
2019/10/03,22.7,22.76,22.6,22.72,170.0,3866.0,-0.6993,0.9028,15.0,0.0,0.0,10.0,10.0,2.0,0.0,0.0,0.0,0.0,0.0,0.0,,
2019/10/04,22.72,22.72,22.71,22.71,153.0,3476.0,-0.044,0.8125,7.0,0.0,0.0,-1.0,-1.0,2.0,0.0,0.0,0.0,0.0,0.0,0.0,,
2019/10/07,22.71,22.83,22.71,22.78,223.0,5084.0,0.3082,1.1843,25.0,0.0,0.0,60.0,60.0,2.0,0.0,0.0,0.0,0.0,0.0,0.0,,
2019/10/08,22.8,23.0,22.8,22.99,265.0,6091.0,0.9219,1.4073,65.0,0.0,0.0,102.0,102.0,2.0,0.0,0.0,0.0,0.0,0.0,0.0,,
2019/10/09,22.9,22.9,22.7,22.7,192.0,4386.0,-1.2614,1.0196,27.0,0.0,0.0,-12.0,-12.0,2.0,0.0,0.0,0.0,0.0,0.0,0.0,,
2019/10/14,22.95,23.1,22.95,23.05,458.0,10561.0,1.5419,2.4323,63.0,0.0,0.0,206.0,206.0,2.0,0.0,0.0,0.0,0.0,0.0,0.0,,
2019/10/15,23.05,23.11,23.05,23.08,673.0,15549.0,0.1302,3.5741,64.0,0.0,0.0,665.0,665.0,2.0,0.0,0.0,0.0,0.0,0.0,0.0,,
2019/10/16,23.13,23.22,23.1,23.15,202.0,4668.0,0.3033,1.1329,30.0,0.0,0.0,44.0,44.0,3.0,1.0,0.0,0.0,0.0,0.0,0.0,,
2019/10/17,23.15,23.24,23.15,23.24,201.0,4661.0,0.3888,1.1273,38.0,0.0,0.0,39.0,39.0,3.0,0.0,0.0,0.0,0.0,0.0,0.0,,
2019/10/18,23.24,23.3,23.2,23.21,186.0,4338.0,-0.1291,1.0432,30.0,0.0,0.0,5.0,5.0,3.0,0.0,0.0,0.0,0.0,0.0,0.0,,
2019/10/21,23.25,23.3,23.2,23.25,187.0,4347.0,0.1723,1.0488,21.0,0.0,0.0,10.0,10.0,3.0,0.0,0.0,0.0,0.0,0.0,0.0,,
2019/10/22,23.23,23.38,23.23,23.38,237.0,5528.0,0.5591,1.3292,36.0,0.0,0.0,84.0,84.0,3.0,0.0,0.0,0.0,0.0,0.0,0.0,,
2019/10/23,23.39,23.39,23.3,23.3,502.0,11724.0,-0.3422,3.2746,31.0,0.0,0.0,322.0,322.0,3.0,0.0,0.0,0.0,0.0,0.0,0.0,,
2019/10/24,23.4,23.5,23.39,23.5,531.0,12432.0,0.8584,3.4638,42.0,0.0,0.0,517.0,517.0,3.0,0.0,0.0,0.0,0.0,0.0,0.0,,
2019/10/25,23.45,23.55,23.45,23.49,177.0,4161.0,-0.0426,1.1935,17.0,0.0,0.0,-2.0,-2.0,3.0,0.0,0.0,0.0,0.0,0.0,0.0,,
2019/10/28,23.55,23.55,23.5,23.5,175.0,4126.0,0.0426,1.18,30.0,0.0,0.0,-8.0,-8.0,3.0,0.0,0.0,0.0,0.0,0.0,0.0,,
2019/10/29,23.55,23.6,23.51,23.55,300.0,7076.0,0.2128,2.0229,35.0,0.0,0.0,115.0,115.0,3.0,0.0,0.0,0.0,0.0,0.0,0.0,,
2019/10/30,23.55,23.64,23.55,23.62,224.0,5297.0,0.2972,1.5105,22.0,0.0,0.0,70.0,70.0,3.0,0.0,0.0,0.0,0.0,0.0,0.0,,
2019/10/31,23.64,23.81,23.64,23.8,224.0,5338.0,0.7621,1.5105,39.0,0.0,0.0,45.0,45.0,3.0,0.0,0.0,0.0,0.0,0.0,0.0,,
2019/11/01,23.78,23.78,23.7,23.7,170.0,4029.0,-0.4202,1.1463,20.0,0.0,0.0,-2.0,-2.0,3.0,0.0,0.0,0.0,0.0,0.0,0.0,,
2019/11/04,23.8,24.04,23.8,24.02,123.0,2954.0,1.3502,0.8294,64.0,0.0,0.0,99.0,99.0,3.0,0.0,0.0,0.0,0.0,0.0,0.0,,
2019/11/05,24.02,24.28,24.02,24.26,451.0,10912.0,0.9992,3.0411,60.0,0.0,0.0,124.0,124.0,3.0,0.0,0.0,0.0,0.0,0.0,0.0,,
2019/11/06,24.47,24.48,24.32,24.45,424.0,10365.0,0.7832,2.8591,122.0,0.0,0.0,-138.0,-138.0,4.0,1.0,0.0,0.0,0.0,0.0,0.0,,
2019/11/07,24.45,24.45,24.25,24.4,236.0,5733.0,-0.2045,1.5914,64.0,0.0,0.0,-47.0,-47.0,4.0,0.0,0.0,0.0,0.0,0.0,0.0,,
2019/11/08,24.5,24.5,24.26,24.29,225.0,5465.0,-0.4508,1.5172,35.0,0.0,0.0,21.0,21.0,4.0,0.0,0.0,0.0,0.0,0.0,0.0,,
2019/11/11,24.27,24.27,23.97,23.97,286.0,6887.0,-1.3174,1.9285,57.0,0.0,0.0,-108.0,-108.0,3.0,0.0,1.0,0.0,0.0,0.0,0.0,,
2019/11/12,23.97,24.09,23.97,24.07,179.0,4306.0,0.4172,1.207,20.0,0.0,0.0,-4.0,-4.0,3.0,0.0,0.0,0.0,0.0,0.0,0.0,,
2019/11/13,24.07,24.11,23.96,24.01,228.0,5479.0,-0.2493,1.5374,41.0,0.0,0.0,-68.0,-68.0,3.0,0.0,0.0,0.0,0.0,0.0,0.0,,
2019/11/14,24.01,24.05,23.9,24.0,224.0,5369.0,-0.0416,1.5105,46.0,0.0,0.0,-60.0,-60.0,3.0,0.0,0.0,0.0,0.0,0.0,0.0,,
2019/11/15,24.05,24.17,24.05,24.15,196.0,4747.0,0.625,1.3216,43.0,0.0,0.0,-19.0,-19.0,4.0,1.0,0.0,0.0,0.0,0.0,0.0,,
2019/11/18,24.22,24.38,24.18,24.38,630.0,15282.0,0.9524,4.2481,172.0,0.0,0.0,-400.0,-400.0,5.0,1.0,0.0,0.0,0.0,0.0,0.0,,
2019/11/19,24.4,24.48,24.35,24.48,528.0,12915.0,0.4102,3.5604,137.0,6.0,0.0,-259.0,-253.0,9.0,4.0,0.0,0.0,0.0,0.0,0.0,,
2019/11/20,24.51,24.51,24.38,24.39,391.0,9548.0,-0.3676,2.6365,126.0,0.0,0.0,-219.0,-219.0,9.0,0.0,0.0,0.0,0.0,0.0,0.0,,
2019/11/21,24.3,24.35,24.05,24.21,410.0,9914.0,-0.738,2.6745,137.0,0.0,0.0,-195.0,-195.0,9.0,0.0,0.0,0.0,0.0,0.0,0.0,,
2019/11/22,24.23,24.3,24.21,24.25,466.0,11291.0,0.1652,3.0398,124.0,0.0,0.0,-271.0,-271.0,9.0,0.0,0.0,0.0,0.0,0.0,0.0,,
2019/11/25,24.29,24.36,24.28,24.32,296.0,7214.0,0.2887,1.9309,106.0,0.0,0.0,-90.0,-90.0,9.0,0.0,0.0,0.0,0.0,0.0,0.0,,
2019/11/26,24.43,24.49,24.4,24.44,495.0,12103.0,0.4934,3.229,144.0,0.0,0.0,-51.0,-51.0,29.0,21.0,1.0,0.0,0.0,0.0,0.0,,
2019/11/27,24.48,24.54,24.46,24.53,466.0,11427.0,0.3682,3.0398,180.0,0.0,0.0,-12.0,-12.0,49.0,20.0,0.0,0.0,0.0,0.0,0.0,,
2019/11/28,23.44,23.46,23.37,23.43,546.0,12787.0,0.0815,3.4491,177.0,0.0,0.0,-108.0,-108.0,19.0,0.0,30.0,0.0,0.0,0.0,0.0,,
2019/11/29,23.45,23.47,23.13,23.14,472.0,10974.0,-1.2377,2.9817,171.0,0.0,0.0,-260.0,-260.0,19.0,0.0,0.0,0.0,0.0,0.0,0.0,,
2019/12/02,23.14,23.18,23.11,23.15,249.0,5766.0,0.0432,1.573,48.0,0.0,0.0,-14.0,-14.0,19.0,0.0,0.0,0.0,0.0,0.0,0.0,,
2019/12/03,23.15,23.22,23.1,23.16,193.0,4471.0,0.0432,1.2192,36.0,0.0,0.0,-10.0,-10.0,19.0,0.0,0.0,0.0,0.0,0.0,0.0,,
2019/12/04,23.2,23.2,23.02,23.05,250.0,5779.0,-0.475,1.5793,62.0,0.0,0.0,-46.0,-46.0,19.0,0.0,0.0,0.0,0.0,0.0,0.0,,
2019/12/05,23.19,23.3,23.19,23.3,211.0,4924.0,1.0846,1.3329,43.0,0.0,0.0,20.0,20.0,19.0,0.0,0.0,0.0,0.0,0.0,0.0,,
2019/12/06,23.27,23.37,23.27,23.29,253.0,5893.0,-0.0429,1.5982,58.0,0.0,0.0,-50.0,-50.0,19.0,0.0,0.0,0.0,0.0,0.0,0.0,,
2019/12/09,23.36,23.47,23.36,23.44,276.0,6470.0,0.6441,1.7435,61.0,0.0,0.0,81.0,81.0,19.0,0.0,0.0,0.0,0.0,0.0,0.0,,
2019/12/10,23.44,23.44,23.34,23.35,235.0,5500.0,-0.384,1.4845,38.0,0.0,0.0,-67.0,-67.0,19.0,0.0,0.0,0.0,0.0,0.0,0.0,,
2019/12/11,23.42,23.49,23.4,23.47,267.0,6277.0,0.5139,1.6867,40.0,0.0,0.0,-88.0,-88.0,19.0,0.0,0.0,0.0,0.0,0.0,0.0,,
2019/12/12,23.54,23.85,23.54,23.85,342.0,8144.0,1.6191,2.1605,90.0,0.0,0.0,125.0,125.0,19.0,0.0,0.0,0.0,0.0,0.0,0.0,,
2019/12/13,23.87,24.18,23.87,24.12,331.0,7988.0,1.1321,2.091,92.0,0.0,0.0,43.0,43.0,19.0,0.0,0.0,0.0,0.0,0.0,0.0,,
2019/12/16,24.12,24.17,24.08,24.15,245.0,5936.0,0.1244,1.5477,46.0,0.0,0.0,74.0,74.0,19.0,0.0,0.0,0.0,0.0,0.0,0.0,,
2019/12/17,24.18,24.47,24.18,24.47,333.0,8131.0,1.3251,2.1036,82.0,0.0,0.0,127.0,127.0,18.0,0.0,1.0,0.0,0.0,0.0,0.0,,
2019/12/18,24.47,24.49,24.38,24.49,364.0,8918.0,0.0817,2.2994,71.0,0.0,0.0,178.0,178.0,18.0,0.0,0.0,0.0,0.0,0.0,0.0,,
2019/12/19,24.47,24.5,24.31,24.34,232.0,5659.0,-0.6125,1.4656,65.0,0.0,0.0,-8.0,-8.0,18.0,0.0,0.0,0.0,0.0,0.0,0.0,,
2019/12/20,24.34,24.34,24.24,24.28,74.0,1815.0,-0.2465,0.4675,31.0,0.0,0.0,46.0,46.0,18.0,0.0,0.0,0.0,0.0,0.0,0.0,,
2019/12/23,24.21,24.25,24.21,24.25,350.0,8505.0,-0.1236,2.211,32.0,0.0,0.0,13.0,13.0,18.0,0.0,0.0,0.0,0.0,0.0,0.0,,
2019/12/24,24.26,24.27,24.2,24.2,186.0,4513.0,-0.2062,1.175,32.0,0.0,0.0,15.0,15.0,18.0,0.0,0.0,0.0,0.0,0.0,0.0,,
2019/12/25,24.2,24.28,24.19,24.27,224.0,5430.0,0.2893,1.415,34.0,0.0,0.0,12.0,12.0,12.0,0.0,6.0,0.0,0.0,0.0,0.0,,
2019/12/26,24.28,24.28,24.25,24.25,170.0,4125.0,-0.0824,1.0739,20.0,0.0,0.0,-2.0,-2.0,12.0,0.0,0.0,0.0,0.0,0.0,0.0,,
2019/12/27,24.3,24.45,24.3,24.42,221.0,5406.0,0.701,1.3961,40.0,0.0,0.0,58.0,58.0,12.0,0.0,0.0,0.0,0.0,0.0,0.0,,
2019/12/30,24.44,24.46,24.32,24.33,194.0,4740.0,-0.3686,1.2255,41.0,0.0,0.0,-7.0,-7.0,12.0,0.0,0.0,0.0,0.0,0.0,0.0,,
2019/12/31,24.35,24.35,24.23,24.23,212.0,5150.0,-0.411,1.3392,35.0,0.0,0.0,18.0,18.0,12.0,0.0,0.0,0.0,0.0,0.0,0.0,,
2020/01/02,24.24,24.37,24.24,24.37,192.0,4679.0,0.5778,1.2129,30.0,0.0,0.0,17.0,17.0,12.0,0.0,0.0,0.0,0.0,0.0,,,
2020/01/03,24.46,24.53,24.2,24.28,211.0,5127.0,-0.3693,1.3329,46.0,0.0,0.0,14.0,14.0,14.0,2.0,0.0,0.0,0.0,0.0,,,
2020/01/06,24.28,24.28,24.03,24.03,268.0,6452.0,-1.0297,1.693,75.0,0.0,0.0,0.0,0.0,14.0,0.0,0.0,0.0,0.0,0.0,,,
2020/01/07,24.13,24.13,23.79,23.91,204.0,4871.0,-0.4994,1.2887,58.0,0.0,0.0,-21.0,-21.0,13.0,0.0,1.0,0.0,0.0,0.0,,,
2020/01/08,23.78,23.94,23.72,23.89,223.0,5331.0,-0.0836,1.4087,45.0,0.0,0.0,-23.0,-23.0,13.0,0.0,0.0,0.0,0.0,0.0,,,
2020/01/09,23.87,24.1,23.87,24.06,182.0,4399.0,0.7116,1.1497,30.0,0.0,0.0,15.0,15.0,13.0,0.0,0.0,0.0,0.0,0.0,,,
2020/01/10,24.13,24.2,24.08,24.11,224.0,5404.0,0.2078,1.415,29.0,0.0,0.0,46.0,46.0,13.0,0.0,0.0,0.0,0.0,0.0,,,
2020/01/13,24.21,24.32,24.21,24.31,260.0,6325.0,0.8295,1.6425,37.0,0.0,0.0,-79.0,-79.0,13.0,0.0,0.0,0.0,0.0,0.0,,,
2020/01/14,24.2,24.45,24.2,24.4,245.0,5969.0,0.3702,1.5477,53.0,0.0,0.0,74.0,74.0,13.0,0.0,0.0,0.0,0.0,0.0,,,
2020/01/15,24.4,24.4,24.2,24.2,193.0,4683.0,-0.8197,1.259,38.0,0.0,0.0,-35.0,-35.0,13.0,0.0,0.0,0.0,0.0,0.0,,,
2020/01/16,24.2,24.2,24.13,24.16,173.0,4196.0,-0.1653,1.1285,22.0,0.0,0.0,4.0,4.0,13.0,0.0,0.0,0.0,0.0,0.0,,,
2020/01/17,24.22,24.24,24.19,24.2,189.0,4572.0,0.1656,1.2329,22.0,0.0,0.0,20.0,20.0,13.0,0.0,0.0,0.0,0.0,0.0,,,
2020/01/20,24.3,24.35,24.24,24.24,216.0,5268.0,0.1653,1.409,36.0,0.0,0.0,-7.0,-7.0,13.0,0.0,0.0,0.0,0.0,0.0,,,
2020/01/30,23.85,23.85,23.06,23.06,196.0,4599.0,-4.868,1.2785,146.0,0.0,0.0,-107.0,-107.0,13.0,0.0,0.0,0.0,0.0,0.0,,,
2020/01/31,23.24,23.3,23.17,23.24,375.0,8742.0,0.7806,2.4462,61.0,0.0,0.0,-12.0,-12.0,13.0,0.0,0.0,0.0,0.0,0.0,,,
2020/02/03,23.0,23.0,22.6,22.95,297.0,6789.0,-1.2478,1.9374,84.0,0.0,0.0,-36.0,-36.0,15.0,2.0,0.0,0.0,0.0,0.0,,,
2020/02/04,23.03,23.4,23.03,23.4,257.0,6001.0,1.9608,1.6765,33.0,0.0,0.0,-77.0,-77.0,14.0,0.0,1.0,0.0,0.0,0.0,,,
2020/02/05,23.37,23.41,23.28,23.34,210.0,4923.0,-0.2564,1.3699,49.0,0.0,0.0,-16.0,-16.0,14.0,0.0,0.0,0.0,0.0,0.0,,,
2020/02/06,23.57,23.66,23.55,23.66,198.0,4686.0,1.371,1.2508,37.0,0.0,0.0,13.0,13.0,16.0,2.0,0.0,0.0,0.0,0.0,,,
2020/02/07,23.66,23.66,23.36,23.36,187.0,4377.0,-1.268,1.1813,35.0,0.0,0.0,-15.0,-15.0,16.0,0.0,0.0,0.0,0.0,0.0,,,
2020/02/10,23.36,23.36,23.0,23.25,212.0,4934.0,-0.4709,1.3392,42.0,0.0,0.0,-32.0,-32.0,16.0,0.0,0.0,0.0,0.0,0.0,,,
2020/02/11,23.4,23.5,23.4,23.47,245.0,5773.0,0.9462,1.5477,29.0,0.0,0.0,-56.0,-56.0,16.0,0.0,0.0,0.0,0.0,0.0,,,
2020/02/12,23.6,23.75,23.6,23.74,47.0,1122.0,1.1504,0.2969,33.0,0.0,0.0,38.0,38.0,16.0,0.0,0.0,0.0,0.0,0.0,,,
2020/02/13,23.8,23.88,23.8,23.8,362.0,8627.0,0.2527,2.2868,42.0,0.0,0.0,28.0,28.0,16.0,0.0,0.0,0.0,0.0,0.0,,,
2020/02/14,23.9,23.9,23.8,23.82,175.0,4173.0,0.084,1.1055,25.0,0.0,0.0,-2.0,-2.0,16.0,0.0,0.0,0.0,0.0,0.0,,,
2020/02/17,23.8,23.8,23.68,23.68,210.0,4983.0,-0.5877,1.3266,44.0,0.0,0.0,20.0,20.0,16.0,0.0,0.0,0.0,0.0,0.0,,,
2020/02/18,23.83,23.83,23.47,23.47,235.0,5521.0,-0.8868,1.4845,67.0,0.0,0.0,-47.0,-47.0,16.0,0.0,0.0,0.0,0.0,0.0,,,
2020/02/19,23.47,23.69,23.47,23.69,212.0,5036.0,0.9374,1.3392,20.0,0.0,0.0,47.0,47.0,16.0,0.0,0.0,0.0,0.0,0.0,,,
2020/02/20,23.71,23.8,23.52,23.56,192.0,4527.0,-0.5488,1.2129,41.0,0.0,0.0,-14.0,-14.0,16.0,0.0,0.0,0.0,0.0,0.0,,,
2020/02/21,23.59,23.59,23.47,23.5,170.0,3995.0,-0.2547,1.0739,22.0,0.0,0.0,-11.0,-11.0,16.0,0.0,0.0,0.0,0.0,0.0,,,
2020/02/24,23.45,23.45,23.15,23.18,212.0,4925.0,-1.3617,1.3392,56.0,0.0,0.0,-61.0,-61.0,16.0,0.0,0.0,0.0,0.0,0.0,,,
2020/02/25,22.94,23.18,22.94,23.18,204.0,4729.0,0.0,1.2887,32.0,0.0,0.0,21.0,21.0,16.0,0.0,0.0,0.0,0.0,0.0,,,
2020/02/26,23.15,23.15,22.86,22.89,282.0,6469.0,-1.2511,1.7814,93.0,0.0,0.0,-122.0,-122.0,16.0,0.0,0.0,0.0,0.0,0.0,,,
2020/02/27,22.88,22.88,22.58,22.59,161.0,3654.0,-1.3106,1.0171,119.0,0.0,0.0,-103.0,-103.0,16.0,0.0,0.0,0.0,0.0,0.0,,,
2020/03/02,22.59,22.59,22.21,22.31,244.0,5464.0,-1.2395,1.5414,79.0,0.0,0.0,-83.0,-83.0,15.0,0.0,0.0,0.0,0.0,0.0,,,
2020/03/03,22.45,22.8,22.45,22.74,198.0,4499.0,1.9274,1.2508,33.0,0.0,0.0,-25.0,-25.0,15.0,0.0,0.0,0.0,0.0,0.0,,,
2020/03/04,22.7,22.75,22.6,22.73,189.0,4296.0,-0.044,1.1939,31.0,0.0,0.0,17.0,17.0,15.0,0.0,0.0,0.0,0.0,0.0,,,
2020/03/05,22.97,23.05,22.96,23.05,181.0,4169.0,1.4078,1.1434,25.0,0.0,0.0,25.0,25.0,15.0,0.0,0.0,0.0,0.0,0.0,,,
2020/03/06,23.05,23.05,22.65,22.7,212.0,4815.0,-1.5184,1.3392,35.0,0.0,0.0,-61.0,-61.0,16.0,1.0,0.0,0.0,0.0,0.0,,,
2020/03/09,22.31,22.4,21.95,22.0,384.0,8479.0,-3.0837,2.4258,141.0,0.0,0.0,-59.0,-59.0,22.0,6.0,0.0,0.0,0.0,0.0,,,
2020/03/10,21.71,22.03,21.7,22.03,234.0,5132.0,0.1364,1.4782,61.0,0.0,0.0,-31.0,-31.0,22.0,0.0,0.0,0.0,0.0,0.0,,,
2020/03/11,22.1,22.1,21.75,21.78,302.0,6654.0,-1.1348,1.8494,55.0,0.0,0.0,-149.0,-149.0,22.0,0.0,0.0,0.0,0.0,0.0,,,
2020/03/12,21.65,21.65,20.69,20.78,367.0,7688.0,-4.5914,2.2474,117.0,-3.0,0.0,-147.0,-150.0,20.0,0.0,0.0,0.0,0.0,0.0,,,
2020/03/13,19.81,20.45,19.32,20.3,216.0,4258.0,-2.3099,1.3227,133.0,5.0,0.0,-117.0,-112.0,22.0,2.0,0.0,0.0,0.0,0.0,,,
2020/03/16,20.3,20.3,19.45,19.46,302.0,5959.0,-4.1379,1.8494,110.0,-2.0,0.0,-106.0,-108.0,22.0,2.0,2.0,0.0,0.0,0.0,,,
2020/03/17,19.21,19.31,18.76,18.95,286.0,5443.0,-2.6208,1.7514,98.0,0.0,0.0,-44.0,-44.0,21.0,1.0,2.0,0.0,0.0,0.0,,,
2020/03/18,19.0,19.05,18.45,18.45,293.0,5504.0,-2.6385,1.7942,172.0,1.0,0.0,-225.0,-224.0,24.0,3.0,0.0,0.0,0.0,0.0,,,
2020/03/19,18.23,18.23,17.35,17.41,232.0,4095.0,-5.6369,1.3785,119.0,0.0,0.0,-29.0,-29.0,30.0,11.0,5.0,0.0,0.0,0.0,,,
2020/03/20,17.71,18.52,17.71,18.3,325.0,5950.0,5.112,1.9311,104.0,0.0,0.0,-14.0,-14.0,32.0,5.0,3.0,0.0,0.0,0.0,,,
2020/03/23,17.8,18.1,17.6,17.98,235.0,4223.0,-1.7486,1.3963,40.0,0.0,0.0,-6.0,-6.0,30.0,0.0,2.0,0.0,0.0,0.0,,,
2020/03/24,18.39,19.0,18.39,18.79,232.0,4365.0,4.505,1.3785,47.0,0.0,0.0,-9.0,-9.0,31.0,2.0,1.0,0.0,0.0,0.0,,,
2020/03/25,19.62,19.62,19.41,19.45,280.0,5454.0,3.5125,1.6637,69.0,0.0,0.0,3.0,3.0,19.0,0.0,12.0,0.0,0.0,0.0,,,
2020/03/26,19.6,19.7,19.38,19.67,227.0,4467.0,1.1311,1.3488,41.0,0.0,0.0,-2.0,-2.0,19.0,0.0,0.0,0.0,0.0,0.0,,,
2020/03/27,20.15,20.19,19.55,19.57,288.0,5698.0,-0.5084,1.7112,75.0,0.0,0.0,-34.0,-34.0,19.0,0.0,0.0,0.0,0.0,0.0,,,
2020/03/30,19.22,19.36,18.95,19.35,193.0,3731.0,-1.1242,1.1468,43.0,0.0,0.0,-10.0,-10.0,14.0,0.0,5.0,0.0,0.0,0.0,,,
2020/03/31,19.59,19.69,19.39,19.47,213.0,4156.0,0.6202,1.2656,35.0,0.0,0.0,-33.0,-33.0,16.0,2.0,0.0,0.0,0.0,0.0,,,
2020/04/01,19.4,19.56,19.35,19.36,208.0,4039.0,-0.565,1.2359,42.0,0.0,0.0,-32.0,-32.0,16.0,0.0,0.0,0.0,0.0,0.0,,,
2020/04/06,19.65,19.66,19.37,19.64,183.0,3585.0,1.4463,1.0873,23.0,0.0,0.0,-10.0,-10.0,16.0,0.0,0.0,0.0,0.0,0.0,,,
2020/04/07,19.96,20.1,19.94,19.97,227.0,4539.0,1.6802,1.3488,47.0,0.0,0.0,24.0,24.0,16.0,0.0,0.0,0.0,0.0,0.0,,,
2020/04/08,20.1,20.25,20.09,20.25,83.0,1673.0,1.4021,0.4932,54.0,0.0,0.0,23.0,23.0,16.0,0.0,0.0,0.0,0.0,0.0,,,
2020/04/09,20.29,20.41,20.2,20.35,351.0,7111.0,0.4938,2.0856,43.0,0.0,0.0,9.0,9.0,14.0,0.0,2.0,0.0,0.0,0.0,,,
2020/04/10,20.25,20.26,20.2,20.26,215.0,4353.0,-0.4423,1.2775,34.0,0.0,0.0,29.0,29.0,14.0,0.0,0.0,0.0,0.0,0.0,,,
2020/04/13,20.26,20.3,20.17,20.2,334.0,6759.0,-0.2962,1.9846,35.0,0.0,0.0,-168.0,-168.0,14.0,0.0,0.0,0.0,0.0,0.0,,,
2020/04/14,20.24,20.68,20.24,20.64,208.0,4294.0,2.1782,1.2359,38.0,0.0,0.0,17.0,17.0,13.0,1.0,2.0,0.0,0.0,0.0,,,
2020/04/15,20.68,20.91,20.68,20.91,223.0,4651.0,1.3081,1.325,46.0,0.0,0.0,35.0,35.0,11.0,0.0,2.0,0.0,0.0,0.0,,,
2020/04/16,20.68,20.77,20.58,20.7,197.0,4081.0,-1.0043,1.1705,33.0,0.0,0.0,-32.0,-32.0,11.0,0.0,0.0,0.0,0.0,0.0,,,
2020/04/17,21.1,21.35,21.08,21.13,249.0,5272.0,2.0773,1.4795,44.0,0.0,0.0,17.0,17.0,11.0,0.0,0.0,0.0,0.0,0.0,,,
2020/04/20,21.13,21.17,21.09,21.16,201.0,4250.0,0.142,1.1943,38.0,0.0,0.0,0.0,0.0,11.0,0.0,0.0,0.0,0.0,0.0,,,
2020/04/21,21.0,21.0,20.46,20.55,237.0,4901.0,-2.8828,1.4082,55.0,0.0,0.0,8.0,8.0,11.0,0.0,0.0,0.0,0.0,0.0,,,
2020/04/22,20.33,20.5,20.27,20.5,175.0,3565.0,-0.2433,1.0398,15.0,0.0,0.0,17.0,17.0,11.0,0.0,0.0,0.0,0.0,0.0,,,
2020/04/23,20.63,20.8,20.44,20.6,176.0,3621.0,0.4878,1.0458,18.0,0.0,0.0,1.0,1.0,11.0,0.0,0.0,0.0,0.0,0.0,,,
2020/04/24,20.55,20.62,20.55,20.6,155.0,3195.0,0.0,0.921,11.0,0.0,0.0,-1.0,-1.0,11.0,0.0,0.0,0.0,0.0,0.0,,,
2020/04/27,20.72,21.04,20.72,21.04,194.0,4074.0,2.1359,1.1527,32.0,0.0,0.0,31.0,31.0,11.0,0.0,0.0,0.0,0.0,0.0,,,
2020/04/28,21.08,21.12,21.0,21.1,193.0,4083.0,0.2852,1.1468,40.0,0.0,0.0,-15.0,-15.0,11.0,0.0,0.0,0.0,0.0,0.0,,,
2020/04/29,21.32,21.52,21.32,21.51,187.0,4028.0,1.9431,1.1111,29.0,0.0,0.0,29.0,29.0,11.0,0.0,0.0,0.0,0.0,0.0,,,
2020/04/30,21.8,22.1,21.8,22.1,211.0,4653.0,2.7429,1.2537,44.0,0.0,0.0,46.0,46.0,11.0,0.0,0.0,0.0,0.0,0.0,,,
2020/05/04,22.0,22.0,21.37,21.45,212.0,4550.0,-2.9412,1.2597,47.0,0.0,0.0,-31.0,-31.0,11.0,0.0,0.0,0.0,0.0,0.0,,,
2020/05/05,21.54,21.67,21.5,21.63,270.0,5844.0,0.8392,1.6043,26.0,0.0,0.0,11.0,11.0,11.0,0.0,0.0,0.0,0.0,0.0,,,
2020/05/06,21.46,21.63,21.43,21.45,229.0,4927.0,-0.8322,1.3607,24.0,0.0,0.0,7.0,7.0,6.0,0.0,5.0,0.0,0.0,0.0,,,
2020/05/07,21.65,21.75,21.58,21.65,190.0,4121.0,0.9324,1.1289,25.0,0.0,0.0,24.0,24.0,6.0,0.0,0.0,0.0,0.0,0.0,,,
2020/05/08,21.91,21.91,21.76,21.85,249.0,5454.0,0.9238,1.4795,48.0,0.0,0.0,18.0,18.0,6.0,0.0,0.0,0.0,0.0,0.0,,,
2020/05/11,22.02,22.1,21.98,22.03,422.0,9328.0,0.8238,2.5074,57.0,0.0,0.0,-34.0,-34.0,6.0,0.0,0.0,0.0,0.0,0.0,,,
2020/05/12,21.83,21.84,21.7,21.71,222.0,4834.0,-1.4526,1.3191,53.0,0.0,0.0,-59.0,-59.0,6.0,0.0,0.0,0.0,0.0,0.0,,,
2020/05/13,21.58,21.8,21.58,21.8,176.0,3831.0,0.4146,1.0458,24.0,0.0,0.0,-3.0,-3.0,6.0,0.0,0.0,0.0,0.0,0.0,,,
2020/05/14,21.71,21.71,21.52,21.53,221.0,4772.0,-1.2385,1.3131,42.0,0.0,0.0,-14.0,-14.0,6.0,0.0,0.0,0.0,0.0,0.0,,,
2020/05/15,21.63,21.63,21.4,21.59,234.0,5040.0,0.2787,1.3904,23.0,0.0,0.0,-4.0,-4.0,6.0,0.0,0.0,0.0,0.0,0.0,,,
2020/05/18,21.51,21.65,21.48,21.52,267.0,5758.0,-0.3242,1.5865,47.0,0.0,0.0,-11.0,-11.0,6.0,0.0,0.0,0.0,0.0,0.0,,,
2020/05/19,21.89,21.92,21.83,21.85,434.0,9505.0,1.5335,2.5787,43.0,0.0,0.0,36.0,36.0,6.0,0.0,0.0,0.0,0.0,0.0,,,
2020/05/20,21.95,22.0,21.9,21.9,182.0,3997.0,0.2288,1.0814,26.0,0.0,0.0,17.0,17.0,6.0,0.0,0.0,0.0,0.0,0.0,,,
2020/05/21,22.0,22.07,21.99,22.03,230.0,5073.0,0.5936,1.3666,34.0,0.0,0.0,26.0,26.0,6.0,0.0,0.0,0.0,0.0,0.0,,,
2020/05/22,21.88,21.88,21.59,21.59,368.0,8008.0,-1.9973,2.1866,81.0,0.0,0.0,-102.0,-102.0,6.0,0.0,0.0,0.0,0.0,0.0,,,
2020/05/25,21.64,21.68,21.4,21.68,59.0,1274.0,0.4169,0.3405,22.0,0.0,0.0,12.0,12.0,6.0,0.0,0.0,0.0,0.0,0.0,,,
2020/05/26,21.85,22.07,21.83,22.0,237.0,5220.0,1.476,1.3676,43.0,0.0,0.0,39.0,39.0,6.0,0.0,0.0,0.0,0.0,0.0,,,
2020/05/27,22.0,22.0,21.9,21.94,178.0,3907.0,-0.2727,1.0271,20.0,0.0,0.0,-14.0,-14.0,6.0,0.0,0.0,0.0,0.0,0.0,,,
2020/05/28,22.07,22.08,21.74,21.74,218.0,4755.0,-0.9116,1.2579,55.0,0.0,0.0,-45.0,-45.0,6.0,0.0,0.0,0.0,0.0,0.0,,,
2020/05/29,21.69,21.83,21.6,21.82,205.0,4472.0,0.368,1.1829,39.0,0.0,0.0,4.0,4.0,6.0,0.0,0.0,0.0,0.0,0.0,,,
2020/06/01,22.0,22.14,22.0,22.06,256.0,5663.0,1.0999,1.4772,46.0,-1.0,0.0,32.0,31.0,6.0,0.0,0.0,0.0,0.0,0.0,,,
2020/06/02,22.15,22.29,22.15,22.2,269.0,5975.0,0.6346,1.5522,37.0,0.0,0.0,14.0,14.0,6.0,0.0,0.0,0.0,0.0,0.0,,,
2020/06/03,22.39,22.67,22.39,22.67,276.0,6237.0,2.1171,1.5926,66.0,1.0,0.0,81.0,82.0,6.0,0.0,0.0,0.0,0.0,0.0,,,
2020/06/04,22.81,22.82,22.67,22.75,198.0,4506.0,0.3529,1.1425,35.0,0.0,0.0,25.0,25.0,6.0,0.0,0.0,0.0,0.0,0.0,,,
2020/06/05,22.83,22.88,22.79,22.87,277.0,6332.0,0.5275,1.5984,41.0,0.0,0.0,86.0,86.0,6.0,0.0,0.0,0.0,0.0,0.0,,,
2020/06/08,23.01,23.22,23.01,23.2,300.0,6960.0,1.4429,1.7311,74.0,0.0,0.0,105.0,105.0,6.0,0.0,0.0,0.0,0.0,0.0,,,
2020/06/09,23.3,23.3,23.12,23.29,205.0,4777.0,0.3879,1.1829,35.0,0.0,0.0,43.0,43.0,4.0,0.0,2.0,0.0,0.0,0.0,,,
2020/06/10,23.29,23.5,23.27,23.48,250.0,5862.0,0.8158,1.4426,56.0,0.0,0.0,61.0,61.0,4.0,0.0,0.0,0.0,0.0,0.0,,,
2020/06/11,23.52,23.55,23.11,23.12,283.0,6614.0,-1.5332,1.633,59.0,0.0,0.0,-57.0,-57.0,4.0,0.0,0.0,0.0,0.0,0.0,,,
2020/06/12,22.73,22.86,22.5,22.86,252.0,5749.0,-1.1246,1.4541,52.0,0.0,0.0,10.0,10.0,4.0,0.0,0.0,0.0,0.0,0.0,,,
2020/06/15,22.86,22.93,22.65,22.67,291.0,6629.0,-0.8311,1.6792,49.0,0.0,0.0,-35.0,-35.0,5.0,1.0,0.0,0.0,0.0,0.0,,,
2020/06/16,22.92,23.16,22.92,23.1,272.0,6269.0,1.8968,1.6162,37.0,0.0,0.0,48.0,48.0,5.0,0.0,0.0,0.0,0.0,0.0,,,
2020/06/17,23.1,23.18,23.08,23.13,539.0,12468.0,0.1299,3.2026,33.0,0.0,0.0,20.0,20.0,5.0,0.0,0.0,0.0,0.0,0.0,,,
2020/06/18,23.17,23.17,23.06,23.17,36.0,831.0,0.1729,0.2139,26.0,0.0,0.0,-9.0,-9.0,5.0,0.0,0.0,0.0,0.0,0.0,,,
2020/06/19,23.17,23.27,23.17,23.22,194.0,4515.0,0.2158,1.1527,30.0,0.0,0.0,19.0,19.0,5.0,0.0,0.0,0.0,0.0,0.0,,,
2020/06/22,23.25,23.4,23.25,23.32,213.0,4973.0,0.4307,1.2656,36.0,0.0,0.0,33.0,33.0,4.0,0.0,1.0,0.0,0.0,0.0,,,
2020/06/23,23.45,23.5,23.32,23.44,220.0,5153.0,0.5146,1.3072,33.0,0.0,0.0,24.0,24.0,4.0,0.0,0.0,0.0,0.0,0.0,,,
2020/06/24,23.5,23.6,23.49,23.53,267.0,6282.0,0.384,1.5865,48.0,0.0,0.0,76.0,76.0,4.0,0.0,0.0,0.0,0.0,0.0,,,
2020/06/29,23.44,23.44,23.24,23.25,238.0,5539.0,-1.19,1.4141,48.0,0.0,0.0,-58.0,-58.0,4.0,0.0,0.0,0.0,0.0,0.0,,,
2020/06/30,23.43,23.53,23.4,23.53,202.0,4749.0,1.2043,1.2002,31.0,0.0,0.0,1.0,1.0,4.0,0.0,0.0,0.0,0.0,0.0,,,
2020/07/01,23.6,23.8,23.6,23.7,373.0,8866.0,0.7225,2.2163,65.0,0.0,0.0,112.0,112.0,4.0,0.0,0.0,0.0,0.0,0.0,,,
2020/07/02,23.7,23.94,23.7,23.94,267.0,6385.0,1.0127,1.5865,64.0,0.0,0.0,26.0,26.0,5.0,1.0,0.0,0.0,0.0,0.0,,,
2020/07/03,24.05,24.24,24.02,24.24,257.0,6238.0,1.2531,1.527,85.0,1.0,0.0,62.0,63.0,4.0,0.0,1.0,0.0,0.0,0.0,,,
2020/07/06,24.27,24.62,24.27,24.62,415.0,10184.0,1.5677,2.4658,119.0,-1.0,0.0,168.0,167.0,4.0,0.0,0.0,0.0,0.0,0.0,,,
2020/07/07,24.74,24.91,24.55,24.7,381.0,9426.0,0.3249,2.2638,111.0,0.0,0.0,119.0,119.0,4.0,0.0,0.0,0.0,0.0,0.0,,,
2020/07/08,24.7,24.96,24.7,24.93,284.0,7069.0,0.9312,1.6875,83.0,0.0,0.0,67.0,67.0,3.0,1.0,2.0,0.0,0.0,0.0,,,
2020/07/09,24.98,25.09,24.96,24.99,500.0,12533.0,0.2407,2.9709,94.0,0.0,0.0,59.0,59.0,3.0,0.0,0.0,0.0,0.0,0.0,,,
2020/07/10,24.84,24.84,24.62,24.64,429.0,10611.0,-1.4006,2.6271,76.0,0.0,0.0,-21.0,-21.0,3.0,0.0,0.0,0.0,0.0,0.0,,,
2020/07/13,24.68,24.9,24.68,24.85,363.0,9021.0,0.8523,2.2229,64.0,0.0,0.0,4.0,4.0,3.0,0.0,0.0,0.0,0.0,0.0,,,
2020/07/14,24.9,24.9,24.73,24.82,295.0,7333.0,-0.1207,1.8065,56.0,0.0,0.0,53.0,53.0,3.0,0.0,0.0,0.0,0.0,0.0,,,
2020/07/15,24.82,25.04,24.8,24.84,501.0,12498.0,0.0806,3.1649,86.0,0.0,0.0,149.0,149.0,6.0,3.0,0.0,0.0,0.0,0.0,,,
2020/07/16,24.92,24.92,24.68,24.74,470.0,11641.0,-0.4026,2.969,69.0,0.0,0.0,51.0,51.0,5.0,0.0,1.0,0.0,0.0,0.0,,,
2020/07/17,24.78,24.95,24.78,24.84,445.0,11080.0,0.4042,2.8111,78.0,0.0,0.0,80.0,80.0,5.0,0.0,0.0,0.0,0.0,0.0,,,
2020/07/20,24.85,24.85,24.7,24.84,311.0,7706.0,0.0,1.9646,57.0,0.0,0.0,29.0,29.0,5.0,0.0,0.0,0.0,0.0,0.0,,,
2020/07/21,24.9,25.34,24.9,25.25,732.0,18507.0,1.6506,4.6241,132.0,0.0,0.0,255.0,255.0,5.0,0.0,0.0,0.0,0.0,0.0,,,
2020/07/22,25.25,25.51,25.25,25.46,471.0,12001.0,0.8317,2.9754,83.0,0.0,0.0,57.0,57.0,3.0,1.0,3.0,0.0,0.0,0.0,,,
2020/07/23,25.45,25.45,25.2,25.36,219.0,5546.0,-0.3928,1.3834,38.0,0.0,0.0,18.0,18.0,2.0,0.0,1.0,0.0,0.0,0.0,,,
2020/07/24,25.35,25.52,25.15,25.17,627.0,15872.0,-0.7492,3.9608,67.0,0.0,0.0,67.0,67.0,2.0,0.0,0.0,0.0,0.0,0.0,,,
2020/07/27,25.58,25.89,25.58,25.81,391.0,10094.0,2.5427,2.5506,117.0,0.0,0.0,38.0,38.0,2.0,0.0,0.0,0.0,0.0,0.0,,,
2020/07/28,26.13,26.56,25.59,25.68,788.0,20537.0,-0.5037,5.1402,147.0,0.0,0.0,12.0,12.0,3.0,1.0,0.0,0.0,0.0,0.0,,,
2020/07/29,25.51,25.83,25.51,25.56,536.0,13766.0,-0.4673,3.4964,75.0,0.0,0.0,37.0,37.0,2.0,0.0,1.0,0.0,0.0,0.0,,,
2020/07/30,25.79,26.0,25.7,25.85,557.0,14383.0,1.1346,3.6334,66.0,0.0,0.0,31.0,31.0,2.0,0.0,0.0,0.0,0.0,0.0,,,
2020/07/31,25.78,25.97,25.78,25.97,369.0,9560.0,0.4642,2.407,50.0,0.0,0.0,3.0,3.0,2.0,0.0,0.0,0.0,0.0,0.0,,,
2020/08/03,25.92,25.92,25.55,25.55,495.0,12705.0,-1.6173,3.229,79.0,0.0,0.0,-69.0,-69.0,3.0,1.0,0.0,0.0,0.0,0.0,,,
2020/08/04,25.82,25.87,25.62,25.87,1188.0,30570.0,1.2524,7.7495,81.0,0.0,0.0,837.0,837.0,3.0,0.0,0.0,0.0,0.0,0.0,,,
2020/08/05,25.93,26.2,25.93,26.0,517.0,13474.0,0.5025,3.4862,74.0,1.0,0.0,33.0,34.0,3.0,0.0,0.0,0.0,0.0,0.0,,,
2020/08/06,26.31,26.46,26.23,26.27,299.0,7877.0,1.0385,2.0162,72.0,-1.0,0.0,16.0,15.0,3.0,0.0,0.0,0.0,0.0,0.0,,,
2020/08/07,26.37,26.37,26.05,26.06,398.0,10398.0,-0.7994,2.6837,63.0,0.0,0.0,-68.0,-68.0,5.0,3.0,1.0,0.0,0.0,0.0,,,
2020/08/10,26.06,26.26,26.01,26.24,380.0,9986.0,0.6907,2.5624,64.0,1.0,0.0,-27.0,-26.0,5.0,0.0,0.0,0.0,0.0,0.0,,,
2020/08/11,26.23,26.3,26.13,26.13,422.0,11068.0,-0.4192,2.8456,49.0,-1.0,0.0,-41.0,-42.0,5.0,0.0,0.0,0.0,0.0,0.0,,,
2020/08/12,26.05,26.05,25.77,25.82,363.0,9390.0,-1.1864,2.4477,71.0,0.0,0.0,-37.0,-37.0,5.0,0.0,0.0,0.0,0.0,0.0,,,
2020/08/13,26.06,26.12,25.94,26.01,384.0,9993.0,0.7359,2.5893,41.0,0.0,0.0,-8.0,-8.0,5.0,0.0,0.0,0.0,0.0,0.0,,,
2020/08/14,25.91,25.99,25.89,25.99,514.0,13333.0,-0.0769,3.4659,39.0,0.0,0.0,-4.0,-4.0,5.0,0.0,0.0,0.0,0.0,0.0,,,
2020/08/17,25.99,26.22,25.99,26.21,504.0,13193.0,0.8465,3.3985,46.0,0.0,0.0,18.0,18.0,5.0,0.0,0.0,0.0,0.0,0.0,,,
2020/08/18,26.14,26.14,25.86,25.96,696.0,18076.0,-0.9538,4.6932,88.0,0.0,0.0,-98.0,-98.0,5.0,0.0,0.0,0.0,0.0,0.0,,,
2020/08/19,25.95,26.01,25.75,25.8,481.0,12430.0,-0.6163,3.1376,67.0,0.0,0.0,-5.0,-5.0,5.0,0.0,0.0,0.0,0.0,0.0,,,
2020/08/20,25.6,25.7,24.53,24.9,862.0,21454.0,-3.4884,5.623,187.0,3.0,0.0,-121.0,-118.0,6.0,1.0,0.0,0.0,0.0,0.0,,,
2020/08/21,25.27,25.4,25.16,25.35,604.0,15322.0,1.8072,3.94,44.0,-3.0,0.0,-68.0,-71.0,6.0,0.0,0.0,0.0,0.0,0.0,,,
2020/08/24,25.35,25.49,25.25,25.4,528.0,13431.0,0.1972,3.4442,184.0,0.0,0.0,-17.0,-17.0,7.0,1.0,0.0,0.0,0.0,0.0,,,
2020/08/25,25.49,25.68,25.48,25.56,819.0,20951.0,0.6299,5.3425,60.0,0.0,0.0,17.0,17.0,6.0,0.0,1.0,0.0,0.0,0.0,,,
2020/08/26,25.56,25.59,25.44,25.59,485.0,12387.0,0.1174,3.0638,32.0,0.0,0.0,-16.0,-16.0,6.0,0.0,0.0,0.0,0.0,0.0,,,
2020/08/27,25.71,25.8,25.44,25.48,263.0,6717.0,-0.4299,1.6614,66.0,0.0,0.0,6.0,6.0,5.0,0.0,1.0,0.0,0.0,0.0,,,
2020/08/28,25.4,25.46,25.26,25.27,237.0,6003.0,-0.8242,1.4972,52.0,-14.0,0.0,-15.0,-29.0,3.0,0.0,2.0,0.0,0.0,0.0,,,
2020/08/31,25.5,25.53,25.0,25.0,557.0,14147.0,-1.0685,3.4109,90.0,14.0,0.0,-15.0,-1.0,3.0,0.0,0.0,0.0,0.0,0.0,,,
2020/09/01,25.0,25.2,24.89,25.2,247.0,6223.0,0.8,1.6112,62.0,-34.0,0.0,54.0,20.0,3.0,0.0,0.0,0.0,0.0,0.0,,,
2020/09/02,25.41,25.45,25.15,25.24,262.0,6607.0,0.1587,1.7091,38.0,34.0,0.0,10.0,44.0,3.0,0.0,0.0,0.0,0.0,0.0,,,
2020/09/03,25.5,25.55,25.34,25.36,195.0,4963.0,0.4754,1.3149,34.0,0.0,0.0,1.0,1.0,4.0,1.0,0.0,0.0,0.0,0.0,,,
2020/09/04,25.14,25.17,25.02,25.15,222.0,5579.0,-0.8281,1.497,49.0,-8.0,0.0,-34.0,-42.0,4.0,0.0,0.0,0.0,0.0,0.0,,,
2020/09/07,25.24,25.24,25.05,25.05,262.0,6576.0,-0.3976,1.7667,40.0,0.0,0.0,-24.0,-24.0,4.0,0.0,0.0,0.0,0.0,0.0,,,
2020/09/08,25.13,25.28,25.13,25.25,247.0,6238.0,0.7984,1.6112,54.0,8.0,0.0,40.0,48.0,4.0,0.0,0.0,0.0,0.0,0.0,,,
2020/09/09,24.9,25.05,24.85,25.05,255.0,6387.0,-0.7921,1.6634,54.0,21.0,0.0,-38.0,-17.0,4.0,0.0,0.0,0.0,0.0,0.0,,,
2020/09/10,25.13,25.2,25.1,25.18,201.0,5055.0,0.519,1.3112,22.0,-21.0,0.0,43.0,22.0,4.0,0.0,0.0,0.0,0.0,0.0,,,
2020/09/11,25.19,25.25,25.14,25.25,180.0,4529.0,0.278,1.1742,29.0,0.0,0.0,20.0,20.0,4.0,0.0,0.0,0.0,0.0,0.0,,,
2020/09/14,25.29,25.5,25.29,25.5,64.0,1632.0,0.9901,0.4175,23.0,0.0,0.0,22.0,22.0,4.0,0.0,0.0,0.0,0.0,0.0,,,
2020/09/15,25.47,25.6,25.44,25.57,340.0,8707.0,0.2745,2.2179,32.0,0.0,0.0,-123.0,-123.0,5.0,1.0,0.0,0.0,0.0,0.0,,,
2020/09/16,25.81,25.88,25.76,25.8,248.0,6404.0,0.8995,1.6177,57.0,-6.0,0.0,54.0,48.0,7.0,2.0,0.0,0.0,0.0,0.0,,,
2020/09/17,25.71,25.74,25.52,25.52,345.0,8848.0,-1.0853,2.2505,50.0,0.0,0.0,122.0,122.0,9.0,2.0,0.0,0.0,0.0,0.0,,,
2020/09/18,25.53,25.7,25.53,25.66,226.0,5795.0,0.5486,1.4742,45.0,0.0,0.0,9.0,9.0,9.0,1.0,1.0,0.0,0.0,0.0,,,
2020/09/21,25.62,25.78,25.53,25.53,219.0,5614.0,-0.5066,1.4286,36.0,0.0,0.0,-21.0,-21.0,8.0,0.0,1.0,0.0,0.0,0.0,,,
2020/09/22,25.49,25.49,25.2,25.2,235.0,5939.0,-1.2926,1.5846,50.0,0.0,0.0,-51.0,-51.0,11.0,3.0,0.0,0.0,0.0,0.0,,,
2020/09/23,25.2,25.32,25.09,25.15,254.0,6386.0,-0.1984,1.7127,36.0,0.0,0.0,-41.0,-41.0,9.0,1.0,3.0,0.0,0.0,0.0,,,
2020/09/24,24.9,24.91,24.64,24.66,367.0,9089.0,-1.9483,2.4747,99.0,0.0,0.0,-120.0,-120.0,17.0,13.0,5.0,0.0,0.0,0.0,,,
2020/09/25,24.69,24.75,24.41,24.51,222.0,5443.0,-0.6083,1.497,62.0,0.0,0.0,-26.0,-26.0,14.0,4.0,7.0,0.0,0.0,0.0,,,
2020/09/28,24.64,24.82,24.58,24.82,237.0,5885.0,1.2648,1.5981,53.0,0.0,0.0,50.0,50.0,5.0,1.0,10.0,0.0,0.0,0.0,,,
2020/09/29,25.05,25.11,24.91,25.0,244.0,6098.0,0.7252,1.6453,40.0,0.0,0.0,19.0,19.0,5.0,1.0,1.0,0.0,0.0,0.0,,,
2020/09/30,25.05,25.18,25.02,25.09,184.0,4617.0,0.36,1.2407,37.0,0.0,0.0,29.0,29.0,5.0,0.0,0.0,0.0,0.0,0.0,,,
2020/10/05,25.21,25.22,25.0,25.0,182.0,4555.0,-0.3587,1.2272,23.0,0.0,0.0,8.0,8.0,5.0,0.0,0.0,0.0,0.0,0.0,,,
2020/10/06,25.17,25.33,25.17,25.29,244.0,6169.0,1.16,1.6453,29.0,0.0,0.0,86.0,86.0,5.0,1.0,1.0,0.0,0.0,0.0,,,
2020/10/07,25.3,25.54,25.27,25.5,200.0,5098.0,0.8304,1.3486,36.0,0.0,0.0,29.0,29.0,6.0,1.0,0.0,0.0,0.0,0.0,,,
2020/10/08,25.67,25.75,25.63,25.71,221.0,5691.0,0.8235,1.4902,64.0,0.0,0.0,16.0,16.0,4.0,0.0,2.0,0.0,0.0,0.0,,,
2020/10/12,25.89,26.06,25.89,25.96,252.0,6555.0,0.9724,1.6993,66.0,0.0,0.0,73.0,73.0,4.0,1.0,1.0,0.0,0.0,0.0,,,
2020/10/13,25.98,26.0,25.8,25.9,192.0,4972.0,-0.2311,1.2947,37.0,-12.0,0.0,17.0,5.0,5.0,1.0,0.0,0.0,0.0,0.0,,,
2020/10/14,25.9,25.9,25.77,25.77,173.0,4459.0,-0.5019,1.1666,19.0,0.0,0.0,-5.0,-5.0,7.0,2.0,0.0,0.0,0.0,0.0,,,
2020/10/15,25.7,25.7,25.55,25.62,162.0,4155.0,-0.5821,1.0924,14.0,0.0,0.0,3.0,3.0,8.0,1.0,0.0,0.0,0.0,0.0,,,
2020/10/16,25.65,25.76,25.52,25.52,191.0,4883.0,-0.3903,1.2879,25.0,12.0,0.0,-22.0,-10.0,6.0,0.0,2.0,0.0,0.0,0.0,,,
2020/10/19,25.54,25.76,25.54,25.74,182.0,4698.0,0.8621,1.2272,32.0,3.0,0.0,10.0,13.0,5.0,0.0,1.0,0.0,0.0,0.0,,,
2020/10/20,25.77,25.77,25.66,25.68,159.0,4093.0,-0.2331,1.0722,15.0,1.0,0.0,4.0,5.0,5.0,0.0,0.0,0.0,0.0,0.0,,,
2020/10/21,25.76,25.82,25.67,25.67,172.0,4437.0,-0.0389,1.1598,19.0,5.0,0.0,9.0,14.0,4.0,0.0,1.0,0.0,0.0,0.0,,,
2020/10/22,25.67,25.7,25.66,25.67,233.0,5983.0,0.0,1.5711,20.0,-9.0,0.0,24.0,15.0,4.0,0.0,0.0,0.0,0.0,0.0,,,
2020/10/23,25.79,25.84,25.7,25.7,173.0,4449.0,0.1169,1.1666,16.0,0.0,0.0,3.0,3.0,4.0,0.0,0.0,0.0,0.0,0.0,,,
2020/10/26,25.79,25.83,25.7,25.75,194.0,5000.0,0.1946,1.3082,32.0,0.0,0.0,14.0,14.0,3.0,0.0,1.0,0.0,0.0,0.0,,,
2020/10/27,25.64,25.71,25.64,25.71,163.0,4202.0,-0.1553,1.0991,18.0,0.0,0.0,7.0,7.0,3.0,0.0,0.0,0.0,0.0,0.0,,,
2020/10/28,25.65,25.67,25.5,25.5,170.0,4354.0,-0.8168,1.1463,25.0,-1.0,0.0,-16.0,-17.0,3.0,0.0,0.0,0.0,0.0,0.0,,,
2020/10/29,25.3,25.36,25.23,25.3,184.0,4654.0,-0.7843,1.2407,35.0,3.0,0.0,-5.0,-2.0,3.0,0.0,0.0,0.0,0.0,0.0,,,
2020/10/30,25.27,25.27,25.1,25.15,298.0,7530.0,-0.5929,2.0094,44.0,-2.0,0.0,-21.0,-23.0,3.0,0.0,0.0,0.0,0.0,0.0,,,
2020/11/02,25.15,25.15,24.99,25.1,190.0,4762.0,-0.1988,1.2812,36.0,0.0,0.0,-26.0,-26.0,3.0,0.0,0.0,0.0,0.0,0.0,,,
2020/11/03,25.3,25.51,25.3,25.47,181.0,4604.0,1.4741,1.2205,26.0,0.0,0.0,28.0,28.0,3.0,0.0,0.0,0.0,0.0,0.0,,,
2020/11/04,25.6,25.78,25.52,25.76,222.0,5715.0,1.1386,1.497,38.0,0.0,0.0,24.0,24.0,3.0,0.0,0.0,0.0,0.0,0.0,,,
2020/11/05,25.85,25.88,25.76,25.88,217.0,5610.0,0.4658,1.4633,41.0,0.0,0.0,54.0,54.0,3.0,0.0,0.0,0.0,0.0,0.0,,,
2020/11/06,26.0,26.02,25.9,26.0,226.0,5885.0,0.4637,1.5239,44.0,0.0,0.0,64.0,64.0,2.0,1.0,2.0,0.0,0.0,0.0,,,
2020/11/09,26.3,26.38,26.14,26.29,255.0,6688.0,1.1154,1.7195,70.0,0.0,0.0,57.0,57.0,2.0,0.0,0.0,0.0,0.0,0.0,,,
2020/11/10,26.28,26.35,26.17,26.31,266.0,7012.0,0.0761,1.7937,66.0,29.0,0.0,71.0,100.0,1.0,0.0,1.0,0.0,0.0,0.0,,,
2020/11/11,26.36,26.69,26.36,26.69,397.0,10572.0,1.4443,2.677,108.0,-29.0,0.0,242.0,213.0,1.0,0.0,0.0,0.0,0.0,0.0,,,
2020/11/12,26.8,26.8,26.63,26.65,214.0,5723.0,-0.1499,1.443,43.0,0.0,0.0,32.0,32.0,1.0,0.0,0.0,0.0,0.0,0.0,,,
2020/11/13,26.64,26.73,26.55,26.73,273.0,7298.0,0.3002,1.8409,45.0,0.0,0.0,79.0,79.0,1.0,0.0,0.0,0.0,0.0,0.0,,,
2020/11/16,26.93,27.25,26.93,27.25,520.0,14105.0,1.9454,3.5064,101.0,0.0,0.0,214.0,214.0,1.0,0.0,0.0,0.0,0.0,0.0,,,
2020/11/17,27.59,27.59,27.36,27.43,323.0,8882.0,0.6606,2.3355,63.0,0.0,0.0,143.0,143.0,1.0,0.0,0.0,0.0,0.0,0.0,,,
2020/11/18,27.46,27.78,27.46,27.78,229.0,6360.0,1.276,1.6558,65.0,0.0,0.0,53.0,53.0,1.0,0.0,0.0,0.0,0.0,0.0,,,
2020/11/19,27.78,27.85,27.72,27.72,362.0,10067.0,-0.216,2.6175,39.0,0.0,0.0,40.0,40.0,1.0,0.0,0.0,0.0,0.0,0.0,,,
2020/11/20,27.72,27.75,27.62,27.75,58.0,1631.0,0.1082,0.4194,42.0,0.0,0.0,16.0,16.0,2.0,1.0,0.0,0.0,0.0,0.0,,,
2020/11/23,28.0,28.03,27.9,27.98,107.0,3004.0,0.8288,0.7737,48.0,-13.0,0.0,-2.0,-15.0,2.0,0.0,0.0,0.0,0.0,0.0,,,
2020/11/24,28.05,28.05,27.82,27.85,389.0,10838.0,-0.4646,2.8127,40.0,13.0,0.0,-79.0,-66.0,3.0,1.0,0.0,0.0,0.0,0.0,,,
2020/11/25,27.9,27.92,27.6,27.6,274.0,7577.0,-0.8977,1.9812,91.0,0.0,0.0,-84.0,-84.0,4.0,1.0,0.0,0.0,0.0,0.0,,,
2020/11/26,27.71,27.8,27.65,27.8,246.0,6822.0,0.7246,1.7787,61.0,0.0,0.0,18.0,18.0,5.0,1.0,0.0,0.0,0.0,0.0,,,
2020/11/27,26.94,26.94,26.8,26.93,247.0,6661.0,-0.1079,1.786,85.0,0.0,0.0,-55.0,-55.0,4.0,0.0,1.0,0.0,0.0,0.0,,,
2020/11/30,26.93,26.97,26.46,26.46,313.0,8374.0,-1.7453,2.2632,130.0,0.0,0.0,-120.0,-120.0,4.0,0.0,0.0,0.0,0.0,0.0,,,
2020/12/01,26.67,26.8,26.67,26.8,141.0,3785.0,1.285,1.0195,31.0,0.0,0.0,16.0,16.0,4.0,0.0,0.0,0.0,0.0,0.0,,,
2020/12/02,26.9,27.01,26.86,26.98,122.0,3301.0,0.6716,0.8821,29.0,0.0,0.0,9.0,9.0,4.0,0.0,0.0,0.0,0.0,0.0,,,
2020/12/03,27.0,27.09,26.96,26.96,138.0,3741.0,-0.0741,0.9978,38.0,0.0,0.0,6.0,6.0,3.0,0.0,1.0,0.0,0.0,0.0,,,
2020/12/04,27.09,27.33,27.09,27.3,129.0,3524.0,1.2611,0.9328,61.0,0.0,0.0,45.0,45.0,1.0,0.0,2.0,0.0,0.0,0.0,,,
2020/12/07,27.43,27.5,27.28,27.47,220.0,6035.0,0.6227,1.5907,57.0,0.0,0.0,17.0,17.0,1.0,0.0,0.0,0.0,0.0,0.0,,,
2020/12/08,27.36,27.69,27.32,27.69,170.0,4705.0,0.8009,1.2292,66.0,0.0,0.0,5.0,5.0,1.0,0.0,0.0,0.0,0.0,0.0,,,
2020/12/09,27.67,27.81,27.66,27.74,133.0,3700.0,0.1806,0.9617,67.0,0.0,0.0,78.0,78.0,1.0,0.0,0.0,0.0,0.0,0.0,,,
2020/12/10,27.63,27.63,27.4,27.5,233.0,6411.0,-0.8652,1.6847,51.0,0.0,0.0,63.0,63.0,1.0,0.0,0.0,0.0,0.0,0.0,,,
2020/12/11,27.54,27.64,27.3,27.53,185.0,5074.0,0.1091,1.3377,36.0,0.0,0.0,21.0,21.0,1.0,0.0,0.0,0.0,0.0,0.0,,,
2020/12/14,27.49,27.53,27.4,27.4,132.0,3633.0,-0.4722,0.9544,36.0,0.0,0.0,16.0,16.0,1.0,0.0,0.0,0.0,0.0,0.0,,,
2020/12/15,27.4,27.4,27.11,27.14,120.0,3258.0,-0.9489,0.8677,39.0,0.0,0.0,-4.0,-4.0,1.0,0.0,0.0,0.0,0.0,0.0,,,
2020/12/16,27.35,27.6,27.35,27.59,160.0,4413.0,1.6581,1.1569,40.0,0.0,0.0,47.0,47.0,1.0,0.0,0.0,0.0,0.0,0.0,,,
2020/12/17,27.52,27.64,27.47,27.57,132.0,3652.0,-0.0725,0.9902,25.0,0.0,0.0,-3.0,-3.0,1.0,0.0,0.0,0.0,0.0,0.0,,,
2020/12/18,27.51,27.62,27.47,27.5,123.0,3394.0,-0.2539,0.9227,34.0,1.0,0.0,-9.0,-8.0,1.0,0.0,0.0,0.0,0.0,0.0,,,
2020/12/21,27.5,27.78,27.43,27.76,95.0,2628.0,0.9455,0.7127,43.0,-1.0,0.0,9.0,8.0,1.0,0.0,0.0,0.0,0.0,0.0,,,
2020/12/22,27.76,27.79,27.43,27.43,229.0,6331.0,-1.1888,1.7179,34.0,0.0,0.0,8.0,8.0,1.0,0.0,0.0,0.0,0.0,0.0,,,
2020/12/23,27.43,27.51,27.32,27.51,150.0,4133.0,0.2917,1.1253,58.0,0.0,0.0,0.0,0.0,1.0,0.0,0.0,0.0,0.0,0.0,,,
2020/12/24,27.6,27.63,27.55,27.55,140.0,3868.0,0.1454,1.0503,32.0,0.0,0.0,2.0,2.0,1.0,0.0,0.0,0.0,0.0,0.0,,,
2020/12/25,27.72,27.77,27.6,27.64,43.0,1195.0,0.3267,0.3226,24.0,0.0,0.0,3.0,3.0,7.0,6.0,0.0,0.0,0.0,0.0,,,
2020/12/28,27.7,27.94,27.69,27.91,271.0,7562.0,0.9768,2.033,83.0,0.0,0.0,45.0,45.0,2.0,1.0,6.0,0.0,0.0,0.0,,,
2020/12/29,28.0,28.04,27.91,27.98,108.0,3031.0,0.2508,0.8102,70.0,0.0,0.0,-81.0,-81.0,2.0,0.0,0.0,0.0,0.0,0.0,,,
2020/12/30,28.02,28.45,28.02,28.45,230.0,6487.0,1.6798,1.7254,61.0,0.0,0.0,35.0,35.0,2.0,0.0,0.0,0.0,0.0,0.0,,,
2020/12/31,28.5,28.56,28.42,28.55,189.0,5402.0,0.3515,1.4179,77.0,0.0,0.0,14.0,14.0,3.0,1.0,0.0,0.0,0.0,0.0,,,
2021/01/04,28.55,28.96,28.5,28.86,104.0,2986.0,1.0858,0.7802,75.0,0.0,0.0,0.0,0.0,3.0,0.0,0.0,0.0,0.0,0.0,,,
2021/01/05,28.9,28.93,28.73,28.86,138.0,3989.0,0.0,1.0353,67.0,0.0,0.0,-5.0,-5.0,3.0,0.0,0.0,0.0,0.0,0.0,,,
2021/01/06,29.01,29.29,28.75,29.0,171.0,4976.0,0.4851,1.2828,91.0,0.0,0.0,35.0,35.0,3.0,0.0,0.0,0.0,0.0,0.0,,,
2021/01/07,29.2,29.6,29.12,29.6,129.0,3809.0,2.069,0.9677,100.0,0.0,0.0,108.0,108.0,3.0,0.0,0.0,0.0,0.0,0.0,,,
2021/01/08,29.86,30.05,29.7,30.05,355.0,10658.0,1.5203,2.6632,125.0,0.0,0.0,-15.0,-15.0,3.0,0.0,0.0,0.0,0.0,0.0,,,
2021/01/11,30.05,30.2,29.98,30.2,274.0,8244.0,0.4992,2.0555,99.0,-1.0,0.0,108.0,107.0,3.0,0.0,0.0,0.0,0.0,0.0,,,
2021/01/12,30.22,30.38,30.16,30.2,77.0,2347.0,0.0,0.5776,60.0,0.0,0.0,29.0,29.0,3.0,0.0,0.0,0.0,0.0,0.0,,,
2021/01/13,30.39,30.75,30.36,30.74,199.0,6097.0,1.7881,1.4929,60.0,1.0,0.0,29.0,30.0,3.0,0.0,0.0,0.0,0.0,0.0,,,
2021/01/14,30.61,30.61,30.42,30.49,256.0,7829.0,-0.8133,1.9205,69.0,0.0,0.0,-18.0,-18.0,3.0,0.0,0.0,0.0,0.0,0.0,,,
2021/01/15,30.89,31.12,30.4,30.4,258.0,7924.0,-0.2952,1.9355,82.0,0.0,0.0,-12.0,-12.0,3.0,0.0,0.0,0.0,0.0,0.0,,,
2021/01/18,30.35,30.35,29.75,30.19,207.0,6232.0,-0.6908,1.5529,59.0,0.0,0.0,22.0,22.0,3.0,0.0,0.0,0.0,0.0,0.0,,,
2021/01/19,30.5,30.83,30.49,30.83,204.0,6284.0,2.1199,1.5304,76.0,0.0,0.0,98.0,98.0,3.0,0.0,0.0,0.0,0.0,0.0,,,
2021/01/20,30.8,30.88,30.5,30.5,187.0,5754.0,-1.0704,1.4575,58.0,0.0,0.0,14.0,14.0,3.0,0.0,0.0,0.0,0.0,0.0,,,
2021/01/21,30.59,31.41,30.59,31.4,405.0,12650.0,2.9508,3.1567,87.0,0.0,0.0,98.0,98.0,3.0,0.0,0.0,0.0,0.0,0.0,,,
2021/01/22,31.09,31.16,30.88,30.91,171.0,5335.0,-1.5605,1.3328,76.0,0.0,0.0,-38.0,-38.0,5.0,2.0,0.0,0.0,0.0,0.0,,,
2021/01/25,30.9,30.9,30.55,30.84,191.0,5877.0,-0.2265,1.4887,47.0,0.0,0.0,38.0,38.0,5.0,0.0,0.0,0.0,0.0,0.0,,,
2021/01/26,30.84,30.84,30.14,30.24,258.0,7874.0,-1.9455,2.0109,60.0,0.0,0.0,68.0,68.0,5.0,0.0,0.0,0.0,0.0,0.0,,,
2021/01/27,30.25,30.52,30.2,30.4,388.0,11789.0,0.5291,3.0242,53.0,0.0,0.0,146.0,146.0,5.0,0.0,0.0,0.0,0.0,0.0,,,
2021/01/28,30.0,30.0,29.74,29.85,194.0,5815.0,-1.8092,1.5121,97.0,0.0,0.0,-24.0,-24.0,6.0,1.0,0.0,0.0,0.0,0.0,,,
2021/01/29,30.04,30.1,29.43,29.43,192.0,5729.0,-1.407,1.4965,76.0,0.0,0.0,-17.0,-17.0,6.0,0.0,0.0,0.0,0.0,0.0,,,
2021/02/01,29.34,29.91,29.34,29.9,168.0,5022.0,1.597,1.3094,56.0,0.0,0.0,47.0,47.0,6.0,0.0,0.0,0.0,0.0,0.0,,,
2021/02/02,30.43,30.72,30.42,30.64,201.0,6157.0,2.4749,1.5666,65.0,2.0,0.0,57.0,59.0,5.0,0.0,1.0,0.0,0.0,0.0,,,
2021/02/03,30.72,30.75,30.59,30.71,133.0,4085.0,0.2285,1.0366,40.0,-2.0,0.0,24.0,22.0,5.0,0.0,0.0,0.0,0.0,0.0,,,
2021/02/04,30.54,30.68,30.33,30.6,151.0,4631.0,-0.3582,1.1769,31.0,0.0,0.0,13.0,13.0,5.0,0.0,0.0,0.0,0.0,0.0,,,
2021/02/05,30.72,31.02,30.72,30.75,155.0,4772.0,0.4902,1.2571,48.0,1.0,0.0,13.0,14.0,5.0,0.0,0.0,0.0,0.0,0.0,,,
2021/02/17,31.6,31.92,31.58,31.8,219.0,6959.0,3.4146,1.7762,96.0,-1.0,0.0,103.0,102.0,5.0,0.0,0.0,0.0,0.0,0.0,,,
2021/02/18,31.86,32.1,31.86,31.92,172.0,5508.0,0.3774,1.395,56.0,0.0,0.0,17.0,17.0,5.0,0.0,0.0,0.0,0.0,0.0,,,
2021/02/19,31.92,31.92,31.54,31.74,145.0,4623.0,-0.5639,1.176,49.0,0.0,0.0,-16.0,-16.0,5.0,0.0,0.0,0.0,0.0,0.0,,,
2021/02/22,31.91,32.08,31.79,31.79,191.0,6118.0,0.1575,1.5491,29.0,0.0,0.0,-1.0,-1.0,5.0,0.0,0.0,0.0,0.0,0.0,,,
2021/02/23,31.53,31.97,31.53,31.97,119.0,3807.0,0.5662,0.9651,29.0,1.0,0.0,2.0,3.0,5.0,0.0,0.0,0.0,0.0,0.0,,,
2021/02/24,31.84,31.84,31.55,31.55,154.0,4873.0,-1.3137,1.249,46.0,1.0,0.0,-5.0,-4.0,5.0,0.0,0.0,0.0,0.0,0.0,,,
2021/02/25,31.81,31.89,31.68,31.81,138.0,4415.0,0.8241,1.1192,41.0,-1.0,0.0,-6.0,-7.0,5.0,0.0,0.0,0.0,0.0,0.0,,,
2021/02/26,31.28,31.28,30.8,30.93,338.0,10481.0,-2.7664,2.7413,108.0,0.0,0.0,-79.0,-79.0,6.0,1.0,0.0,0.0,0.0,0.0,,,
2021/03/02,31.23,31.39,30.95,30.95,184.0,5751.0,0.0647,1.4923,40.0,0.0,0.0,-7.0,-7.0,7.0,1.0,0.0,0.0,0.0,0.0,,,
2021/03/03,30.99,31.4,30.99,31.4,154.0,4846.0,1.454,1.249,39.0,0.0,0.0,9.0,9.0,6.0,1.0,2.0,0.0,0.0,0.0,,,
2021/03/04,31.2,31.2,30.63,30.8,297.0,9181.0,-1.9108,2.4088,79.0,3.0,0.0,-53.0,-50.0,6.0,1.0,1.0,0.0,0.0,0.0,,,
2021/03/05,30.39,30.63,30.19,30.56,133.0,4078.0,-0.7792,1.0787,39.0,-3.0,0.0,4.0,1.0,6.0,0.0,0.0,0.0,0.0,0.0,,,
2021/03/08,30.94,31.13,30.64,30.65,197.0,6078.0,0.2945,1.5977,58.0,0.0,0.0,27.0,27.0,5.0,0.0,1.0,0.0,0.0,0.0,,,
2021/03/09,30.55,30.65,30.36,30.65,163.0,5008.0,0.0,1.322,41.0,0.0,0.0,35.0,35.0,6.0,1.0,0.0,0.0,0.0,0.0,,,
2021/03/10,30.86,30.93,30.7,30.72,116.0,3570.0,0.2284,0.9408,16.0,0.0,0.0,5.0,5.0,5.0,1.0,2.0,0.0,0.0,0.0,,,
2021/03/11,30.81,31.47,30.81,31.39,206.0,6466.0,2.181,1.6707,43.0,28.0,0.0,21.0,49.0,4.0,0.0,1.0,0.0,0.0,0.0,,,
2021/03/12,31.6,31.6,31.39,31.41,189.0,5943.0,0.0637,1.5328,26.0,-28.0,0.0,50.0,22.0,4.0,0.0,0.0,0.0,0.0,0.0,,,
2021/03/15,31.41,31.5,31.4,31.4,127.0,4003.0,-0.0318,1.03,22.0,0.0,0.0,19.0,19.0,4.0,0.0,0.0,0.0,0.0,0.0,,,
2021/03/16,31.41,31.6,31.41,31.6,132.0,4167.0,0.6369,1.0706,26.0,0.0,0.0,27.0,27.0,4.0,0.0,0.0,0.0,0.0,0.0,,,
2021/03/17,31.44,31.47,31.32,31.32,128.0,4025.0,-0.8861,1.0381,37.0,0.0,0.0,-20.0,-20.0,4.0,0.0,0.0,0.0,0.0,0.0,,,
2021/03/18,31.55,31.7,31.43,31.5,180.0,5684.0,0.5747,1.4599,40.0,-15.0,0.0,16.0,1.0,4.0,0.0,0.0,0.0,0.0,0.0,,,
2021/03/19,31.17,31.17,30.85,30.92,184.0,5714.0,-1.8413,1.4923,62.0,-11.0,0.0,-12.0,-23.0,4.0,0.0,0.0,0.0,0.0,0.0,,,
2021/03/22,30.85,31.1,30.85,31.1,117.0,3647.0,0.5821,0.9489,14.0,0.0,0.0,15.0,15.0,4.0,0.0,0.0,0.0,0.0,0.0,,,
2021/03/23,31.1,31.24,31.01,31.05,109.0,3397.0,-0.1608,0.884,20.0,0.0,0.0,3.0,3.0,4.0,0.0,0.0,0.0,0.0,0.0,,,
2021/03/24,30.84,30.84,30.76,30.76,128.0,3945.0,-0.934,1.0381,22.0,0.0,0.0,-16.0,-16.0,4.0,0.0,0.0,0.0,0.0,0.0,,,
2021/03/25,30.76,31.1,30.76,31.1,40.0,1263.0,1.1053,0.3244,22.0,2.0,0.0,37.0,39.0,4.0,0.0,0.0,0.0,0.0,0.0,,,
2021/03/26,31.16,31.58,31.16,31.55,256.0,8095.0,1.4469,2.0762,54.0,1.0,0.0,47.0,48.0,4.0,0.0,0.0,0.0,0.0,0.0,,,
2021/03/29,31.71,31.86,31.71,31.82,36.0,1148.0,0.8558,0.292,45.0,1.0,0.0,13.0,14.0,4.0,0.0,0.0,0.0,0.0,0.0,,,
2021/03/30,31.8,31.97,31.73,31.91,252.0,8028.0,0.2828,2.0438,26.0,0.0,0.0,-13.0,-13.0,4.0,0.0,0.0,0.0,0.0,0.0,,,
2021/03/31,31.91,31.95,31.79,31.81,119.0,3796.0,-0.3134,0.9651,20.0,0.0,0.0,3.0,3.0,4.0,0.0,0.0,0.0,0.0,0.0,,,
2021/04/01,31.94,32.0,31.94,31.97,27.0,883.0,0.503,0.219,19.0,0.0,0.0,6.0,6.0,4.0,0.0,0.0,0.0,0.0,0.0,,,
2021/04/06,32.3,32.39,32.3,32.35,225.0,7293.0,1.1886,1.8248,53.0,20.0,0.0,8.0,28.0,3.0,0.0,1.0,0.0,0.0,0.0,,,
2021/04/07,32.33,32.34,32.27,32.34,117.0,3799.0,-0.0309,0.9489,40.0,0.0,0.0,11.0,11.0,3.0,0.0,0.0,0.0,0.0,0.0,,,
2021/04/08,32.21,32.53,32.21,32.49,166.0,5418.0,0.4638,1.3463,49.0,0.0,0.0,41.0,41.0,3.0,0.0,0.0,0.0,0.0,0.0,,,
2021/04/09,32.56,32.6,32.41,32.48,130.0,4225.0,-0.0308,1.0543,41.0,2.0,0.0,4.0,6.0,3.0,0.0,0.0,0.0,0.0,0.0,,,
2021/04/12,32.18,32.26,32.17,32.17,137.0,4439.0,-0.9544,1.1111,30.0,0.0,0.0,-3.0,-3.0,3.0,0.0,0.0,0.0,0.0,0.0,,,
2021/04/13,32.23,32.53,32.23,32.23,119.0,3866.0,0.1865,0.9651,30.0,0.0,0.0,2.0,2.0,3.0,0.0,0.0,0.0,0.0,0.0,,,
2021/04/14,32.35,32.35,32.05,32.27,209.0,6733.0,0.1241,1.6951,24.0,0.0,0.0,12.0,12.0,3.0,0.0,0.0,0.0,0.0,0.0,,,
2021/04/15,32.5,32.75,32.5,32.75,146.0,4768.0,1.4874,1.1841,37.0,0.0,0.0,36.0,36.0,2.0,0.0,1.0,0.0,0.0,0.0,,,
2021/04/16,32.64,32.73,32.64,32.66,125.0,4095.0,-0.2748,1.0138,32.0,0.0,0.0,-7.0,-7.0,2.0,0.0,0.0,0.0,0.0,0.0,,,
2021/04/19,32.75,32.93,32.75,32.91,243.0,7997.0,0.7655,1.9708,65.0,0.0,0.0,91.0,91.0,2.0,0.0,0.0,0.0,0.0,0.0,,,
2021/04/20,32.89,33.06,32.88,33.02,152.0,5033.0,0.3342,1.2328,27.0,0.0,0.0,43.0,43.0,2.0,0.0,0.0,0.0,0.0,0.0,,,
2021/04/21,32.98,32.98,32.68,32.71,143.0,4711.0,-0.9388,1.1598,31.0,0.0,0.0,20.0,20.0,2.0,0.0,0.0,0.0,0.0,0.0,,,
2021/04/22,32.94,32.94,32.61,32.71,56.0,1851.0,0.0,0.4542,42.0,6.0,0.0,38.0,44.0,2.0,0.0,0.0,0.0,0.0,0.0,,,
2021/04/23,32.65,33.0,32.56,33.0,285.0,9385.0,0.8866,2.3114,37.0,21.0,0.0,-1.0,20.0,2.0,0.0,0.0,0.0,0.0,0.0,,,
2021/04/26,33.32,33.49,33.21,33.39,191.0,6381.0,1.1818,1.5491,50.0,-4.0,0.0,-8.0,-12.0,2.0,0.0,0.0,0.0,0.0,0.0,,,
2021/04/27,33.41,33.55,33.39,33.45,37.0,1250.0,0.1797,0.3001,53.0,4.0,0.0,14.0,18.0,2.0,0.0,0.0,0.0,0.0,0.0,,,
2021/04/28,33.45,33.5,33.34,33.39,253.0,8461.0,-0.1794,2.0519,34.0,-23.0,0.0,37.0,14.0,2.0,0.0,0.0,0.0,0.0,0.0,,,
2021/04/29,33.84,33.95,33.71,33.79,151.0,5109.0,1.198,1.2247,42.0,1.0,0.0,-2.0,-1.0,2.0,0.0,0.0,0.0,0.0,0.0,,,
2021/05/03,33.83,33.83,33.13,33.13,86.0,2907.0,-1.9532,0.6975,48.0,31.0,0.0,-47.0,-16.0,2.0,0.0,0.0,0.0,0.0,0.0,,,
2021/05/04,32.95,33.1,32.46,32.77,304.0,9986.0,-1.0866,2.4655,59.0,-11.0,0.0,12.0,1.0,2.0,0.0,0.0,0.0,0.0,0.0,,,
2021/05/05,32.81,32.87,32.43,32.43,171.0,5588.0,-1.0375,1.3869,56.0,-1.0,0.0,-19.0,-20.0,2.0,0.0,0.0,0.0,0.0,0.0,,,
2021/05/06,32.47,32.84,32.43,32.75,160.0,5230.0,0.9867,1.2976,33.0,-4.0,0.0,22.0,18.0,2.0,0.0,0.0,0.0,0.0,0.0,,,
2021/05/07,33.0,33.13,32.92,33.12,174.0,5765.0,1.1298,1.4112,45.0,3.0,0.0,15.0,18.0,2.0,0.0,0.0,0.0,0.0,0.0,,,
2021/05/10,33.05,33.05,32.82,32.82,194.0,6411.0,-0.9058,1.5734,58.0,6.0,0.0,58.0,64.0,2.0,0.0,0.0,0.0,0.0,0.0,,,
2021/05/11,32.3,32.3,31.59,31.65,144.0,4620.0,-3.5649,1.1679,105.0,-23.0,0.0,-27.0,-50.0,2.0,0.0,0.0,0.0,0.0,0.0,,,
2021/05/12,31.59,31.64,29.03,30.42,159.0,4837.0,-3.8863,1.2895,84.0,-4.0,0.0,15.0,11.0,3.0,1.0,0.0,0.0,0.0,0.0,,,
2021/05/13,29.8,30.72,29.8,30.2,64.0,1946.0,-0.7232,0.5191,43.0,-9.0,0.0,19.0,10.0,2.0,0.0,1.0,0.0,0.0,0.0,,,
2021/05/14,30.52,30.84,30.47,30.6,267.0,8149.0,1.3245,2.1655,45.0,-7.0,0.0,28.0,21.0,2.0,0.0,0.0,0.0,0.0,0.0,,,
2021/05/17,30.01,30.46,29.7,30.13,86.0,2610.0,-1.5359,0.6975,63.0,3.0,0.0,31.0,34.0,4.0,2.0,0.0,0.0,0.0,0.0,,,
2021/05/18,30.41,31.47,30.41,31.47,111.0,3471.0,4.4474,0.9002,76.0,3.0,0.0,11.0,14.0,4.0,0.0,0.0,0.0,0.0,0.0,,,
2021/05/19,31.3,31.46,31.3,31.3,17.0,537.0,-0.5402,0.1379,18.0,-1.0,0.0,-1.0,-2.0,4.0,0.0,0.0,0.0,0.0,0.0,,,
2021/05/20,31.09,31.11,31.0,31.1,7.0,227.0,-0.639,0.0568,28.0,2.0,0.0,3.0,5.0,4.0,0.0,0.0,0.0,0.0,0.0,,,
2021/05/21,31.78,31.96,31.47,31.6,47.0,1486.0,1.6077,0.3812,22.0,3.0,0.0,28.0,31.0,2.0,0.0,2.0,0.0,0.0,0.0,,,
2021/05/24,31.36,31.62,31.36,31.53,20.0,637.0,-0.2215,0.1622,25.0,0.0,0.0,12.0,12.0,2.0,0.0,0.0,0.0,0.0,0.0,,,
2021/05/25,31.78,32.17,31.78,32.16,217.0,6975.0,1.9981,1.7599,31.0,0.0,0.0,13.0,13.0,2.0,0.0,0.0,0.0,0.0,0.0,,,
2021/05/26,32.2,32.2,31.99,32.06,208.0,6687.0,-0.3109,1.6869,38.0,1.0,0.0,-4.0,-3.0,2.0,0.0,0.0,0.0,0.0,0.0,,,
2021/05/27,31.78,31.94,31.61,31.94,211.0,6723.0,-0.3743,1.7113,74.0,-1.0,0.0,5.0,4.0,2.0,0.0,0.0,0.0,0.0,0.0,,,
2021/05/28,32.26,32.35,32.25,32.31,29.0,959.0,1.1584,0.2352,32.0,0.0,0.0,22.0,22.0,2.0,0.0,0.0,0.0,0.0,0.0,,,
2021/05/31,32.47,32.83,32.47,32.83,31.0,1039.0,1.6094,0.2514,47.0,3.0,0.0,26.0,29.0,2.0,0.0,0.0,0.0,0.0,0.0,,,
2021/06/01,32.91,32.91,32.7,32.7,222.0,7281.0,-0.396,1.8005,38.0,1.0,0.0,0.0,1.0,2.0,0.0,0.0,0.0,0.0,0.0,,,
2021/06/02,32.78,32.88,32.65,32.74,213.0,6961.0,0.1223,1.7275,25.0,0.0,0.0,13.0,13.0,2.0,0.0,0.0,0.0,0.0,0.0,,,
2021/06/03,32.9,32.93,32.71,32.71,243.0,7977.0,-0.0916,1.9708,32.0,2.0,0.0,37.0,39.0,2.0,0.0,0.0,0.0,0.0,0.0,,,
2021/06/04,32.53,32.63,32.5,32.63,106.0,3454.0,-0.2446,0.8597,22.0,-1.0,0.0,3.0,2.0,2.0,0.0,0.0,0.0,0.0,0.0,,,
2021/06/07,32.3,32.63,32.08,32.63,45.0,1462.0,0.0,0.365,29.0,26.0,0.0,-25.0,1.0,2.0,0.0,0.0,0.0,0.0,0.0,,,
2021/06/08,32.67,32.67,32.4,32.4,232.0,7555.0,-0.7049,1.8816,80.0,4.0,0.0,11.0,15.0,2.0,0.0,0.0,0.0,0.0,0.0,,,
2021/06/09,32.21,32.23,32.21,32.21,103.0,3349.0,-0.5864,0.8354,19.0,0.0,0.0,0.0,0.0,2.0,0.0,0.0,0.0,0.0,0.0,,,
2021/06/10,32.63,32.71,32.62,32.7,133.0,4359.0,1.5213,1.0787,34.0,1.0,0.0,22.0,23.0,2.0,0.0,0.0,0.0,0.0,0.0,,,
2021/06/11,32.79,32.79,32.7,32.75,117.0,3832.0,0.1529,0.9489,15.0,-1.0,0.0,13.0,12.0,2.0,0.0,0.0,0.0,0.0,0.0,,,
2021/06/15,32.82,32.87,32.82,32.87,27.0,906.0,0.3664,0.219,23.0,8.0,0.0,19.0,27.0,2.0,0.0,0.0,0.0,0.0,0.0,,,
2021/06/16,32.84,32.87,32.78,32.87,7.0,231.0,0.0,0.0592,8.0,3.0,0.0,-1.0,2.0,2.0,0.0,0.0,0.0,0.0,0.0,,,
2021/06/17,32.68,32.68,32.6,32.67,3.0,107.0,-0.6085,0.0254,50.0,1.0,0.0,0.0,1.0,2.0,0.0,0.0,0.0,0.0,0.0,,,
2021/06/18,32.76,32.76,32.63,32.63,11.0,362.0,-0.1224,0.093,16.0,0.0,0.0,-9.0,-9.0,2.0,0.0,0.0,0.0,0.0,0.0,,,
2021/06/21,32.18,32.18,31.91,31.91,47.0,1516.0,-2.2066,0.3973,45.0,-26.0,0.0,6.0,-20.0,2.0,0.0,0.0,0.0,0.0,0.0,,,
2021/06/22,31.93,31.93,31.83,31.9,43.0,1377.0,-0.0313,0.3635,23.0,0.0,0.0,31.0,31.0,2.0,0.0,0.0,0.0,0.0,0.0,,,
2021/06/23,31.9,32.49,31.9,32.49,321.0,10373.0,1.8495,2.7134,41.0,6.0,0.0,15.0,21.0,2.0,0.0,0.0,0.0,0.0,0.0,,,
2021/06/24,32.36,32.42,32.36,32.4,203.0,6601.0,-0.277,1.716,16.0,0.0,0.0,1.0,1.0,2.0,0.0,0.0,0.0,0.0,0.0,,,
2021/06/25,32.67,32.73,32.6,32.62,223.0,7274.0,0.679,1.885,37.0,7.0,0.0,14.0,21.0,2.0,0.0,0.0,0.0,0.0,0.0,,,
2021/06/28,32.5,32.61,32.48,32.52,236.0,7684.0,-0.3066,1.9949,34.0,22.0,0.0,-30.0,-8.0,2.0,0.0,0.0,0.0,0.0,0.0,,,
2021/06/29,32.62,32.79,32.62,32.7,226.0,7420.0,0.5535,1.9104,74.0,1.0,0.0,20.0,21.0,2.0,0.0,0.0,0.0,0.0,0.0,,,
2021/06/30,32.84,32.98,32.84,32.87,126.0,4163.0,0.5199,1.0651,26.0,-2.0,0.0,15.0,13.0,2.0,0.0,0.0,0.0,0.0,0.0,,,
2021/07/01,32.86,32.87,32.78,32.78,102.0,3346.0,-0.2738,0.8622,7.0,0.0,0.0,0.0,0.0,2.0,0.0,0.0,0.0,0.0,0.0,,,
2021/07/02,32.73,32.73,32.73,32.73,100.0,3274.0,-0.1525,0.8453,6.0,0.0,0.0,0.0,0.0,2.0,0.0,0.0,0.0,0.0,0.0,,,
2021/07/05,32.8,33.13,32.8,33.02,28.0,949.0,0.886,0.2367,24.0,0.0,0.0,23.0,23.0,2.0,0.0,0.0,0.0,0.0,0.0,,,
2021/07/06,33.11,33.11,33.0,33.0,223.0,7387.0,-0.0606,1.885,30.0,-1.0,0.0,12.0,11.0,2.0,0.0,0.0,0.0,0.0,0.0,,,
2021/07/07,32.93,33.0,32.93,32.95,109.0,3608.0,-0.1515,0.9214,60.0,-1.0,0.0,4.0,3.0,3.0,1.0,0.0,0.0,0.0,0.0,,,
2021/07/08,33.2,33.2,32.85,32.92,118.0,3902.0,-0.091,0.9975,33.0,-2.0,0.0,-5.0,-7.0,4.0,1.0,0.0,0.0,0.0,0.0,,,
2021/07/09,32.5,32.6,32.5,32.6,111.0,3641.0,-0.9721,0.9383,17.0,-1.0,0.0,-2.0,-3.0,4.0,0.0,0.0,0.0,0.0,0.0,,,
2021/07/12,33.06,33.22,33.01,33.1,132.0,4387.0,1.5337,1.1158,35.0,0.0,0.0,32.0,32.0,2.0,0.0,2.0,0.0,0.0,0.0,,,
2021/07/13,33.1,33.35,33.1,33.33,173.0,5792.0,0.6949,1.4624,30.0,-1.0,0.0,34.0,33.0,2.0,0.0,0.0,0.0,0.0,0.0,,,
2021/07/14,33.35,33.52,33.35,33.43,11.0,370.0,0.3,0.093,10.0,0.0,0.0,11.0,11.0,2.0,0.0,0.0,0.0,0.0,0.0,,,
2021/07/15,33.55,33.65,33.55,33.61,235.0,7914.0,0.5384,1.9865,56.0,0.0,0.0,22.0,22.0,2.0,0.0,0.0,0.0,0.0,0.0,,,
2021/07/16,33.39,33.47,33.28,33.47,33.0,1119.0,-0.4165,0.279,16.0,-3.0,0.0,-6.0,-9.0,2.0,0.0,0.0,0.0,0.0,0.0,,,
2021/07/19,33.03,33.17,32.95,33.17,213.0,7064.0,-0.8963,1.8005,67.0,0.0,0.0,-6.0,-6.0,2.0,0.0,0.0,0.0,0.0,0.0,,,
2021/07/20,33.05,33.05,32.81,32.84,124.0,4079.0,-0.9949,1.0482,25.0,0.0,0.0,-15.0,-15.0,2.0,0.0,0.0,0.0,0.0,0.0,,,
2021/07/21,33.01,33.01,32.85,32.95,140.0,4627.0,0.335,1.1834,18.0,-25.0,0.0,36.0,11.0,2.0,0.0,0.0,0.0,0.0,0.0,,,
2021/07/22,33.41,33.41,33.25,33.25,103.0,3452.0,0.9105,0.8707,22.0,0.0,0.0,0.0,0.0,2.0,0.0,0.0,0.0,0.0,0.0,,,
2021/07/23,33.32,33.36,33.21,33.21,117.0,3906.0,-0.1203,0.989,12.0,1.0,0.0,14.0,15.0,2.0,0.0,0.0,0.0,0.0,0.0,,,
2021/07/26,33.39,33.39,32.6,32.84,560.0,18427.0,-1.1141,4.7337,56.0,-3.0,0.0,453.0,450.0,2.0,0.0,0.0,0.0,0.0,0.0,,,
2021/07/27,32.96,33.05,32.93,33.05,80.0,2668.0,0.6395,0.6762,61.0,4.0,0.0,-2.0,2.0,2.0,0.0,0.0,0.0,0.0,0.0,,,
2021/07/28,32.68,32.68,32.3,32.45,146.0,4749.0,-1.8154,1.2342,46.0,21.0,0.0,-40.0,-19.0,2.0,0.0,0.0,0.0,0.0,0.0,,,
2021/07/29,32.76,32.89,32.66,32.89,191.0,6279.0,1.3559,1.6858,35.0,-27.0,0.0,42.0,15.0,2.0,0.0,0.0,0.0,0.0,0.0,,,
2021/07/30,32.79,32.86,32.79,32.85,111.0,3647.0,-0.1216,0.9797,11.0,1.0,0.0,5.0,6.0,2.0,0.0,0.0,0.0,0.0,0.0,,,
2021/08/02,32.98,33.19,32.98,33.19,113.0,3752.0,1.035,0.9974,18.0,0.0,0.0,13.0,13.0,2.0,0.0,0.0,0.0,0.0,0.0,,,
2021/08/03,33.3,33.3,33.19,33.22,137.0,4560.0,0.0904,1.2092,18.0,3.0,0.0,29.0,32.0,2.0,0.0,0.0,0.0,0.0,0.0,,,
2021/08/04,33.4,33.45,33.36,33.45,135.0,4521.0,0.6924,1.1915,30.0,1.0,0.0,25.0,26.0,2.0,0.0,0.0,0.0,0.0,0.0,,,
2021/08/05,33.49,33.59,33.49,33.55,134.0,4525.0,0.299,1.1827,30.0,1.0,0.0,18.0,19.0,2.0,0.0,0.0,0.0,0.0,0.0,,,
2021/08/06,33.4,33.43,33.34,33.4,106.0,3540.0,-0.4471,0.9356,12.0,-2.0,0.0,-4.0,-6.0,2.0,0.0,0.0,0.0,0.0,0.0,,,
2021/08/09,33.06,33.15,33.06,33.15,111.0,3706.0,-0.7485,0.9797,52.0,2.0,0.0,-3.0,-1.0,2.0,0.0,0.0,0.0,0.0,0.0,,,
2021/08/10,33.25,33.25,33.04,33.04,103.0,3403.0,-0.3318,0.9091,17.0,2.0,0.0,0.0,2.0,2.0,0.0,0.0,0.0,0.0,0.0,,,
2021/08/11,33.04,33.04,32.88,32.91,25.0,829.0,-0.3935,0.2207,19.0,-4.0,0.0,9.0,5.0,0.0,0.0,2.0,0.0,0.0,0.0,,,
2021/08/12,32.89,32.89,32.8,32.8,211.0,6929.0,-0.3342,1.8623,16.0,0.0,0.0,-10.0,-10.0,0.0,0.0,0.0,0.0,0.0,0.0,,,
2021/08/13,32.58,32.59,32.54,32.54,126.0,4129.0,-0.7927,1.1121,29.0,2.0,0.0,-7.0,-5.0,0.0,0.0,0.0,0.0,0.0,0.0,,,
2021/08/16,32.44,32.49,32.3,32.34,23.0,773.0,-0.6146,0.203,59.0,0.0,0.0,-1.0,-1.0,0.0,0.0,0.0,0.0,0.0,0.0,,,
2021/08/17,32.29,32.29,32.11,32.11,208.0,6695.0,-0.7112,1.8358,56.0,-2.0,0.0,-6.0,-8.0,0.0,0.0,0.0,0.0,0.0,0.0,,,
2021/08/18,31.78,32.22,31.73,32.22,120.0,3871.0,0.3426,1.0591,35.0,-1.0,0.0,-9.0,-10.0,0.0,0.0,0.0,0.0,0.0,0.0,,,
2021/08/19,32.13,32.13,31.64,31.67,127.0,4028.0,-1.707,1.1209,35.0,0.0,0.0,-25.0,-25.0,0.0,0.0,0.0,0.0,0.0,0.0,,,
2021/08/20,31.64,31.65,31.3,31.46,125.0,3961.0,-0.6631,1.1033,27.0,0.0,0.0,9.0,9.0,0.0,0.0,0.0,0.0,0.0,0.0,,,
2021/08/23,31.87,32.14,31.87,32.08,221.0,7080.0,1.9708,1.9506,34.0,17.0,0.0,-15.0,2.0,0.0,0.0,0.0,0.0,0.0,0.0,,,
2021/08/24,32.26,32.26,32.21,32.22,106.0,3441.0,0.4364,0.9356,50.0,-1.0,0.0,3.0,2.0,0.0,0.0,0.0,0.0,0.0,0.0,,,
2021/08/25,32.35,32.5,32.35,32.5,110.0,3577.0,0.869,0.9709,15.0,0.0,0.0,10.0,10.0,0.0,0.0,0.0,0.0,0.0,0.0,,,
2021/08/26,32.76,32.76,32.47,32.56,115.0,3768.0,0.1846,1.015,22.0,1.0,0.0,6.0,7.0,0.0,0.0,0.0,0.0,0.0,0.0,,,
2021/08/27,32.66,32.92,32.66,32.92,171.0,5653.0,1.1057,1.5093,33.0,4.0,0.0,64.0,68.0,0.0,0.0,0.0,0.0,0.0,0.0,,,
2021/08/30,33.01,33.39,33.01,33.39,130.0,4326.0,1.4277,1.1474,37.0,-1.0,0.0,16.0,15.0,0.0,0.0,0.0,0.0,0.0,0.0,,,
2021/08/31,33.25,33.53,33.0,33.53,118.0,3922.0,0.4193,1.0415,23.0,1.0,0.0,1.0,2.0,0.0,0.0,0.0,0.0,0.0,0.0,,,
2021/09/01,33.53,33.65,33.53,33.64,174.0,5856.0,0.3281,1.5357,31.0,-18.0,0.0,41.0,23.0,0.0,0.0,0.0,0.0,0.0,0.0,,,
2021/09/02,33.64,33.72,33.39,33.39,135.0,4525.0,-0.7432,1.1915,22.0,4.0,0.0,-25.0,-21.0,0.0,0.0,0.0,0.0,0.0,0.0,,,
2021/09/03,33.39,33.72,33.39,33.72,27.0,910.0,0.9883,0.2383,25.0,3.0,0.0,18.0,21.0,0.0,0.0,0.0,0.0,0.0,0.0,,,
2021/09/06,33.61,33.85,33.55,33.64,237.0,7987.0,-0.2372,2.0918,74.0,3.0,0.0,27.0,30.0,0.0,0.0,0.0,0.0,0.0,0.0,,,
2021/09/07,33.7,33.7,33.53,33.55,105.0,3548.0,-0.2675,0.9267,49.0,0.0,0.0,0.0,0.0,0.0,0.0,0.0,0.0,0.0,0.0,,,
2021/09/08,33.69,33.69,33.25,33.42,175.0,5846.0,-0.3875,1.5446,23.0,-3.0,0.0,57.0,54.0,0.0,0.0,0.0,0.0,0.0,0.0,,,
2021/09/09,33.33,33.33,33.28,33.32,106.0,3533.0,-0.2992,0.9356,19.0,0.0,0.0,3.0,3.0,0.0,0.0,0.0,0.0,0.0,0.0,,,
2021/09/10,33.32,33.66,33.32,33.62,31.0,1052.0,0.9004,0.2736,18.0,17.0,0.0,-6.0,11.0,0.0,0.0,0.0,0.0,0.0,0.0,,,
2021/09/13,33.62,33.7,33.62,33.68,203.0,6837.0,0.1785,1.7917,11.0,0.0,0.0,2.0,2.0,0.0,0.0,0.0,0.0,0.0,0.0,,,
2021/09/14,33.8,33.94,33.8,33.89,136.0,4628.0,0.6235,1.2004,58.0,0.0,0.0,11.0,11.0,0.0,0.0,0.0,0.0,0.0,0.0,,,
2021/09/15,33.8,33.8,33.63,33.64,113.0,3827.0,-0.7377,0.9974,19.0,-2.0,0.0,11.0,9.0,0.0,0.0,0.0,0.0,0.0,0.0,,,
2021/09/16,33.61,33.61,33.48,33.56,110.0,3696.0,-0.2378,0.9709,16.0,-2.0,0.0,2.0,0.0,0.0,0.0,0.0,0.0,0.0,0.0,,,
2021/09/17,33.64,33.66,33.64,33.66,103.0,3479.0,0.298,0.9091,53.0,0.0,0.0,0.0,0.0,0.0,0.0,0.0,0.0,0.0,0.0,,,
2021/09/22,32.73,32.8,32.55,32.7,187.0,6139.0,-2.852,1.6505,64.0,-17.0,0.0,-66.0,-83.0,0.0,0.0,0.0,0.0,0.0,0.0,,,
2021/09/23,33.0,33.04,32.98,32.98,45.0,1495.0,0.8563,0.3972,9.0,-1.0,0.0,39.0,38.0,0.0,0.0,0.0,0.0,0.0,0.0,,,
2021/09/24,33.24,33.35,33.19,33.24,216.0,7201.0,0.7884,1.9064,60.0,-2.0,0.0,16.0,14.0,0.0,0.0,0.0,0.0,0.0,0.0,,,
2021/09/27,33.5,33.57,33.46,33.51,14.0,479.0,0.8123,0.1236,14.0,-1.0,0.0,6.0,5.0,0.0,0.0,0.0,0.0,0.0,0.0,,,
2021/09/28,33.33,33.5,33.33,33.44,215.0,7173.0,-0.2089,1.8976,62.0,1.0,0.0,-1.0,0.0,0.0,0.0,0.0,0.0,0.0,0.0,,,
2021/09/29,32.88,32.88,32.68,32.68,130.0,4261.0,-2.2727,1.1474,40.0,-1.0,0.0,-27.0,-28.0,0.0,0.0,0.0,0.0,0.0,0.0,,,
2021/09/30,32.68,32.87,32.53,32.87,128.0,4203.0,0.5814,1.1297,20.0,1.0,0.0,14.0,15.0,0.0,0.0,0.0,0.0,0.0,0.0,,,
2021/10/01,32.54,32.54,32.09,32.09,138.0,4437.0,-2.373,1.218,29.0,-2.0,0.0,-35.0,-37.0,0.0,0.0,0.0,0.0,0.0,0.0,,,
2021/10/04,32.17,32.17,32.0,32.03,158.0,5078.0,-0.187,1.3945,32.0,-4.0,0.0,-3.0,-7.0,0.0,0.0,0.0,0.0,0.0,0.0,,,
2021/10/05,31.77,31.96,31.6,31.88,161.0,5123.0,-0.4683,1.421,62.0,-26.0,0.0,21.0,-5.0,0.0,0.0,0.0,0.0,0.0,0.0,,,
2021/10/06,31.96,32.04,31.92,31.92,107.0,3444.0,0.1255,0.9444,25.0,1.0,0.0,-4.0,-3.0,0.0,0.0,0.0,0.0,0.0,0.0,,,
2021/10/07,32.38,32.6,32.38,32.5,79.0,2594.0,1.817,0.6973,27.0,24.0,0.0,-18.0,6.0,0.0,0.0,0.0,0.0,0.0,0.0,,,
2021/10/08,32.6,32.64,32.47,32.47,109.0,3547.0,-0.0923,0.962,15.0,0.0,0.0,-2.0,-2.0,0.0,0.0,0.0,0.0,0.0,0.0,,,
2021/10/12,32.0,32.03,31.95,32.03,144.0,4629.0,-1.3551,1.271,37.0,-11.0,0.0,3.0,-8.0,0.0,0.0,0.0,0.0,0.0,0.0,,,
2021/10/13,32.0,32.0,31.9,31.91,105.0,3353.0,-0.3746,0.9267,10.0,-1.0,0.0,-2.0,-3.0,0.0,0.0,0.0,0.0,0.0,0.0,,,
2021/10/14,31.9,31.92,31.88,31.88,123.0,3934.0,-0.094,1.0856,53.0,-2.0,0.0,12.0,10.0,0.0,0.0,0.0,0.0,0.0,0.0,,,
2021/10/15,32.25,32.52,32.25,32.52,81.0,2632.0,2.0075,0.7149,19.0,-8.0,0.0,67.0,59.0,10.0,10.0,0.0,0.0,0.0,0.0,,,
2021/10/18,32.71,32.74,32.52,32.52,112.0,3651.0,0.0,0.9885,27.0,0.0,0.0,-10.0,-10.0,10.0,0.0,0.0,0.0,0.0,0.0,,,
2021/10/19,32.7,32.85,32.7,32.85,115.0,3800.0,1.0148,1.015,55.0,1.0,0.0,15.0,16.0,10.0,0.0,0.0,0.0,0.0,0.0,,,
2021/10/20,33.08,33.08,32.81,32.88,103.0,3379.0,0.0913,0.9091,7.0,-1.0,0.0,-1.0,-2.0,10.0,0.0,0.0,0.0,0.0,0.0,,,
2021/10/21,33.01,33.08,32.83,32.83,108.0,3547.0,-0.1521,0.9532,8.0,1.0,0.0,5.0,6.0,10.0,0.0,0.0,0.0,0.0,0.0,,,
2021/10/22,32.74,32.88,32.74,32.88,105.0,3448.0,0.1523,0.9267,8.0,1.0,0.0,-1.0,0.0,10.0,0.0,0.0,0.0,0.0,0.0,,,
2021/10/25,32.75,32.92,32.68,32.92,4.0,132.0,0.1217,0.0353,5.0,0.0,0.0,-2.0,-2.0,10.0,0.0,0.0,0.0,0.0,0.0,,,
2021/10/26,33.08,33.24,33.05,33.18,246.0,8196.0,0.7898,2.1712,72.0,0.0,0.0,-35.0,-35.0,10.0,0.0,0.0,0.0,0.0,0.0,,,
2021/10/27,33.1,33.1,33.06,33.1,104.0,3462.0,-0.2411,0.9179,45.0,1.0,0.0,-2.0,-1.0,10.0,0.0,0.0,0.0,0.0,0.0,,,
2021/10/28,33.13,33.16,32.92,33.08,145.0,4779.0,-0.0604,1.2798,24.0,25.0,0.0,-38.0,-13.0,10.0,0.0,0.0,0.0,0.0,0.0,,,
2021/10/29,32.94,32.94,32.76,32.93,122.0,4035.0,-0.4534,1.0768,17.0,-2.0,0.0,13.0,11.0,10.0,0.0,0.0,0.0,0.0,0.0,,,
2021/11/01,32.93,32.95,32.85,32.9,124.0,4083.0,-0.0911,1.0944,14.0,-1.0,0.0,16.0,15.0,10.0,0.0,0.0,0.0,0.0,0.0,,,
2021/11/02,32.93,32.93,32.82,32.82,107.0,3516.0,-0.2432,0.9444,9.0,-1.0,0.0,2.0,1.0,10.0,0.0,0.0,0.0,0.0,0.0,,,
2021/11/03,32.86,32.89,32.84,32.84,113.0,3732.0,0.0609,0.9974,15.0,-3.0,0.0,4.0,1.0,10.0,0.0,0.0,0.0,0.0,0.0,,,
2021/11/04,32.91,32.91,32.8,32.8,105.0,3470.0,-0.1218,0.9267,51.0,-2.0,0.0,0.0,-2.0,10.0,0.0,0.0,0.0,0.0,0.0,,,
2021/11/05,32.98,33.23,32.93,33.22,120.0,3991.0,1.2805,1.0591,24.0,-1.0,0.0,15.0,14.0,10.0,0.0,0.0,0.0,0.0,0.0,,,
2021/11/08,33.27,33.46,33.27,33.45,142.0,4747.0,0.6924,1.2533,29.0,0.0,0.0,-12.0,-12.0,10.0,0.0,0.0,0.0,0.0,0.0,,,
2021/11/09,33.57,33.78,33.57,33.7,119.0,4021.0,0.7474,1.0503,69.0,1.0,0.0,8.0,9.0,10.0,0.0,0.0,0.0,0.0,0.0,,,
2021/11/10,33.65,33.65,33.55,33.6,124.0,4178.0,-0.2967,1.0944,22.0,-1.0,0.0,14.0,13.0,0.0,0.0,10.0,0.0,0.0,0.0,,,
2021/11/11,33.35,33.5,33.35,33.44,109.0,3659.0,-0.4762,0.962,16.0,-1.0,0.0,5.0,4.0,0.0,0.0,0.0,0.0,0.0,0.0,,,
2021/11/12,33.75,33.86,33.74,33.74,111.0,3753.0,0.8971,0.9797,22.0,1.0,0.0,9.0,10.0,0.0,0.0,0.0,0.0,0.0,0.0,,,
2021/11/15,34.0,34.08,34.0,34.05,174.0,5925.0,0.9188,1.5357,45.0,0.0,0.0,29.0,29.0,0.0,0.0,0.0,0.0,0.0,0.0,,,
2021/11/16,34.15,34.17,34.0,34.12,135.0,4626.0,0.2056,1.1915,69.0,-1.0,0.0,17.0,16.0,1.0,1.0,0.0,0.0,0.0,0.0,,,
2021/11/17,34.29,34.4,34.22,34.27,114.0,3939.0,0.4396,1.0062,62.0,-1.0,0.0,4.0,3.0,0.0,0.0,1.0,0.0,0.0,0.0,,,
2021/11/18,34.57,34.65,34.44,34.65,175.0,6049.0,1.1088,1.5446,42.0,-1.0,0.0,-37.0,-38.0,3.0,3.0,0.0,0.0,0.0,0.0,,,
2021/11/19,35.42,35.42,34.49,34.54,66.0,2303.0,-0.3175,0.5825,57.0,0.0,0.0,-32.0,-32.0,3.0,0.0,0.0,0.0,0.0,0.0,,,
2021/11/22,34.5,34.55,34.5,34.51,80.0,2788.0,-0.0869,0.7061,41.0,3.0,0.0,36.0,39.0,5.0,2.0,0.0,0.0,0.0,0.0,,,
2021/11/23,34.41,34.41,34.12,34.12,227.0,7762.0,-1.1301,2.0035,55.0,-1.0,0.0,-16.0,-17.0,4.0,0.0,1.0,0.0,0.0,0.0,,,
2021/11/24,34.12,34.22,33.96,34.03,137.0,4687.0,-0.2638,1.2092,75.0,1.0,0.0,-23.0,-22.0,5.0,1.0,0.0,0.0,0.0,0.0,,,
2021/11/25,34.1,34.1,33.87,33.87,195.0,6632.0,-0.4702,1.7211,57.0,0.0,0.0,-57.0,-57.0,11.0,6.0,0.0,0.0,0.0,0.0,,,
2021/11/26,33.0,33.0,32.55,32.55,583.0,19118.0,-1.4172,5.1456,192.0,-17.0,0.0,-71.0,-88.0,6.0,0.0,5.0,0.0,0.0,0.0,,,
2021/11/29,32.38,32.67,32.38,32.53,169.0,5527.0,-0.0614,1.4916,76.0,0.0,0.0,-6.0,-6.0,6.0,0.0,0.0,0.0,0.0,0.0,,,
2021/11/30,32.85,32.85,32.6,32.6,132.0,4332.0,0.2152,1.165,29.0,1.0,0.0,-26.0,-25.0,6.0,0.0,0.0,0.0,0.0,0.0,,,
2021/12/01,32.65,33.05,32.65,33.05,125.0,4145.0,1.3804,1.1033,19.0,0.0,0.0,15.0,15.0,6.0,0.0,0.0,0.0,0.0,0.0,,,
2021/12/02,32.99,33.36,32.99,33.3,164.0,5484.0,0.7564,1.4475,30.0,2.0,0.0,57.0,59.0,4.0,0.0,2.0,0.0,0.0,0.0,,,
2021/12/03,33.3,33.31,33.3,33.31,102.0,3404.0,0.03,0.9003,7.0,0.0,0.0,1.0,1.0,4.0,0.0,0.0,0.0,0.0,0.0,,,
2021/12/06,33.11,33.3,33.11,33.25,7.0,257.0,-0.1801,0.0618,43.0,-1.0,0.0,-4.0,-5.0,4.0,0.0,0.0,0.0,0.0,0.0,,,
2021/12/07,33.03,33.2,33.03,33.2,212.0,7045.0,-0.1504,1.8711,51.0,4.0,0.0,6.0,10.0,2.0,0.0,2.0,0.0,0.0,0.0,,,
2021/12/08,33.69,33.69,33.49,33.55,154.0,5184.0,1.0542,1.3592,33.0,20.0,0.0,4.0,24.0,2.0,0.0,0.0,0.0,0.0,0.0,,,
2021/12/09,33.53,33.53,33.48,33.5,31.0,1064.0,-0.149,0.2862,11.0,-1.0,0.0,4.0,3.0,2.0,0.0,0.0,0.0,0.0,0.0,,,
2021/12/10,33.4,33.45,33.4,33.45,4.0,135.0,-0.1493,0.0369,24.0,0.0,0.0,0.0,0.0,2.0,0.0,0.0,0.0,0.0,0.0,,,
2021/12/13,33.6,33.6,33.44,33.44,219.0,7333.0,-0.0299,2.0222,32.0,0.0,0.0,15.0,15.0,2.0,0.0,0.0,0.0,0.0,0.0,,,
2021/12/14,33.11,33.14,33.06,33.06,230.0,7637.0,-1.1364,2.1237,45.0,0.0,0.0,11.0,11.0,2.0,0.0,0.0,0.0,0.0,0.0,,,
2021/12/15,33.05,33.13,33.0,33.11,118.0,3921.0,0.1512,1.0896,29.0,2.0,0.0,5.0,7.0,2.0,0.0,0.0,0.0,0.0,0.0,,,
2021/12/16,33.36,33.45,33.33,33.44,154.0,5140.0,0.9967,1.422,20.0,-1.0,0.0,0.0,-1.0,2.0,0.0,0.0,0.0,0.0,0.0,,,
2021/12/17,33.37,33.52,33.37,33.48,27.0,905.0,0.1196,0.2493,54.0,1.0,0.0,22.0,23.0,2.0,0.0,0.0,0.0,0.0,0.0,,,
2021/12/20,33.41,33.41,33.2,33.2,11.0,369.0,-0.8363,0.1016,14.0,0.0,0.0,-5.0,-5.0,2.0,0.0,0.0,0.0,0.0,0.0,,,
2021/12/21,33.35,33.61,33.35,33.61,48.0,1632.0,1.2349,0.4432,20.0,1.0,0.0,47.0,48.0,2.0,0.0,0.0,0.0,0.0,0.0,,,
2021/12/22,33.61,33.61,33.61,33.61,225.0,7572.0,0.0,2.0776,14.0,0.0,0.0,-25.0,-25.0,2.0,0.0,0.0,0.0,0.0,0.0,,,
2021/12/23,33.61,33.82,33.61,33.75,245.0,8286.0,0.4165,2.2622,31.0,-1.0,0.0,-10.0,-11.0,2.0,0.0,0.0,0.0,0.0,0.0,,,
2021/12/24,33.98,34.01,33.9,33.93,115.0,3919.0,0.5333,1.0619,71.0,1.0,0.0,58.0,59.0,2.0,0.0,0.0,0.0,0.0,0.0,,,
2021/12/27,34.09,34.28,34.06,34.22,293.0,10040.0,0.8547,2.7054,52.0,0.0,0.0,65.0,65.0,2.0,0.0,0.0,0.0,0.0,0.0,,,
2021/12/28,34.26,34.46,34.26,34.43,170.0,5870.0,0.6137,1.5697,88.0,-1.0,0.0,57.0,56.0,2.0,0.0,0.0,0.0,0.0,0.0,,,
2021/12/29,34.6,34.84,34.5,34.59,141.0,4910.0,0.4647,1.3019,46.0,13.0,0.0,67.0,80.0,2.0,0.0,0.0,0.0,0.0,0.0,,,
2021/12/30,34.64,34.68,34.56,34.68,145.0,5041.0,0.2602,1.3389,31.0,0.0,0.0,38.0,38.0,2.0,0.0,0.0,0.0,0.0,0.0,,,
2022/01/03,34.7,34.97,34.6,34.7,1358.0,47250.0,0.0577,11.9859,126.0,-40.0,0.0,66.0,26.0,2.0,0.0,0.0,0.0,0.0,0.0,,,
2022/01/04,34.92,35.19,34.92,35.19,185.0,6529.0,1.4121,1.6328,85.0,-3.0,0.0,67.0,64.0,2.0,0.0,0.0,0.0,0.0,0.0,,,
2022/01/05,35.19,35.19,35.06,35.11,120.0,4225.0,-0.2273,1.0591,23.0,0.0,0.0,9.0,9.0,0.0,0.0,2.0,0.0,0.0,0.0,,,
2022/01/06,34.86,34.86,34.6,34.77,726.0,25189.0,-0.9684,6.4078,52.0,-6.0,0.0,12.0,6.0,0.0,0.0,0.0,0.0,0.0,0.0,,,
2022/01/07,34.77,34.87,34.42,34.42,152.0,5272.0,-1.0066,1.3416,50.0,24.0,0.0,-20.0,4.0,0.0,0.0,0.0,0.0,0.0,0.0,,,
2022/01/10,34.4,34.6,34.38,34.53,125.0,4348.0,0.3196,1.1033,33.0,-2.0,0.0,7.0,5.0,0.0,0.0,0.0,0.0,0.0,0.0,,,
2022/01/11,34.46,34.77,34.46,34.77,110.0,3832.0,0.695,0.9709,18.0,-1.0,0.0,7.0,6.0,0.0,0.0,0.0,0.0,0.0,0.0,,,
2022/01/12,34.78,34.98,34.78,34.98,124.0,4342.0,0.604,1.0944,17.0,-1.0,0.0,24.0,23.0,0.0,0.0,0.0,0.0,0.0,0.0,,,
2022/01/13,35.0,35.16,35.0,35.15,116.0,4074.0,0.486,1.0238,14.0,0.0,0.0,14.0,14.0,0.0,0.0,0.0,0.0,0.0,0.0,,,
2022/01/14,34.89,34.89,34.89,34.89,1.0,52.0,-0.7397,0.0088,30.0,0.0,0.0,1.0,1.0,0.0,0.0,0.0,0.0,0.0,0.0,,,
2022/01/17,35.12,35.17,35.08,35.17,18.0,658.0,0.8025,0.1589,23.0,0.0,0.0,13.0,13.0,0.0,0.0,0.0,0.0,0.0,0.0,,,
2022/01/18,35.17,35.37,35.0,35.0,248.0,8711.0,-0.4834,2.1889,69.0,0.0,0.0,-17.0,-17.0,0.0,0.0,0.0,0.0,0.0,0.0,,,
2022/01/19,34.89,34.89,34.64,34.64,128.0,4442.0,-1.0286,1.1297,9.0,0.0,0.0,-1.0,-1.0,0.0,0.0,0.0,0.0,0.0,0.0,,,
2022/01/20,34.66,34.68,34.5,34.68,113.0,3927.0,0.1155,0.9974,16.0,3.0,0.0,3.0,6.0,0.0,0.0,0.0,0.0,0.0,0.0,,,
2022/01/21,34.15,34.17,34.01,34.08,126.0,4310.0,-1.7301,1.1121,29.0,3.0,0.0,-10.0,-7.0,0.0,0.0,0.0,0.0,0.0,0.0,,,
2022/01/24,34.07,34.33,33.95,34.33,124.0,4262.0,0.7336,1.0944,29.0,-1.0,0.0,19.0,18.0,0.0,0.0,0.0,0.0,0.0,0.0,,,
2022/01/25,34.33,34.33,33.87,33.92,167.0,5697.0,-1.1943,1.474,66.0,22.0,0.0,-37.0,-15.0,1.0,1.0,0.0,0.0,0.0,0.0,,,
2022/01/26,33.93,34.09,33.89,33.95,135.0,4595.0,0.0884,1.1915,19.0,-3.0,0.0,1.0,-2.0,1.0,0.0,0.0,0.0,0.0,0.0,,,
2022/02/07,34.1,34.28,34.1,34.22,116.0,3973.0,0.7953,1.0238,60.0,1.0,0.0,-1.0,0.0,1.0,0.0,0.0,0.0,0.0,0.0,,,
2022/02/08,34.4,34.47,34.4,34.44,114.0,3955.0,0.6429,1.0062,59.0,0.0,0.0,-8.0,-8.0,1.0,0.0,0.0,0.0,0.0,0.0,,,
2022/02/09,34.4,34.47,34.34,34.47,110.0,3809.0,0.0871,0.9709,28.0,0.0,0.0,0.0,0.0,1.0,0.0,0.0,0.0,0.0,0.0,,,
2022/02/10,34.72,34.85,34.7,34.85,113.0,3935.0,1.1024,0.9974,31.0,1.0,0.0,9.0,10.0,1.0,0.0,0.0,0.0,0.0,0.0,,,
2022/02/11,34.75,34.89,34.75,34.87,116.0,4076.0,0.0574,1.0238,31.0,2.0,0.0,-4.0,-2.0,1.0,0.0,0.0,0.0,0.0,0.0,,,
2022/02/14,34.85,34.85,34.2,34.25,113.0,3894.0,-1.778,0.9974,28.0,-5.0,0.0,-5.0,-10.0,1.0,0.0,0.0,0.0,0.0,0.0,,,
2022/02/15,34.39,34.39,34.18,34.18,117.0,4038.0,-0.2044,1.0327,44.0,8.0,0.0,-15.0,-7.0,1.0,0.0,0.0,0.0,0.0,0.0,,,
2022/02/16,34.64,34.67,34.54,34.67,104.0,3602.0,1.4336,0.9179,12.0,-1.0,0.0,-1.0,-2.0,1.0,0.0,0.0,0.0,0.0,0.0,,,
2022/02/17,34.72,34.75,34.63,34.63,104.0,3634.0,-0.1154,0.9179,45.0,0.0,0.0,2.0,2.0,1.0,0.0,0.0,0.0,0.0,0.0,,,
2022/02/18,34.49,34.58,34.49,34.58,110.0,3813.0,-0.1444,0.9709,19.0,1.0,0.0,-6.0,-5.0,1.0,0.0,0.0,0.0,0.0,0.0,,,
2022/02/21,34.48,34.48,34.38,34.48,16.0,562.0,-0.2892,0.1412,15.0,-2.0,0.0,10.0,8.0,1.0,0.0,0.0,0.0,0.0,0.0,,,
2022/02/22,34.32,34.32,33.82,33.97,144.0,4899.0,-1.4791,1.271,28.0,-23.0,0.0,13.0,-10.0,1.0,0.0,0.0,0.0,0.0,0.0,,,
2022/02/23,34.1,34.21,34.1,34.21,117.0,4006.0,0.7065,1.0327,11.0,13.0,0.0,-13.0,0.0,1.0,0.0,0.0,0.0,0.0,0.0,,,
2022/02/24,33.82,33.9,33.42,33.43,34.0,1143.0,-2.28,0.3001,41.0,-3.0,0.0,-14.0,-17.0,1.0,0.0,0.0,0.0,0.0,0.0,,,
2022/02/25,33.42,33.43,33.16,33.26,322.0,10706.0,-0.5085,2.9732,37.0,-8.0,0.0,-9.0,-17.0,1.0,0.0,0.0,0.0,0.0,0.0,,,
2022/03/01,33.56,33.92,33.55,33.92,119.0,4036.0,1.9844,1.0988,22.0,3.0,0.0,-4.0,-1.0,1.0,0.0,0.0,0.0,0.0,0.0,,,
2022/03/02,33.78,33.78,33.55,33.68,133.0,4510.0,-0.7075,1.2281,48.0,1.0,0.0,0.0,1.0,1.0,0.0,0.0,0.0,0.0,0.0,,,
2022/03/03,33.95,33.95,33.68,33.68,116.0,3909.0,0.0,1.0711,11.0,-8.0,0.0,6.0,-2.0,0.0,0.0,1.0,0.0,0.0,0.0,,,
2022/03/04,33.44,33.44,33.19,33.23,123.0,4093.0,-1.3361,1.1357,53.0,2.0,0.0,-14.0,-12.0,0.0,0.0,0.0,0.0,0.0,0.0,,,
2022/03/07,33.16,33.16,32.08,32.14,160.0,5163.0,-3.2802,1.4774,77.0,10.0,0.0,-32.0,-22.0,9.0,9.0,0.0,0.0,0.0,0.0,,,
2022/03/08,31.58,31.98,31.46,31.53,148.0,4688.0,-1.8979,1.3666,68.0,-1.0,0.0,-41.0,-42.0,9.0,0.0,0.0,0.0,0.0,0.0,,,
2022/03/09,31.88,31.9,31.8,31.84,111.0,3544.0,0.9832,1.0249,17.0,0.0,0.0,2.0,2.0,9.0,0.0,0.0,0.0,0.0,0.0,,,
2022/03/10,32.55,32.69,32.55,32.65,116.0,3798.0,2.544,1.0711,12.0,-2.0,0.0,-4.0,-6.0,19.0,10.0,0.0,0.0,0.0,0.0,,,
2022/03/11,32.65,32.65,32.25,32.25,123.0,3997.0,-1.2251,1.1357,14.0,-1.0,0.0,-23.0,-24.0,19.0,0.0,0.0,0.0,0.0,0.0,,,
2022/03/14,32.1,32.1,32.06,32.06,6.0,212.0,-0.5891,0.0554,15.0,0.0,0.0,-2.0,-2.0,19.0,0.0,0.0,0.0,0.0,0.0,,,
2022/03/15,31.7,31.7,31.46,31.5,135.0,4284.0,-1.7467,1.2465,48.0,-1.0,0.0,-5.0,-6.0,19.0,0.0,0.0,0.0,0.0,0.0,,,
2022/03/16,31.5,31.53,31.45,31.45,116.0,3661.0,-0.1587,1.0711,21.0,0.0,0.0,-15.0,-15.0,19.0,0.0,0.0,0.0,0.0,0.0,,,
2022/03/17,32.42,32.63,32.42,32.63,151.0,4925.0,3.752,1.3943,34.0,-17.0,0.0,49.0,32.0,10.0,0.0,9.0,0.0,0.0,0.0,,,
2022/03/18,32.75,32.78,32.61,32.61,120.0,3934.0,-0.0613,1.108,21.0,0.0,0.0,-6.0,-6.0,10.0,0.0,0.0,0.0,0.0,0.0,,,
2022/03/21,32.86,32.92,32.86,32.86,103.0,3398.0,0.7666,0.9511,5.0,0.0,0.0,3.0,3.0,10.0,0.0,0.0,0.0,0.0,0.0,,,
2022/03/22,32.8,32.83,32.8,32.83,101.0,3321.0,-0.0913,0.9326,6.0,0.0,0.0,1.0,1.0,10.0,0.0,0.0,0.0,0.0,0.0,,,
2022/03/23,33.15,33.2,33.07,33.07,124.0,4102.0,0.731,1.145,11.0,13.0,0.0,-9.0,4.0,10.0,0.0,0.0,0.0,0.0,0.0,,,
2022/03/24,33.07,33.1,33.0,33.1,106.0,3508.0,0.0907,0.9788,468.0,3.0,0.0,-1.0,2.0,10.0,0.0,0.0,0.0,0.0,0.0,,,
2022/03/25,33.11,33.11,33.08,33.08,106.0,3510.0,-0.0604,0.9788,8.0,1.0,0.0,5.0,6.0,10.0,0.0,0.0,0.0,0.0,0.0,,,
2022/03/28,32.46,32.7,32.41,32.7,15.0,493.0,-1.1487,0.1385,20.0,-2.0,0.0,-6.0,-8.0,10.0,0.0,0.0,0.0,0.0,0.0,,,
2022/03/29,32.71,32.71,32.63,32.63,202.0,6611.0,-0.2141,1.8652,389.0,-1.0,0.0,1.0,0.0,10.0,0.0,0.0,0.0,0.0,0.0,,,
2022/03/30,32.93,33.08,32.93,33.05,112.0,3704.0,1.2872,1.0342,5.0,0.0,0.0,12.0,12.0,10.0,0.0,0.0,0.0,0.0,0.0,,,
2022/03/31,33.05,33.05,33.01,33.05,105.0,3470.0,0.0,0.9695,5.0,-3.0,0.0,0.0,-3.0,10.0,0.0,0.0,0.0,0.0,0.0,,,
2022/04/01,32.66,32.81,32.64,32.81,122.0,4016.0,-0.7262,1.1265,13.0,12.0,0.0,-11.0,1.0,10.0,0.0,0.0,0.0,0.0,0.0,,,
2022/04/06,32.46,32.56,32.46,32.55,105.0,3438.0,-0.7924,0.9695,19.0,0.0,0.0,-6.0,-6.0,10.0,0.0,0.0,0.0,0.0,0.0,,,
2022/04/07,32.4,32.4,32.21,32.21,102.0,3310.0,-1.0445,0.9418,355.0,0.0,0.0,-2.0,-2.0,10.0,0.0,0.0,0.0,0.0,0.0,,,
2022/04/08,32.12,32.12,32.05,32.05,18.0,590.0,-0.4967,0.1662,18.0,0.0,0.0,-8.0,-8.0,10.0,0.0,0.0,0.0,0.0,0.0,,,
2022/04/11,32.04,32.04,31.78,31.78,118.0,3770.0,-0.8424,1.0896,25.0,0.0,0.0,7.0,7.0,0.0,0.0,10.0,0.0,0.0,0.0,,,
2022/04/12,31.65,31.8,31.65,31.68,111.0,3519.0,-0.3147,1.0249,11.0,-1.0,0.0,-2.0,-3.0,0.0,0.0,0.0,0.0,0.0,0.0,,,
2022/04/13,32.15,32.28,32.15,32.28,139.0,4495.0,1.8939,1.2835,15.0,0.0,0.0,37.0,37.0,0.0,0.0,0.0,0.0,0.0,0.0,,,
2022/04/14,32.24,32.24,32.17,32.17,112.0,3606.0,-0.3408,1.0342,9.0,0.0,0.0,10.0,10.0,0.0,0.0,0.0,0.0,0.0,0.0,,,
2022/04/15,31.85,31.85,31.64,31.64,110.0,3487.0,-1.6475,1.0157,14.0,0.0,0.0,-2.0,-2.0,0.0,0.0,0.0,0.0,0.0,0.0,,,
2022/04/18,31.64,31.64,31.45,31.56,118.0,3733.0,-0.2528,1.0896,26.0,-4.0,0.0,-10.0,-14.0,0.0,0.0,0.0,0.0,0.0,0.0,,,
2022/04/19,31.78,31.78,31.62,31.62,107.0,3407.0,0.1901,0.988,441.0,0.0,0.0,-3.0,-3.0,0.0,0.0,0.0,0.0,0.0,0.0,,,
2022/04/20,31.79,31.79,31.79,31.79,101.0,3232.0,0.5376,0.9326,944.0,0.0,0.0,1.0,1.0,0.0,0.0,0.0,0.0,0.0,0.0,,,
2022/04/21,31.93,32.0,31.84,31.85,114.0,3632.0,0.1887,1.0526,12.0,0.0,0.0,2.0,2.0,0.0,0.0,0.0,0.0,0.0,0.0,,,
2022/04/22,31.53,31.65,31.48,31.65,118.0,3740.0,-0.6279,1.0896,16.0,0.0,0.0,18.0,18.0,0.0,0.0,0.0,0.0,0.0,0.0,,,
2022/04/25,31.43,31.43,31.01,31.14,8.0,261.0,-1.6114,0.0739,16.0,-1.0,0.0,-5.0,-6.0,0.0,0.0,0.0,0.0,0.0,0.0,,,
2022/04/26,31.3,31.32,31.13,31.2,240.0,7528.0,0.1927,2.2161,773.0,20.0,0.0,-16.0,4.0,0.0,0.0,0.0,0.0,0.0,0.0,,,
2022/04/27,31.01,31.01,30.6,30.63,112.0,3468.0,-1.8269,1.0342,866.0,-5.0,0.0,-4.0,-9.0,0.0,0.0,0.0,0.0,0.0,0.0,,,
2022/04/28,30.83,30.84,30.53,30.83,252.0,7758.0,0.653,2.3269,872.0,3.0,0.0,-5.0,-2.0,0.0,0.0,0.0,0.0,0.0,0.0,,,
2022/04/29,31.36,31.36,31.1,31.13,161.0,5013.0,0.9731,1.4866,15.0,-44.0,0.0,45.0,1.0,0.0,0.0,0.0,0.0,0.0,0.0,,,
2022/05/03,31.35,31.35,30.85,30.89,188.0,5837.0,-0.771,1.7359,699.0,36.0,0.0,-29.0,7.0,0.0,0.0,0.0,0.0,0.0,0.0,,,
2022/05/04,30.9,30.91,30.85,30.85,127.0,3936.0,-0.1295,1.1727,589.0,-2.0,0.0,25.0,23.0,0.0,0.0,0.0,0.0,0.0,0.0,,,
2022/05/05,31.39,31.39,31.04,31.12,121.0,3770.0,0.8752,1.1173,16.0,7.0,0.0,-16.0,-9.0,0.0,0.0,0.0,0.0,0.0,0.0,,,
2022/05/06,31.1,31.1,30.2,30.45,176.0,5377.0,-2.153,1.6251,975.0,-70.0,0.0,61.0,-9.0,0.0,0.0,0.0,0.0,0.0,0.0,,,
2022/05/09,30.2,30.2,29.85,29.85,157.0,4726.0,-1.9704,1.4497,51.0,18.0,0.0,-35.0,-17.0,0.0,0.0,0.0,0.0,0.0,0.0,,,
2022/05/10,29.56,29.6,29.3,29.6,129.0,3817.0,-0.8375,1.1911,35.0,-17.0,0.0,12.0,-5.0,0.0,0.0,0.0,0.0,0.0,0.0,,,
2022/05/11,29.64,29.7,29.64,29.69,106.0,3166.0,0.3041,0.9788,11.0,1.0,0.0,3.0,4.0,0.0,0.0,0.0,0.0,0.0,0.0,,,
2022/05/12,29.47,29.47,29.05,29.05,115.0,3365.0,-2.1556,1.0619,30.0,0.0,0.0,2.0,2.0,0.0,0.0,0.0,0.0,0.0,0.0,,,
2022/05/13,29.33,29.33,29.27,29.33,115.0,3370.0,0.9639,1.0619,7.0,0.0,0.0,12.0,12.0,0.0,0.0,0.0,0.0,0.0,0.0,,,
2022/05/16,29.48,29.48,29.4,29.45,105.0,3097.0,0.4091,0.9695,476.0,1.0,0.0,0.0,1.0,0.0,0.0,0.0,0.0,0.0,0.0,,,
2022/05/17,29.45,29.72,29.45,29.72,106.0,3178.0,0.9168,0.9788,635.0,3.0,0.0,0.0,3.0,0.0,0.0,0.0,0.0,0.0,0.0,,,
2022/05/18,30.01,30.19,29.95,30.17,114.0,3441.0,1.5141,1.0526,18.0,1.0,0.0,-6.0,-5.0,0.0,0.0,0.0,0.0,0.0,0.0,,,
2022/05/19,29.58,29.63,29.53,29.62,111.0,3302.0,-1.823,1.0249,22.0,-1.0,0.0,6.0,5.0,0.0,0.0,0.0,0.0,0.0,0.0,,,
2022/05/20,29.97,29.97,29.9,29.9,103.0,3107.0,0.9453,0.9511,938.0,0.0,0.0,-2.0,-2.0,0.0,0.0,0.0,0.0,0.0,0.0,,,
2022/05/23,29.9,29.96,29.87,29.87,105.0,3145.0,-0.1003,0.9695,975.0,-1.0,0.0,-1.0,-2.0,0.0,0.0,0.0,0.0,0.0,0.0,,,
2022/05/24,29.59,29.59,29.42,29.42,105.0,3124.0,-1.5065,0.9695,680.0,0.0,0.0,-1.0,-1.0,0.0,0.0,0.0,0.0,0.0,0.0,,,
2022/05/25,29.42,29.74,29.4,29.74,106.0,3150.0,1.0877,0.9788,6.0,1.0,0.0,3.0,4.0,0.0,0.0,0.0,0.0,0.0,0.0,,,
2022/05/26,29.74,29.74,29.45,29.45,115.0,3392.0,-0.9751,1.0619,951.0,-4.0,0.0,-10.0,-14.0,0.0,0.0,0.0,0.0,0.0,0.0,,,
2022/05/27,29.74,30.06,29.74,30.0,15.0,465.0,1.8676,0.1385,571.0,0.0,0.0,12.0,12.0,0.0,0.0,0.0,0.0,0.0,0.0,,,
2022/05/30,30.56,30.67,30.54,30.67,111.0,3404.0,2.2333,1.0249,988.0,1.0,0.0,-3.0,-2.0,0.0,0.0,0.0,0.0,0.0,0.0,,,
2022/05/31,30.5,31.22,30.5,31.22,124.0,3837.0,1.7933,1.145,14.0,1.0,0.0,21.0,22.0,0.0,0.0,0.0,0.0,0.0,0.0,,,
2022/06/01,31.24,31.24,31.08,31.08,106.0,3316.0,-0.4484,0.9788,690.0,3.0,0.0,-1.0,2.0,0.0,0.0,0.0,0.0,0.0,0.0,,,
2022/06/02,30.84,30.85,30.83,30.83,127.0,3919.0,-0.8044,1.1727,7.0,0.0,0.0,2.0,2.0,0.0,0.0,0.0,0.0,0.0,0.0,,,
2022/06/06,30.77,31.02,30.74,30.96,151.0,4668.0,0.4217,1.3943,36.0,2.0,0.0,0.0,2.0,0.0,0.0,0.0,0.0,0.0,0.0,,,
2022/06/07,30.7,30.71,30.6,30.71,45.0,1379.0,-0.8075,0.4155,843.0,1.0,0.0,-3.0,-2.0,0.0,0.0,0.0,0.0,0.0,0.0,,,
2022/06/08,30.96,31.14,30.96,30.97,127.0,3963.0,0.8466,1.1727,21.0,1.0,0.0,-2.0,-1.0,0.0,0.0,0.0,0.0,0.0,0.0,,,
2022/06/09,30.96,30.96,30.96,30.96,100.0,3108.0,-0.0323,0.9234,7.0,0.0,0.0,0.0,0.0,0.0,0.0,0.0,0.0,0.0,0.0,,,
2022/06/10,30.72,30.73,30.7,30.72,125.0,3860.0,-0.7752,1.1542,23.0,-1.0,0.0,-3.0,-4.0,0.0,0.0,0.0,0.0,0.0,0.0,,,
2022/06/13,30.01,30.01,29.86,29.99,190.0,5703.0,-2.3763,1.7544,998.0,2.0,0.0,-4.0,-2.0,3.0,3.0,0.0,0.0,0.0,0.0,,,
2022/06/14,29.71,29.71,29.54,29.71,178.0,5299.0,-0.9336,1.6436,576.0,9.0,0.0,-11.0,-2.0,3.0,0.0,0.0,0.0,0.0,0.0,,,
2022/06/15,29.76,29.78,29.63,29.78,209.0,6222.0,0.2356,1.9298,20.0,0.0,0.0,1.0,1.0,3.0,0.0,0.0,0.0,0.0,0.0,,,
2022/06/16,29.88,29.88,29.63,29.63,106.0,3152.0,-0.5037,0.9788,936.0,-2.0,0.0,-1.0,-3.0,3.0,0.0,0.0,0.0,0.0,0.0,,,
2022/06/17,29.23,29.23,29.05,29.07,154.0,4480.0,-1.89,1.422,984.0,-1.0,0.0,-1.0,-2.0,3.0,0.0,0.0,0.0,0.0,0.0,,,
2022/06/20,29.03,29.07,28.74,28.88,286.0,8264.0,-0.6536,2.6408,42.0,-12.0,0.0,-4.0,-16.0,3.0,0.0,0.0,0.0,0.0,0.0,,,
2022/06/21,29.13,29.52,29.11,29.52,127.0,3754.0,2.2161,1.1727,926.0,1.0,0.0,20.0,21.0,3.0,0.0,0.0,0.0,0.0,0.0,,,
2022/06/22,29.29,29.29,28.92,28.92,120.0,3490.0,-2.0325,1.108,24.0,0.0,0.0,-8.0,-8.0,3.0,0.0,0.0,0.0,0.0,0.0,,,
2022/06/23,28.92,28.92,28.46,28.65,108.0,3097.0,-0.9336,0.9972,12.0,-2.0,0.0,-4.0,-6.0,3.0,0.0,0.0,0.0,0.0,0.0,,,
2022/06/24,28.75,28.75,28.7,28.7,104.0,2997.0,0.1745,0.9603,411.0,0.0,0.0,-4.0,-4.0,3.0,0.0,0.0,0.0,0.0,0.0,,,
2022/06/27,29.15,29.36,29.14,29.14,107.0,3154.0,1.5331,0.988,598.0,2.0,0.0,-2.0,0.0,3.0,0.0,0.0,0.0,0.0,0.0,,,
2022/06/28,28.94,28.95,28.86,28.86,110.0,3178.0,-0.9609,1.0157,556.0,0.0,0.0,-3.0,-3.0,3.0,0.0,0.0,0.0,0.0,0.0,,,
2022/06/29,28.82,28.82,28.73,28.73,104.0,3000.0,-0.4505,0.9603,18.0,-1.0,0.0,2.0,1.0,3.0,0.0,0.0,0.0,0.0,0.0,,,
2022/06/30,28.15,28.17,28.1,28.17,6.0,181.0,-1.9492,0.0554,17.0,2.0,0.0,-6.0,-4.0,3.0,0.0,0.0,0.0,0.0,0.0,,,
2022/07/01,28.1,28.13,27.25,27.3,112.0,3081.0,-3.0884,1.0342,29.0,-4.0,0.0,-3.0,-7.0,3.0,0.0,0.0,0.0,0.0,0.0,,,
2022/07/04,27.3,27.35,27.05,27.14,127.0,3450.0,-0.5861,1.1727,40.0,3.0,0.0,6.0,9.0,3.0,0.0,0.0,0.0,0.0,0.0,,,
2022/07/05,27.16,27.47,26.83,27.02,117.0,3169.0,-0.4422,1.0803,714.0,8.0,0.0,-5.0,3.0,3.0,0.0,0.0,0.0,0.0,0.0,,,
2022/07/06,26.82,26.82,26.57,26.57,112.0,2988.0,-1.6654,1.0342,983.0,0.0,0.0,-3.0,-3.0,3.0,0.0,0.0,0.0,0.0,0.0,,,
2022/07/07,26.57,27.12,26.57,27.08,105.0,2844.0,1.9195,0.9695,115.0,0.0,0.0,1.0,1.0,3.0,0.0,0.0,0.0,0.0,0.0,,,
2022/07/08,27.32,27.58,27.3,27.31,113.0,3094.0,0.8493,1.0434,976.0,1.0,0.0,-5.0,-4.0,3.0,0.0,0.0,0.0,0.0,0.0,,,
2022/07/11,27.39,27.39,27.16,27.24,105.0,2880.0,-0.2563,0.9695,646.0,0.0,0.0,1.0,1.0,3.0,0.0,0.0,0.0,0.0,0.0,,,
2022/07/12,26.62,26.62,26.53,26.53,106.0,2833.0,-2.6065,0.9788,678.0,0.0,0.0,-3.0,-3.0,3.0,0.0,0.0,0.0,0.0,0.0,,,
2022/07/13,27.15,27.3,27.15,27.28,109.0,2978.0,2.827,1.0065,9.0,0.0,0.0,4.0,4.0,3.0,0.0,0.0,0.0,0.0,0.0,,,
2022/07/14,27.4,27.47,27.4,27.47,101.0,2774.0,0.6965,0.9326,204.0,0.0,0.0,-1.0,-1.0,3.0,0.0,0.0,0.0,0.0,0.0,,,
2022/07/15,27.71,27.71,27.68,27.68,102.0,2828.0,0.7645,0.9418,965.0,0.0,0.0,-1.0,-1.0,3.0,0.0,0.0,0.0,0.0,0.0,,,
2022/07/18,27.93,27.99,27.82,27.99,112.0,3126.0,1.1199,1.0342,643.0,0.0,0.0,-9.0,-9.0,3.0,0.0,0.0,0.0,0.0,0.0,,,
2022/07/19,27.81,27.82,27.8,27.8,105.0,2941.0,-0.6788,0.9695,957.0,0.0,0.0,-1.0,-1.0,3.0,0.0,0.0,0.0,0.0,0.0,,,
2022/07/20,28.14,28.18,27.97,27.97,107.0,3013.0,0.6115,0.988,612.0,-1.0,0.0,2.0,1.0,3.0,0.0,0.0,0.0,0.0,0.0,,,
2022/07/21,28.06,28.43,28.06,28.43,105.0,2990.0,1.6446,0.9695,629.0,0.0,0.0,3.0,3.0,3.0,0.0,0.0,0.0,0.0,0.0,,,
2022/07/22,28.41,28.41,28.4,28.4,101.0,2887.0,-0.1055,0.9326,553.0,0.0,0.0,-1.0,-1.0,3.0,0.0,0.0,0.0,0.0,0.0,,,
2022/07/25,28.19,28.43,28.19,28.43,106.0,3015.0,0.1056,0.9788,701.0,0.0,0.0,1.0,1.0,3.0,0.0,0.0,0.0,0.0,0.0,,,
2022/07/26,28.23,28.23,28.11,28.14,109.0,3081.0,-1.02,1.0065,567.0,0.0,0.0,-3.0,-3.0,3.0,0.0,0.0,0.0,0.0,0.0,,,
2022/07/27,28.26,28.34,28.26,28.34,203.0,5750.0,0.7107,1.8744,177.0,0.0,0.0,1.0,1.0,3.0,0.0,0.0,0.0,0.0,0.0,,,
2022/07/28,28.48,28.68,28.48,28.6,9.0,259.0,0.9174,0.0831,690.0,0.0,0.0,-6.0,-6.0,3.0,0.0,0.0,0.0,0.0,0.0,,,
2022/07/29,28.8,28.8,28.63,28.63,155.0,4449.0,0.1049,1.4312,734.0,0.0,0.0,-18.0,-18.0,3.0,0.0,0.0,0.0,0.0,0.0,,,
2022/08/01,28.68,28.8,28.68,28.8,206.0,5916.0,0.5938,1.9021,708.0,0.0,0.0,1.0,1.0,3.0,0.0,0.0,0.0,0.0,0.0,,,
2022/08/02,28.22,28.26,28.22,28.26,202.0,5709.0,-1.875,1.8652,964.0,0.0,0.0,-1.0,-1.0,3.0,0.0,0.0,0.0,0.0,0.0,,,
2022/08/03,28.35,28.41,28.35,28.35,107.0,3053.0,0.3185,0.988,699.0,0.0,0.0,5.0,5.0,3.0,0.0,0.0,0.0,0.0,0.0,,,
2022/08/04,28.22,28.34,28.22,28.34,102.0,2913.0,-0.0353,0.9418,604.0,0.0,0.0,-1.0,-1.0,3.0,0.0,0.0,0.0,0.0,0.0,,,
2022/08/05,28.95,29.05,28.95,29.03,110.0,3203.0,2.4347,1.0157,686.0,0.0,0.0,7.0,7.0,0.0,0.0,3.0,0.0,0.0,0.0,,,
2022/08/08,28.97,29.12,28.92,29.06,133.0,3875.0,0.1033,1.2281,544.0,0.0,0.0,15.0,15.0,0.0,0.0,0.0,0.0,0.0,0.0,,,
2022/08/09,28.78,29.04,28.78,29.03,107.0,3131.0,-0.1032,0.988,273.0,0.0,0.0,4.0,4.0,0.0,0.0,0.0,0.0,0.0,0.0,,,
2022/08/10,28.74,28.76,28.74,28.74,202.0,5836.0,-0.999,1.8652,703.0,0.0,0.0,-2.0,-2.0,0.0,0.0,0.0,0.0,0.0,0.0,,,
2022/08/11,28.89,29.25,28.89,29.22,10.0,306.0,1.6701,0.0923,356.0,0.0,0.0,6.0,6.0,0.0,0.0,0.0,0.0,0.0,0.0,,,
2022/08/12,29.39,29.41,29.39,29.41,2.0,85.0,0.6502,0.0185,673.0,0.0,0.0,1.0,1.0,0.0,0.0,0.0,0.0,0.0,0.0,,,
2022/08/15,29.65,29.79,29.65,29.79,7.0,226.0,1.2921,0.0646,732.0,0.0,0.0,3.0,3.0,0.0,0.0,0.0,0.0,0.0,0.0,,,
2022/08/16,29.79,29.79,29.73,29.73,204.0,6079.0,-0.2014,1.8837,474.0,0.0,0.0,-3.0,-3.0,0.0,0.0,0.0,0.0,0.0,0.0,,,
2022/08/17,29.75,29.75,29.65,29.7,254.0,7554.0,-0.1009,2.3453,711.0,0.0,0.0,-4.0,-4.0,0.0,0.0,0.0,0.0,0.0,0.0,,,
2022/08/18,29.52,29.62,29.51,29.59,110.0,3276.0,-0.3704,1.0157,713.0,0.0,0.0,-7.0,-7.0,0.0,0.0,0.0,0.0,0.0,0.0,,,
2022/08/19,29.66,29.66,29.66,29.66,102.0,3047.0,0.2366,0.9418,705.0,0.0,0.0,-1.0,-1.0,0.0,0.0,0.0,0.0,0.0,0.0,,,
2022/08/22,29.29,29.3,29.24,29.24,104.0,3062.0,-1.416,0.9603,632.0,0.0,0.0,-1.0,-1.0,0.0,0.0,0.0,0.0,0.0,0.0,,,
2022/08/23,29.18,29.18,28.95,28.95,132.0,3838.0,-0.9918,1.2188,867.0,0.0,0.0,-1.0,-1.0,0.0,0.0,0.0,0.0,0.0,0.0,,,
2022/08/24,28.95,28.95,28.8,28.81,103.0,2992.0,-0.4836,0.9511,686.0,0.0,0.0,0.0,0.0,0.0,0.0,0.0,0.0,0.0,0.0,,,
2022/08/25,29.02,29.05,29.02,29.05,101.0,2949.0,0.833,0.9326,598.0,0.0,0.0,-1.0,-1.0,0.0,0.0,0.0,0.0,0.0,0.0,,,
2022/08/26,29.24,29.3,29.23,29.23,108.0,3179.0,0.6196,0.9972,611.0,0.0,0.0,2.0,2.0,0.0,0.0,0.0,0.0,0.0,0.0,,,
2022/08/29,28.35,28.55,28.35,28.55,111.0,3188.0,-2.3264,1.0249,393.0,0.0,0.0,-8.0,-8.0,0.0,0.0,0.0,0.0,0.0,0.0,,,
2022/08/30,28.4,28.58,28.4,28.52,105.0,3020.0,-0.1051,0.9695,979.0,0.0,0.0,-2.0,-2.0,0.0,0.0,0.0,0.0,0.0,0.0,,,
2022/08/31,28.49,28.71,28.49,28.71,101.0,2920.0,0.6662,0.9326,676.0,0.0,0.0,0.0,0.0,0.0,0.0,0.0,0.0,0.0,0.0,,,
2022/09/01,28.12,28.12,28.0,28.1,120.0,3384.0,-2.1247,1.108,39.0,0.0,0.0,4.0,4.0,0.0,0.0,0.0,0.0,0.0,0.0,,,
2022/09/02,27.86,27.89,27.8,27.8,120.0,3350.0,-1.0676,1.108,22.0,0.0,0.0,-1.0,-1.0,0.0,0.0,0.0,0.0,0.0,0.0,,,
2022/09/05,27.8,27.88,27.77,27.86,122.0,3401.0,0.2158,1.1265,18.0,0.0,0.0,17.0,17.0,0.0,0.0,0.0,0.0,0.0,0.0,,,
2022/09/06,27.94,27.97,27.84,27.93,124.0,3462.0,0.2513,1.145,850.0,0.0,0.0,-2.0,-2.0,0.0,0.0,0.0,0.0,0.0,0.0,,,
2022/09/07,27.77,27.77,27.45,27.5,117.0,3229.0,-1.5396,1.0803,315.0,0.0,0.0,-6.0,-6.0,0.0,0.0,0.0,0.0,0.0,0.0,,,
2022/09/08,27.5,27.72,27.5,27.7,122.0,3390.0,0.7273,1.1265,980.0,0.0,0.0,-11.0,-11.0,0.0,0.0,0.0,0.0,0.0,0.0,,,
2022/09/12,28.12,28.23,28.12,28.2,103.0,2909.0,1.8051,0.9511,957.0,0.0,0.0,1.0,1.0,0.0,0.0,0.0,0.0,0.0,0.0,,,
2022/09/13,28.42,28.42,28.33,28.33,53.0,1525.0,0.461,0.4894,865.0,0.0,0.0,-2.0,-2.0,0.0,0.0,0.0,0.0,0.0,0.0,,,
2022/09/14,27.83,27.9,27.82,27.82,106.0,2957.0,-1.8002,0.9788,657.0,0.0,0.0,1.0,1.0,0.0,0.0,0.0,0.0,0.0,0.0,,,
2022/09/15,27.85,27.93,27.85,27.9,105.0,2931.0,0.2876,0.9695,971.0,0.0,0.0,3.0,3.0,0.0,0.0,0.0,0.0,0.0,0.0,,,
2022/09/16,27.51,27.58,27.51,27.58,187.0,5181.0,-1.147,1.7267,883.0,0.0,0.0,0.0,0.0,0.0,0.0,0.0,0.0,0.0,0.0,,,
2022/09/19,27.56,27.61,27.39,27.47,122.0,3363.0,-0.3988,1.1265,97.0,0.0,0.0,-13.0,-13.0,0.0,0.0,0.0,0.0,0.0,0.0,,,
2022/09/20,27.56,27.67,27.48,27.63,188.0,5218.0,0.5825,1.7359,993.0,0.0,0.0,-9.0,-9.0,0.0,0.0,0.0,0.0,0.0,0.0,,,
2022/09/21,27.4,27.4,27.4,27.4,13.0,361.0,-0.8324,0.12,976.0,0.0,0.0,11.0,11.0,0.0,0.0,0.0,0.0,0.0,0.0,,,
2022/09/22,26.89,27.23,26.87,27.14,300.0,8146.0,-0.9489,2.7701,36.0,0.0,0.0,1.0,1.0,0.0,0.0,0.0,0.0,0.0,0.0,,,
2022/09/23,26.9,26.9,26.85,26.85,102.0,2743.0,-1.0685,0.9418,10.0,0.0,0.0,-2.0,-2.0,0.0,0.0,0.0,0.0,0.0,0.0,,,
2022/09/26,26.8,26.8,26.25,26.47,154.0,4072.0,-1.4153,1.422,1007.0,0.0,0.0,-3.0,-3.0,10.0,10.0,0.0,0.0,0.0,0.0,,,
2022/09/27,26.37,26.4,26.22,26.35,150.0,3963.0,-0.4533,1.385,680.0,0.0,0.0,-13.0,-13.0,25.0,15.0,0.0,0.0,0.0,0.0,,,
2022/09/28,26.0,26.07,25.68,25.7,70.0,1807.0,-2.4668,0.6464,998.0,0.0,0.0,0.0,0.0,15.0,0.0,10.0,0.0,0.0,0.0,,,
2022/09/29,25.8,25.89,25.67,25.74,261.0,6720.0,0.1556,2.41,1013.0,0.0,0.0,15.0,15.0,15.0,0.0,0.0,0.0,0.0,0.0,,,
2022/09/30,25.33,25.47,25.33,25.47,206.0,5221.0,-1.049,1.9021,19.0,0.0,0.0,4.0,4.0,15.0,0.0,0.0,0.0,0.0,0.0,,,
2022/10/03,25.09,25.39,25.09,25.16,130.0,3294.0,-1.2171,1.2004,20.0,0.0,0.0,9.0,9.0,15.0,0.0,0.0,0.0,0.0,0.0,,,
2022/10/04,25.62,25.76,25.62,25.72,103.0,2651.0,2.2258,0.9511,955.0,0.0,0.0,0.0,0.0,15.0,0.0,0.0,0.0,0.0,0.0,,,
2022/10/05,26.29,26.53,26.29,26.33,182.0,4809.0,2.3717,1.6805,985.0,0.0,0.0,10.0,10.0,5.0,5.0,15.0,0.0,0.0,0.0,,,
2022/10/06,26.53,26.53,26.37,26.42,108.0,2873.0,0.3418,0.9532,966.0,0.0,0.0,5.0,5.0,5.0,0.0,0.0,0.0,0.0,0.0,,,
2022/10/07,26.36,27.09,26.1,26.22,225.0,5906.0,-0.757,1.9019,278.0,0.0,0.0,-92.0,-92.0,5.0,0.0,0.0,0.0,0.0,0.0,,,
2022/10/11,25.19,25.52,24.98,25.52,127.0,3200.0,-2.6697,1.0735,1012.0,0.0,0.0,-16.0,-16.0,5.0,0.0,0.0,0.0,0.0,0.0,,,
2022/10/12,24.97,24.97,24.82,24.89,121.0,3018.0,-2.4687,1.0228,971.0,0.0,0.0,-6.0,-6.0,5.0,0.0,0.0,0.0,0.0,0.0,,,
2022/10/13,24.46,24.52,24.46,24.52,123.0,3027.0,-1.4865,1.0397,18.0,0.0,0.0,20.0,20.0,0.0,0.0,5.0,0.0,0.0,0.0,,,
2022/10/14,24.94,25.12,24.94,25.08,142.0,3569.0,2.2838,1.2003,552.0,0.0,0.0,-14.0,-14.0,0.0,0.0,0.0,0.0,0.0,0.0,,,
2022/10/17,24.6,24.74,24.57,24.71,117.0,2889.0,-1.4753,0.9489,937.0,0.0,0.0,-14.0,-14.0,0.0,0.0,0.0,0.0,0.0,0.0,,,
2022/10/18,24.96,25.07,24.9,25.07,121.0,3030.0,1.4569,0.9813,706.0,0.0,0.0,5.0,5.0,0.0,0.0,0.0,0.0,0.0,0.0,,,
2022/10/19,25.0,25.0,24.85,24.85,103.0,2575.0,-0.8775,0.8354,12.0,0.0,0.0,-3.0,-3.0,0.0,0.0,0.0,0.0,0.0,0.0,,,
2022/10/20,24.43,24.55,24.43,24.55,104.0,2555.0,-1.2072,0.8435,962.0,0.0,0.0,-1.0,-1.0,0.0,0.0,0.0,0.0,0.0,0.0,,,
2022/10/21,24.71,24.77,24.55,24.55,164.0,4051.0,0.0,1.3301,1004.0,0.0,0.0,-61.0,-61.0,0.0,0.0,0.0,0.0,0.0,0.0,,,
2022/10/24,24.8,24.8,24.66,24.66,103.0,2545.0,0.4481,0.8028,12.0,0.0,0.0,0.0,0.0,0.0,0.0,0.0,0.0,0.0,0.0,,,
2022/10/25,24.48,24.48,24.12,24.12,116.0,2813.0,-2.1898,0.9041,972.0,0.0,0.0,-15.0,-15.0,10.0,10.0,0.0,0.0,0.0,0.0,,,
2022/10/26,24.12,24.3,24.1,24.29,117.0,2839.0,0.7048,0.9119,944.0,0.0,0.0,8.0,8.0,10.0,0.0,0.0,0.0,0.0,0.0,,,
2022/10/27,24.67,24.69,24.56,24.59,129.0,3193.0,1.2351,1.0055,630.0,0.0,0.0,15.0,15.0,0.0,0.0,10.0,0.0,0.0,0.0,,,
2022/10/28,24.5,24.5,24.22,24.22,134.0,3272.0,-1.5047,1.0444,1020.0,0.0,0.0,-8.0,-8.0,0.0,0.0,0.0,0.0,0.0,0.0,,,
2022/10/31,24.49,24.74,24.49,24.71,108.0,2675.0,2.0231,0.8102,987.0,0.0,0.0,4.0,4.0,0.0,0.0,0.0,0.0,0.0,0.0,,,
2022/11/01,24.71,24.92,24.71,24.86,105.0,2609.0,0.607,0.7877,1018.0,0.0,0.0,-2.0,-2.0,0.0,0.0,0.0,0.0,0.0,0.0,,,
2022/11/02,24.98,25.39,24.92,25.09,2665.0,66917.0,0.9252,12.4941,1989.0,0.0,0.0,-2443.0,-2443.0,146.0,146.0,0.0,0.0,0.0,0.0,,,
2022/11/03,25.0,25.0,24.76,24.84,1821.0,45228.0,-0.9964,6.9161,1920.0,0.0,0.0,-1518.0,-1518.0,177.0,53.0,22.0,0.0,0.0,0.0,,,
2022/11/04,24.79,24.89,24.69,24.89,876.0,21712.0,0.2013,2.8882,1424.0,-40.0,0.0,-579.0,-619.0,183.0,48.0,42.0,0.0,0.0,0.0,,,
2022/11/07,25.16,25.37,25.1,25.3,796.0,20104.0,1.6472,2.6245,905.0,55.0,0.0,-259.0,-204.0,198.0,20.0,5.0,0.0,0.0,0.0,,,
2022/11/08,25.5,25.64,25.5,25.56,1005.0,25724.0,1.0277,3.3136,1385.0,14.0,0.0,-594.0,-580.0,196.0,35.0,37.0,0.0,0.0,0.0,,,
2022/11/09,25.93,26.25,25.87,26.21,868.0,22682.0,2.543,2.8619,1284.0,61.0,0.0,-428.0,-367.0,251.0,68.0,13.0,0.0,0.0,0.0,,,
2022/11/10,26.21,26.21,25.96,26.04,890.0,23217.0,-0.6486,2.9344,1516.0,-65.0,0.0,-297.0,-362.0,290.0,50.0,11.0,0.0,0.0,0.0,,,
2022/11/11,26.95,27.2,26.5,26.97,1014.0,27289.0,3.5714,3.3432,1387.0,63.0,0.0,411.0,474.0,181.0,13.0,122.0,0.0,0.0,0.0,,,
2022/11/14,27.3,27.45,27.17,27.37,1297.0,35432.0,1.4831,4.2763,626.0,-53.0,0.0,94.0,41.0,195.0,57.0,28.0,0.0,0.0,0.0,,,
2022/11/15,27.47,28.3,27.47,28.21,846.0,23696.0,3.0691,2.7893,1447.0,-6.0,0.0,-161.0,-167.0,168.0,17.0,44.0,0.0,0.0,0.0,,,
2022/11/16,28.47,28.53,28.1,28.16,1294.0,36623.0,-0.1772,4.2664,1340.0,-102.0,0.0,-450.0,-552.0,171.0,12.0,9.0,0.0,0.0,0.0,,,
2022/11/17,28.28,28.28,27.9,28.25,809.0,22726.0,0.3196,2.6673,780.0,37.0,0.0,-123.0,-86.0,81.0,30.0,120.0,0.0,0.0,0.0,,,
2022/11/18,28.35,28.54,28.25,28.29,773.0,21920.0,0.1416,2.5486,1298.0,-20.0,0.0,-433.0,-453.0,129.0,57.0,9.0,0.0,0.0,0.0,,,
2022/11/21,28.35,28.4,28.22,28.23,933.0,26408.0,-0.2121,3.0762,768.0,33.0,0.0,-555.0,-522.0,167.0,40.0,2.0,0.0,0.0,0.0,,,
2022/11/22,28.2,28.45,28.09,28.37,798.0,22585.0,0.4959,2.6311,1027.0,60.0,0.0,-284.0,-224.0,177.0,12.0,2.0,0.0,0.0,0.0,,,
2022/11/23,28.54,28.7,28.49,28.55,915.0,26152.0,0.6345,3.0168,918.0,2.0,0.0,-458.0,-456.0,113.0,9.0,73.0,0.0,0.0,0.0,,,
2022/11/24,28.6,28.81,28.6,28.79,1373.0,39424.0,0.8406,4.5269,1548.0,-16.0,0.0,-155.0,-171.0,133.0,23.0,3.0,0.0,0.0,0.0,,,
2022/11/25,28.94,29.03,28.86,28.91,4965.0,143680.0,0.4168,16.3699,2278.0,-23.0,0.0,-3022.0,-3045.0,254.0,144.0,23.0,0.0,0.0,0.0,,,
2022/11/28,26.38,26.38,25.9,25.9,1901.0,49554.0,-2.11,6.5938,1804.0,18.0,0.0,-821.0,-803.0,153.0,19.0,120.0,0.0,8.0,8.0,,,
2022/11/29,25.91,26.06,25.64,26.05,580.0,15040.0,0.5792,2.0473,703.0,39.0,0.0,189.0,228.0,145.0,4.0,12.0,8.0,0.0,0.0,,,
2022/11/30,26.2,26.36,26.05,26.36,776.0,20332.0,1.19,2.8394,970.0,-2.0,0.0,333.0,331.0,120.0,6.0,31.0,0.0,0.0,0.0,,,
2022/12/01,26.82,26.87,26.6,26.68,641.0,17138.0,1.214,2.3454,931.0,-26.0,0.0,-27.0,-53.0,114.0,1.0,7.0,0.0,0.0,0.0,,,
2022/12/02,26.66,26.66,26.39,26.48,440.0,11675.0,-0.7496,1.6711,647.0,2.0,0.0,147.0,149.0,108.0,0.0,6.0,0.0,0.0,0.0,,,
2022/12/05,26.48,26.7,26.48,26.52,490.0,13057.0,0.1511,1.861,767.0,-4.0,0.0,169.0,165.0,102.0,2.0,8.0,0.0,0.0,0.0,,,
2022/12/06,26.52,26.55,26.12,26.13,390.0,10264.0,-1.4706,1.5099,1015.0,-15.0,0.0,-98.0,-113.0,104.0,4.0,2.0,0.0,0.0,0.0,,,
2022/12/07,26.13,26.2,25.93,25.98,457.0,11904.0,-0.5741,1.7693,1006.0,5.0,0.0,79.0,84.0,102.0,0.0,2.0,0.0,0.0,0.0,,,
2022/12/08,26.0,26.0,25.57,25.7,393.0,10098.0,-1.0778,1.5215,916.0,-21.0,0.0,-61.0,-82.0,104.0,2.0,0.0,0.0,0.0,0.0,,,
2022/12/09,25.85,26.02,25.85,25.93,302.0,7860.0,0.8949,1.1692,549.0,35.0,0.0,102.0,137.0,103.0,0.0,1.0,0.0,0.0,0.0,,,
2022/12/12,25.85,25.85,25.56,25.73,207.0,5343.0,-0.7713,0.8172,724.0,6.0,0.0,-1.0,5.0,106.0,3.0,0.0,0.0,0.0,0.0,,,
2022/12/13,25.8,25.83,25.6,25.6,262.0,6739.0,-0.5052,1.0343,761.0,-4.0,0.0,31.0,27.0,102.0,4.0,8.0,0.0,0.0,0.0,,,
2022/12/14,25.7,26.01,25.7,25.78,430.0,11113.0,0.7031,1.6976,597.0,-29.0,0.0,219.0,190.0,98.0,4.0,8.0,0.0,0.0,0.0,,,
2022/12/15,25.79,25.8,25.71,25.77,296.0,7647.0,-0.0388,1.2166,743.0,10.0,0.0,63.0,73.0,89.0,0.0,9.0,0.0,0.0,0.0,,,
2022/12/16,25.47,25.64,25.31,25.53,420.0,10719.0,-0.9313,1.7625,545.0,-43.0,0.0,8.0,-35.0,80.0,0.0,9.0,0.0,0.0,0.0,,,
2022/12/19,25.39,25.52,25.35,25.35,342.0,8689.0,-0.7051,1.4352,398.0,-10.0,0.0,28.0,18.0,83.0,4.0,1.0,0.0,0.0,0.0,,,
2022/12/20,25.31,25.34,24.93,24.95,342.0,8583.0,-1.5779,1.4352,784.0,1.0,0.0,-11.0,-10.0,84.0,2.0,1.0,0.0,0.0,0.0,,,
2022/12/21,25.06,25.11,24.93,24.98,261.0,6539.0,0.1202,1.0953,590.0,1.0,0.0,-16.0,-15.0,86.0,2.0,0.0,0.0,0.0,0.0,,,
2022/12/22,25.3,25.3,25.2,25.21,188.0,4756.0,0.9207,0.7889,679.0,8.0,0.0,14.0,22.0,84.0,0.0,0.0,0.0,0.0,0.0,,,
2022/12/23,25.02,25.02,24.93,25.0,253.0,6330.0,-0.833,1.0617,658.0,0.0,0.0,27.0,27.0,84.0,0.0,0.0,0.0,0.0,0.0,,,
2022/12/26,25.02,25.05,24.96,25.0,185.0,4629.0,0.0,0.7763,450.0,13.0,0.0,7.0,20.0,85.0,2.0,1.0,0.0,0.0,0.0,,,
2022/12/27,25.13,25.19,25.1,25.12,171.0,4319.0,0.48,0.7176,508.0,2.0,0.0,38.0,40.0,90.0,5.0,0.0,0.0,0.0,0.0,,,
2022/12/28,25.0,25.0,24.73,24.84,289.0,7184.0,-1.1146,1.2128,766.0,-22.0,0.0,-95.0,-117.0,107.0,18.0,1.0,0.0,0.0,0.0,,,
2022/12/29,24.76,24.76,24.56,24.63,263.0,6483.0,-0.8454,1.1037,741.0,10.0,0.0,49.0,59.0,119.0,16.0,4.0,0.0,0.0,0.0,,,
2022/12/30,24.88,24.91,24.86,24.86,210.0,5227.0,0.9338,0.8812,873.0,0.0,0.0,94.0,94.0,92.0,0.0,27.0,0.0,0.0,0.0,,,
2023/01/03,24.76,25.02,24.54,25.02,269.0,6720.0,0.6436,1.1288,1128.0,17.0,0.0,81.0,98.0,72.0,2.0,22.0,0.0,0.0,0.0,,,
2023/01/04,25.02,25.08,24.9,25.01,271.0,6795.0,-0.04,1.1372,632.0,-2.0,0.0,110.0,108.0,81.0,9.0,0.0,0.0,0.0,0.0,,,
2023/01/05,25.2,25.21,25.1,25.11,212.0,5343.0,0.3998,0.8896,943.0,-7.0,0.0,50.0,43.0,89.0,10.0,2.0,0.0,0.0,0.0,,,
2023/01/06,25.11,25.41,25.1,25.37,394.0,9980.0,1.0354,1.6534,975.0,1.0,0.0,191.0,192.0,78.0,3.0,14.0,0.0,0.0,0.0,,,
2023/01/09,25.45,26.1,25.45,26.1,557.0,14433.0,2.8774,2.3875,385.0,-43.0,0.0,347.0,304.0,75.0,5.0,8.0,0.0,0.0,0.0,,,
2023/01/10,26.25,26.29,26.0,26.13,272.0,7106.0,0.1149,1.1659,1015.0,-4.0,0.0,106.0,102.0,80.0,9.0,4.0,0.0,0.0,0.0,,,
2023/01/11,26.19,26.25,26.07,26.1,222.0,5812.0,-0.1148,0.9516,972.0,13.0,0.0,71.0,84.0,82.0,2.0,0.0,0.0,0.0,0.0,,,
2023/01/12,26.18,26.2,26.02,26.05,270.0,7049.0,-0.1916,1.1573,1042.0,13.0,0.0,103.0,116.0,84.0,2.0,0.0,0.0,0.0,0.0,,,
2023/01/13,26.15,26.42,26.12,26.19,331.0,8711.0,0.5374,1.4188,986.0,22.0,0.0,187.0,209.0,84.0,0.0,0.0,0.0,0.0,0.0,,,
2023/01/16,26.3,26.55,26.3,26.41,401.0,10607.0,0.84,1.7188,577.0,0.0,0.0,214.0,214.0,84.0,0.0,0.0,0.0,0.0,0.0,,,
2023/01/17,26.41,26.49,26.4,26.4,276.0,7317.0,-0.0379,1.2089,317.0,-1.0,0.0,129.0,128.0,66.0,2.0,20.0,0.0,0.0,0.0,,,
2023/01/30,27.32,27.4,27.07,27.24,745.0,20288.0,3.1818,3.3363,1181.0,47.0,0.0,524.0,571.0,69.0,6.0,3.0,0.0,0.0,0.0,,,
2023/01/31,27.01,27.25,26.97,27.01,233.0,6325.0,-0.8443,1.0434,659.0,-23.0,0.0,106.0,83.0,68.0,0.0,1.0,0.0,0.0,0.0,,,
2023/02/01,27.02,27.39,27.01,27.21,252.0,6829.0,0.7405,1.1285,654.0,8.0,0.0,75.0,83.0,72.0,4.0,0.0,0.0,0.0,0.0,,,
2023/02/02,27.48,27.5,27.38,27.5,346.0,9508.0,1.0658,1.5495,293.0,5.0,0.0,214.0,219.0,72.0,0.0,0.0,0.0,0.0,0.0,,,
2023/02/03,27.37,27.56,27.37,27.56,278.0,7658.0,0.2182,1.245,646.0,25.0,0.0,124.0,149.0,67.0,0.0,5.0,0.0,0.0,0.0,,,
2023/02/06,27.47,27.47,27.06,27.18,252.0,6874.0,-1.3788,1.1285,563.0,-6.0,0.0,108.0,102.0,70.0,3.0,0.0,0.0,0.0,0.0,,,
2023/02/07,27.1,27.29,27.09,27.1,176.0,4795.0,-0.2943,0.7882,817.0,-2.0,0.0,1.0,-1.0,64.0,0.0,6.0,0.0,0.0,0.0,,,
2023/02/08,27.31,27.61,27.31,27.55,445.0,12247.0,1.6605,1.9928,751.0,27.0,0.0,199.0,226.0,63.0,0.0,1.0,0.0,0.0,0.0,,,
2023/02/09,27.45,27.59,27.35,27.57,259.0,7125.0,0.0726,1.1599,569.0,84.0,0.0,37.0,121.0,66.0,3.0,0.0,0.0,0.0,0.0,,,
2023/02/10,27.5,27.57,27.48,27.57,202.0,5570.0,0.0,0.9046,551.0,0.0,0.0,76.0,76.0,66.0,0.0,0.0,0.0,0.0,0.0,,,
2023/02/13,27.55,27.55,27.36,27.48,158.0,4363.0,-0.3264,0.7238,416.0,-4.0,0.0,7.0,3.0,66.0,0.0,0.0,0.0,0.0,0.0,,,
2023/02/14,27.5,27.77,27.5,27.7,280.0,7744.0,0.8006,1.2826,205.0,-4.0,0.0,176.0,172.0,66.0,0.0,0.0,0.0,0.0,0.0,,,
2023/02/15,27.4,27.51,27.21,27.26,207.0,5649.0,-1.5884,0.9482,537.0,-15.0,0.0,22.0,7.0,68.0,2.0,0.0,0.0,0.0,0.0,,,
2023/02/16,27.36,27.49,27.31,27.46,183.0,5042.0,0.7337,0.8383,300.0,11.0,0.0,60.0,71.0,68.0,0.0,0.0,0.0,0.0,0.0,,,
2023/02/17,27.25,27.32,27.2,27.3,41.0,1134.0,-0.5827,0.1878,279.0,1.0,0.0,27.0,28.0,67.0,0.0,1.0,0.0,0.0,0.0,,,
2023/02/20,27.3,27.47,27.3,27.4,147.0,4038.0,0.3663,0.6734,1010.0,0.0,0.0,24.0,24.0,65.0,0.0,2.0,0.0,0.0,0.0,,,
2023/02/21,27.4,27.4,27.34,27.38,169.0,4626.0,-0.073,0.7742,670.0,0.0,0.0,96.0,96.0,62.0,0.0,3.0,0.0,0.0,0.0,,,
2023/02/22,27.0,27.21,27.0,27.12,193.0,5260.0,-0.9496,0.8841,485.0,1.0,0.0,95.0,96.0,61.0,0.0,1.0,0.0,0.0,0.0,,,
2023/02/23,27.34,27.54,27.34,27.44,236.0,6484.0,1.1799,1.0811,994.0,4.0,0.0,92.0,96.0,52.0,0.0,9.0,0.0,0.0,0.0,,,
2023/02/24,27.44,27.51,27.26,27.26,122.0,3339.0,-0.656,0.5589,889.0,-5.0,0.0,13.0,8.0,55.0,3.0,0.0,0.0,0.0,0.0,,,
2023/03/01,27.22,27.47,27.03,27.33,281.0,7717.0,0.2568,1.2872,970.0,8.0,0.0,67.0,75.0,55.0,0.0,0.0,0.0,0.0,0.0,,,
2023/03/02,27.49,27.5,27.29,27.48,212.0,5814.0,0.5488,0.9711,373.0,-56.0,0.0,89.0,33.0,55.0,0.0,0.0,0.0,0.0,0.0,,,
2023/03/03,27.5,27.6,27.42,27.47,158.0,4369.0,-0.0364,0.7238,953.0,-19.0,0.0,33.0,14.0,52.0,0.0,3.0,0.0,0.0,0.0,,,
2023/03/06,27.57,27.86,27.57,27.71,251.0,6976.0,0.8737,1.1767,937.0,19.0,0.0,79.0,98.0,41.0,0.0,11.0,0.0,0.0,0.0,,,
2023/03/07,27.71,27.9,27.71,27.9,218.0,6092.0,0.6857,1.0466,538.0,-3.0,0.0,78.0,75.0,44.0,4.0,1.0,0.0,0.0,0.0,,,
2023/03/08,27.78,27.84,27.62,27.77,39.0,1081.0,-0.4659,0.1872,708.0,-11.0,0.0,0.0,-11.0,43.0,0.0,1.0,0.0,0.0,0.0,,,
2023/03/09,27.84,28.03,27.83,27.83,313.0,8747.0,0.2161,1.5396,928.0,-48.0,0.0,116.0,68.0,40.0,0.0,3.0,0.0,0.0,0.0,,,
2023/03/10,27.68,27.68,27.32,27.4,188.0,5157.0,-1.5451,0.9247,836.0,2.0,0.0,15.0,17.0,40.0,0.0,0.0,0.0,0.0,0.0,,,
2023/03/13,27.35,27.35,27.1,27.34,155.0,4241.0,-0.219,0.7624,558.0,2.0,0.0,18.0,20.0,38.0,0.0,2.0,0.0,0.0,0.0,,,
2023/03/14,27.16,27.31,27.16,27.18,127.0,3464.0,-0.5852,0.6247,289.0,-7.0,0.0,-2.0,-9.0,38.0,0.0,0.0,0.0,0.0,0.0,,,
2023/03/15,27.17,27.36,27.08,27.08,176.0,4808.0,-0.3679,0.8657,903.0,-11.0,0.0,43.0,32.0,37.0,0.0,1.0,0.0,0.0,0.0,,,
2023/03/16,27.01,27.13,26.94,26.96,189.0,5113.0,-0.4431,0.9297,681.0,14.0,0.0,39.0,53.0,35.0,0.0,2.0,0.0,0.0,0.0,,,
2023/03/17,27.14,27.23,27.14,27.2,113.0,3101.0,0.8902,0.5558,211.0,4.0,0.0,2.0,6.0,35.0,0.0,0.0,0.0,0.0,0.0,,,
2023/03/20,27.21,27.22,27.14,27.15,137.0,3735.0,-0.1838,0.6739,973.0,6.0,0.0,-5.0,1.0,35.0,0.0,0.0,0.0,0.0,0.0,,,
2023/03/21,27.26,27.35,27.26,27.32,110.0,3008.0,0.6262,0.5411,266.0,1.0,0.0,0.0,1.0,35.0,0.0,0.0,0.0,0.0,0.0,,,
2023/03/22,27.77,27.77,27.6,27.65,245.0,6806.0,1.2079,1.2051,626.0,5.0,0.0,112.0,117.0,35.0,0.0,0.0,0.0,0.0,0.0,,,
2023/03/23,27.65,27.95,27.65,27.89,275.0,7671.0,0.868,1.3527,930.0,23.0,0.0,47.0,70.0,38.0,3.0,0.0,0.0,0.0,0.0,,,
2023/03/24,27.9,28.03,27.9,27.97,207.0,5809.0,0.2868,1.0182,564.0,-2.0,0.0,98.0,96.0,38.0,0.0,0.0,0.0,0.0,0.0,,,
2023/03/27,27.9,27.99,27.85,27.89,130.0,3658.0,-0.286,0.6394,962.0,9.0,0.0,4.0,13.0,38.0,0.0,0.0,0.0,0.0,0.0,,,
2023/03/28,27.88,27.88,27.68,27.77,148.0,4127.0,-0.4303,0.728,308.0,-11.0,0.0,19.0,8.0,36.0,0.0,2.0,0.0,0.0,0.0,,,
2023/03/29,27.72,27.72,27.67,27.69,114.0,3170.0,-0.2881,0.5607,649.0,1.0,0.0,0.0,1.0,36.0,0.0,0.0,0.0,0.0,0.0,,,
2023/03/30,27.8,27.83,27.78,27.79,141.0,3933.0,0.3611,0.711,983.0,5.0,0.0,18.0,23.0,36.0,0.0,0.0,0.0,0.0,0.0,,,
2023/03/31,27.92,27.97,27.8,27.85,232.0,6481.0,0.2159,1.1699,874.0,9.0,0.0,85.0,94.0,36.0,0.0,0.0,0.0,0.0,0.0,,,
2023/04/06,27.67,27.68,27.61,27.61,117.0,3258.0,-0.8618,0.59,914.0,-3.0,0.0,-7.0,-10.0,36.0,0.0,0.0,0.0,0.0,0.0,,,
2023/04/07,27.69,27.7,27.6,27.63,135.0,3731.0,0.0724,0.6808,811.0,-3.0,0.0,9.0,6.0,37.0,1.0,0.0,0.0,0.0,0.0,,,
2023/04/10,27.94,27.94,27.66,27.79,176.0,4911.0,0.5791,0.8875,841.0,-1.0,0.0,-55.0,-56.0,37.0,0.0,0.0,0.0,0.0,0.0,,,
2023/04/11,27.79,27.85,27.77,27.85,122.0,3422.0,0.2159,0.6152,313.0,1.0,0.0,10.0,11.0,37.0,0.0,0.0,0.0,0.0,0.0,,,
2023/04/12,27.86,27.86,27.71,27.8,167.0,4653.0,-0.1795,0.8422,780.0,2.0,0.0,40.0,42.0,37.0,0.0,0.0,0.0,0.0,0.0,,,
2023/04/13,27.74,27.74,27.69,27.71,125.0,3470.0,-0.3237,0.6304,509.0,-3.0,0.0,14.0,11.0,37.0,0.0,0.0,0.0,0.0,0.0,,,
2023/04/14,27.86,27.89,27.76,27.86,169.0,4715.0,0.5413,0.8522,500.0,9.0,0.0,13.0,22.0,37.0,0.0,0.0,0.0,0.0,0.0,,,
2023/04/17,27.86,27.86,27.6,27.8,239.0,6639.0,-0.2154,1.2052,420.0,-25.0,0.0,88.0,63.0,34.0,0.0,3.0,0.0,0.0,0.0,,,
2023/04/18,27.7,27.81,27.64,27.66,172.0,4772.0,-0.5036,0.8674,264.0,-6.0,0.0,49.0,43.0,31.0,0.0,3.0,0.0,0.0,0.0,,,
2023/04/19,27.66,27.66,27.5,27.5,134.0,3711.0,-0.5785,0.6757,873.0,1.0,0.0,-3.0,-2.0,31.0,0.0,0.0,0.0,0.0,0.0,,,
2023/04/20,27.48,27.5,27.36,27.44,171.0,4714.0,-0.2182,0.8623,1003.0,8.0,0.0,38.0,46.0,30.0,0.0,1.0,0.0,0.0,0.0,,,
2023/04/21,27.6,27.6,27.22,27.22,201.0,5518.0,-0.8017,1.0136,255.0,2.0,0.0,12.0,14.0,30.0,0.0,0.0,0.0,0.0,0.0,,,
2023/04/24,27.02,27.28,27.02,27.26,129.0,3541.0,0.147,0.6505,769.0,4.0,0.0,8.0,12.0,30.0,0.0,0.0,0.0,0.0,0.0,,,
2023/04/25,27.26,27.26,26.84,26.84,149.0,4030.0,-1.5407,0.7514,834.0,-11.0,0.0,-11.0,-22.0,30.0,0.0,0.0,0.0,0.0,0.0,,,
2023/04/26,26.81,26.81,26.51,26.75,145.0,3879.0,-0.3353,0.7312,983.0,5.0,0.0,9.0,14.0,30.0,0.0,0.0,0.0,0.0,0.0,,,
2023/04/27,26.6,26.92,26.5,26.78,150.0,4030.0,0.1121,0.7564,635.0,-10.0,0.0,6.0,-4.0,30.0,0.0,0.0,0.0,0.0,0.0,,,
2023/04/28,27.13,27.32,27.13,27.32,1003.0,27298.0,2.0164,5.058,620.0,-9.0,0.0,90.0,81.0,30.0,0.0,0.0,0.0,0.0,0.0,,,
2023/05/02,27.09,27.34,27.09,27.32,351.0,9581.0,0.0,1.77,870.0,-1.0,0.0,41.0,40.0,30.0,0.0,0.0,0.0,0.0,0.0,,,
2023/05/03,27.48,27.49,27.32,27.43,4335.0,118759.0,0.4026,16.1573,2870.0,-37.0,0.0,-4090.0,-4127.0,88.0,58.0,0.0,0.0,0.0,0.0,,,
2023/05/04,27.41,27.48,27.36,27.48,2507.0,68753.0,0.1823,8.2657,1609.0,0.0,0.0,-2439.0,-2439.0,122.0,35.0,1.0,0.0,0.0,0.0,,,
2023/05/05,27.57,27.57,27.42,27.47,2914.0,80058.0,-0.0364,9.1549,1684.0,-10.0,0.0,-2534.0,-2544.0,141.0,30.0,11.0,0.0,0.0,0.0,,,
2023/05/08,27.52,27.72,27.48,27.63,2477.0,68494.0,0.5825,7.5449,1111.0,-4.0,0.0,-1643.0,-1647.0,145.0,10.0,6.0,0.0,0.0,0.0,,,
2023/05/09,27.69,27.69,27.48,27.61,1638.0,45185.0,-0.0724,4.6363,1207.0,-2.0,0.0,-1277.0,-1279.0,120.0,2.0,27.0,0.0,0.0,0.0,,,
2023/05/10,27.61,27.61,27.35,27.4,2603.0,71391.0,-0.7606,7.0676,2220.0,-17.0,0.0,-2434.0,-2451.0,85.0,5.0,40.0,0.0,0.0,0.0,,,
2023/05/11,27.48,27.52,27.32,27.33,2143.0,58699.0,-0.2555,5.5189,2045.0,26.0,0.0,-1979.0,-1953.0,109.0,25.0,1.0,0.0,0.0,0.0,,,
2023/05/12,27.22,27.29,27.14,27.26,2233.0,60755.0,-0.2561,5.469,2096.0,8.0,0.0,-1968.0,-1960.0,113.0,9.0,5.0,0.0,0.0,0.0,,,
2023/05/15,27.21,27.25,27.12,27.23,2492.0,67738.0,-0.1101,5.8184,1305.0,0.0,0.0,-2183.0,-2183.0,126.0,13.0,0.0,0.0,0.0,0.0,,,
2023/05/16,27.44,27.56,27.41,27.54,1462.0,40180.0,1.1385,3.4135,899.0,-16.0,0.0,-717.0,-733.0,127.0,11.0,10.0,0.0,0.0,0.0,,,
2023/05/17,27.6,27.89,27.56,27.88,3448.0,95564.0,1.2346,7.4423,1624.0,0.0,0.0,-1354.0,-1354.0,127.0,14.0,11.0,0.0,0.0,0.0,,,
2023/05/18,28.24,28.27,28.08,28.25,7064.0,199110.0,1.3271,13.7619,2766.0,-38.0,0.0,-5888.0,-5926.0,284.0,160.0,3.0,0.0,0.0,0.0,,,
2023/05/19,28.28,28.38,28.24,28.38,8127.0,230147.0,0.4602,14.8222,3568.0,0.0,0.0,-5926.0,-5926.0,363.0,151.0,72.0,0.0,0.0,0.0,,,
2023/05/22,27.01,27.01,26.71,26.75,5396.0,144719.0,-0.4581,9.0949,3761.0,19.0,0.0,-3765.0,-3746.0,327.0,68.0,104.0,0.0,0.0,0.0,,,
2023/05/23,26.75,26.84,26.7,26.77,1479.0,39597.0,0.0748,2.4928,1038.0,-14.0,0.0,-361.0,-375.0,316.0,3.0,14.0,0.0,0.0,0.0,,,
2023/05/24,26.67,26.67,26.54,26.62,1878.0,49947.0,-0.5603,3.0873,1464.0,4.0,0.0,-1069.0,-1065.0,314.0,6.0,8.0,0.0,0.0,0.0,,,
2023/05/25,26.73,26.79,26.66,26.77,724.0,19376.0,0.5635,1.1902,930.0,-20.0,0.0,201.0,181.0,292.0,1.0,23.0,0.0,0.0,0.0,,,
2023/05/26,26.83,27.04,26.83,27.03,1281.0,34591.0,0.9712,2.1059,871.0,7.0,0.0,663.0,670.0,230.0,1.0,63.0,0.0,0.0,0.0,,,
2023/05/29,27.25,27.3,27.19,27.21,1135.0,30925.0,0.6659,1.8813,1520.0,-2.0,0.0,453.0,451.0,209.0,3.0,24.0,0.0,0.0,0.0,,,
2023/05/30,27.21,27.21,27.05,27.18,874.0,23737.0,-0.1103,1.4608,1329.0,11.0,0.0,513.0,524.0,217.0,15.0,7.0,0.0,0.0,0.0,,,
2023/05/31,27.1,27.15,27.0,27.1,478.0,12945.0,-0.2943,0.7989,984.0,14.0,0.0,24.0,38.0,219.0,2.0,0.0,0.0,0.0,0.0,,,
2023/06/01,27.08,27.08,26.95,26.97,488.0,13167.0,-0.4797,0.8225,554.0,-1.0,0.0,7.0,6.0,214.0,2.0,7.0,0.0,0.0,0.0,,,
2023/06/02,27.02,27.13,27.0,27.07,1583.0,42862.0,0.3708,2.6908,815.0,27.0,0.0,1062.0,1089.0,218.0,7.0,3.0,0.0,0.0,0.0,,,
2023/06/05,27.04,27.17,26.97,27.15,1198.0,32464.0,0.2955,2.0716,1343.0,21.0,0.0,836.0,857.0,184.0,0.0,34.0,0.0,0.0,0.0,,,
2023/06/06,27.15,27.17,27.07,27.09,876.0,23788.0,-0.221,1.528,579.0,52.0,0.0,467.0,519.0,179.0,0.0,5.0,0.0,0.0,0.0,,,
2023/06/07,27.18,27.55,27.18,27.5,2343.0,64191.0,1.5135,4.1967,929.0,-16.0,0.0,1628.0,1612.0,149.0,2.0,32.0,0.0,0.0,0.0,,,
2023/06/08,27.52,27.52,27.2,27.24,742.0,20295.0,-0.9455,1.3533,958.0,-27.0,0.0,157.0,130.0,147.0,1.0,3.0,0.0,0.0,0.0,,,
2023/06/09,27.24,27.36,27.23,27.32,661.0,18068.0,0.2937,1.2631,1214.0,58.0,0.0,419.0,477.0,147.0,1.0,1.0,0.0,0.0,0.0,,,
2023/06/12,27.34,27.47,27.34,27.45,1134.0,31125.0,0.4758,2.167,683.0,-20.0,0.0,1013.0,993.0,142.0,0.0,5.0,0.0,0.0,0.0,,,
2023/06/13,27.5,27.85,27.5,27.85,1910.0,52912.0,1.4572,3.795,680.0,0.0,0.0,1692.0,1692.0,127.0,0.0,9.0,0.0,0.0,0.0,,,
2023/06/14,27.85,27.99,27.8,27.98,972.0,27134.0,0.4668,1.9704,512.0,8.0,0.0,714.0,723.0,137.0,10.0,0.0,0.0,0.0,0.0,,,
2023/06/15,27.98,28.14,27.95,28.09,1289.0,36159.0,0.3931,2.6671,1262.0,-24.0,0.0,907.0,883.0,133.0,19.0,23.0,0.0,0.0,0.0,,,
2023/06/16,28.08,28.08,27.91,27.95,777.0,21774.0,-0.4984,1.6245,1400.0,-10.0,0.0,455.0,445.0,129.0,0.0,4.0,0.0,0.0,0.0,,,
2023/06/19,27.95,28.05,27.87,27.97,815.0,22820.0,0.0716,1.722,1162.0,10.0,0.0,691.0,701.0,119.0,0.0,10.0,0.0,0.0,0.0,,,
2023/06/20,27.97,27.97,27.8,27.8,606.0,16893.0,-0.6078,1.308,498.0,-48.0,0.0,386.0,338.0,121.0,2.0,0.0,0.0,0.0,0.0,,,
2023/06/21,27.75,27.87,27.67,27.8,398.0,11045.0,0.0,0.8591,701.0,9.0,0.0,247.0,256.0,118.0,0.0,3.0,0.0,0.0,0.0,,,
2023/06/26,27.78,27.78,27.45,27.48,473.0,13020.0,-1.1511,1.0209,805.0,-75.0,0.0,35.0,-40.0,120.0,2.0,0.0,0.0,0.0,0.0,,,
2023/06/27,27.41,27.44,27.3,27.35,579.0,15856.0,-0.4731,1.2497,1064.0,82.0,0.0,206.0,288.0,121.0,2.0,1.0,0.0,0.0,0.0,,,
2023/06/28,27.41,27.48,27.38,27.4,297.0,8151.0,0.1828,0.6411,443.0,-53.0,0.0,76.0,23.0,120.0,2.0,3.0,0.0,0.0,0.0,,,
2023/06/29,27.56,27.7,27.42,27.46,308.0,8505.0,0.219,0.6648,639.0,20.0,0.0,24.0,44.0,118.0,0.0,2.0,0.0,0.0,0.0,,,
2023/06/30,27.35,27.56,27.25,27.56,167.0,4587.0,0.3642,0.3605,335.0,19.0,0.0,88.0,107.0,124.0,10.0,4.0,0.0,0.0,0.0,,,
2023/07/03,27.58,27.69,27.52,27.65,321.0,8875.0,0.3266,0.7004,600.0,11.0,0.0,149.0,160.0,107.0,1.0,18.0,0.0,0.0,0.0,,,
2023/07/04,27.65,27.79,27.6,27.72,613.0,16989.0,0.2532,1.3376,1071.0,92.0,0.0,431.0,523.0,95.0,0.0,12.0,0.0,0.0,0.0,,,
2023/07/05,27.71,27.72,27.63,27.64,367.0,10181.0,-0.2886,0.8008,245.0,18.0,0.0,184.0,202.0,91.0,0.0,4.0,0.0,0.0,0.0,,,
2023/07/06,27.58,27.58,27.29,27.35,395.0,10833.0,-1.0492,0.8619,916.0,-147.0,0.0,-21.0,-168.0,110.0,21.0,2.0,0.0,0.0,0.0,,,
2023/07/07,27.26,27.26,27.12,27.21,454.0,12350.0,-0.5119,0.9906,1072.0,29.0,0.0,-12.0,17.0,112.0,4.0,2.0,0.0,0.0,0.0,,,
2023/07/10,27.21,27.35,27.13,27.13,237.0,6467.0,-0.294,0.5171,391.0,-84.0,0.0,7.0,-77.0,112.0,0.0,0.0,0.0,0.0,0.0,,,
2023/07/11,27.28,27.4,27.28,27.38,223.0,6120.0,0.9215,0.4866,1071.0,91.0,0.0,92.0,183.0,112.0,0.0,0.0,0.0,0.0,0.0,,,
2023/07/12,27.37,27.4,27.27,27.3,314.0,8610.0,-0.2922,0.6851,736.0,53.0,0.0,99.0,152.0,112.0,0.0,0.0,0.0,0.0,0.0,,,
2023/07/13,27.35,27.7,27.35,27.56,897.0,24785.0,0.9524,1.9572,667.0,12.0,0.0,635.0,647.0,113.0,1.0,0.0,0.0,0.0,0.0,,,
2023/07/14,27.66,27.75,27.52,27.7,1020.0,28249.0,0.508,2.2753,807.0,171.0,0.0,607.0,778.0,113.0,0.0,0.0,0.0,0.0,0.0,,,
2023/07/17,27.71,27.75,27.69,27.69,741.0,20557.0,-0.0361,1.6906,522.0,-2.0,0.0,449.0,447.0,93.0,0.0,0.0,0.0,0.0,0.0,,,
2023/07/18,27.69,27.75,27.6,27.64,747.0,20688.0,-0.1806,1.724,661.0,3.0,0.0,400.0,403.0,93.0,0.0,0.0,0.0,0.0,0.0,,,
2023/07/19,27.7,27.8,27.62,27.62,404.0,11194.0,-0.0724,0.9433,487.0,-23.0,0.0,226.0,203.0,86.0,0.0,7.0,0.0,0.0,0.0,,,
2023/07/20,27.62,27.7,27.61,27.62,356.0,9863.0,0.0,0.8312,900.0,55.0,0.0,145.0,200.0,86.0,0.0,0.0,0.0,0.0,0.0,,,
2023/07/21,27.35,27.38,27.22,27.36,332.0,9097.0,-0.9413,0.7752,639.0,-73.0,0.0,-35.0,-108.0,86.0,0.0,0.0,0.0,0.0,0.0,,,
2023/07/24,27.36,27.36,27.19,27.3,342.0,9352.0,-0.2193,0.7985,731.0,27.0,0.0,-29.0,-2.0,86.0,0.0,0.0,0.0,0.0,0.0,,,
2023/07/25,27.3,27.47,27.3,27.45,537.0,14726.0,0.5495,1.2538,1137.0,13.0,0.0,123.0,136.0,86.0,0.0,0.0,0.0,0.0,0.0,,,
2023/07/26,27.44,27.45,27.38,27.42,325.0,8919.0,-0.1093,0.7588,1066.0,-46.0,0.0,28.0,-18.0,86.0,0.0,0.0,0.0,0.0,0.0,,,
2023/07/27,27.5,27.51,27.47,27.49,290.0,7974.0,0.2553,0.6851,1010.0,42.0,0.0,48.0,90.0,86.0,0.0,0.0,0.0,0.0,0.0,,,
2023/07/28,27.49,27.55,27.44,27.49,428.0,11775.0,0.0,1.0111,213.0,-3.0,0.0,186.0,183.0,86.0,0.0,0.0,0.0,0.0,0.0,,,
2023/07/31,27.6,27.79,27.48,27.49,327.0,9065.0,0.0,0.7912,870.0,-47.0,0.0,229.0,182.0,86.0,0.0,0.0,0.0,0.0,0.0,,,
2023/08/01,27.6,27.75,27.6,27.72,527.0,14602.0,0.8367,1.2751,621.0,27.0,0.0,267.0,294.0,87.0,1.0,0.0,0.0,0.0,0.0,,,
2023/08/02,27.76,27.77,27.42,27.45,776.0,21458.0,-0.974,1.8776,1014.0,-133.0,0.0,31.0,-102.0,86.0,0.0,1.0,0.0,0.0,0.0,,,
2023/08/04,27.3,27.38,27.3,27.33,230.0,6316.0,-0.4372,0.5633,554.0,-20.0,0.0,-10.0,-30.0,86.0,0.0,0.0,0.0,0.0,0.0,,,
2023/08/07,27.33,27.51,27.33,27.44,247.0,6783.0,0.4025,0.6049,496.0,9.0,0.0,-3.0,6.0,86.0,0.0,0.0,0.0,0.0,0.0,,,
2023/08/08,27.5,27.5,27.22,27.33,327.0,8956.0,-0.4009,0.8009,634.0,-48.0,0.0,-74.0,-122.0,87.0,1.0,0.0,0.0,0.0,0.0,,,
2023/08/09,27.23,27.33,27.2,27.24,320.0,8721.0,-0.3293,0.7935,407.0,-58.0,0.0,-15.0,-73.0,87.0,0.0,0.0,0.0,0.0,0.0,,,
2023/08/10,27.24,27.24,27.12,27.13,517.0,14056.0,-0.4038,1.2819,1023.0,3.0,0.0,-207.0,-204.0,91.0,4.0,0.0,0.0,0.0,0.0,,,
2023/08/11,27.13,27.23,27.02,27.06,321.0,8696.0,-0.258,0.7959,419.0,-14.0,0.0,-113.0,-127.0,94.0,3.0,0.0,0.0,0.0,0.0,,,
2023/08/14,26.68,26.72,26.58,26.62,648.0,17271.0,-1.626,1.6067,639.0,32.0,0.0,-311.0,-279.0,99.0,7.0,2.0,0.0,0.0,0.0,,,
2023/08/15,26.69,26.79,26.66,26.7,371.0,9917.0,0.3005,0.9199,476.0,-28.0,0.0,7.0,-21.0,96.0,5.0,8.0,0.0,0.0,0.0,,,
2023/08/16,26.64,26.64,26.51,26.54,325.0,8639.0,-0.5993,0.8059,490.0,10.0,0.0,-66.0,-56.0,94.0,1.0,3.0,0.0,0.0,0.0,,,
2023/08/17,26.44,26.71,26.34,26.69,386.0,10275.0,0.5652,0.9571,379.0,58.0,0.0,-98.0,-40.0,92.0,1.0,3.0,0.0,0.0,0.0,,,
2023/08/18,26.66,26.77,26.55,26.63,364.0,9725.0,-0.2248,0.9026,973.0,-7.0,0.0,-84.0,-91.0,92.0,0.0,0.0,0.0,0.0,0.0,,,
2023/08/21,26.66,26.73,26.58,26.58,294.429,7840.706,-0.1878,0.7302,703.0,-32.0,0.0,12.0,-20.0,93.0,2.0,1.0,0.0,0.0,0.0,,,
2023/08/22,26.88,26.88,26.67,26.68,187.52,5007.711,0.3762,0.4591,830.0,-25.0,0.0,21.0,-4.0,93.0,0.0,0.0,0.0,0.0,0.0,,,
2023/08/23,26.76,26.78,26.7,26.76,368.999,9871.923,0.2999,0.9034,958.0,199.0,0.0,36.0,235.0,91.0,0.0,2.0,0.0,0.0,0.0,,,
2023/08/24,26.85,27.01,26.85,26.99,323.343,8726.379,0.8595,0.7919,664.0,0.0,0.0,109.0,109.0,91.0,1.0,1.0,0.0,0.0,0.0,,,
2023/08/25,26.95,26.95,26.72,26.73,222.698,5958.795,-0.9633,0.5455,704.0,-1.0,0.0,-33.0,-34.0,91.0,0.0,0.0,0.0,0.0,0.0,,,
2023/08/28,26.8,26.9,26.8,26.86,200.172,5381.909,0.4863,0.4903,489.0,-2.0,0.0,63.0,61.0,92.0,1.0,0.0,0.0,0.0,0.0,,,
2023/08/29,26.86,27.03,26.86,27.03,245.364,6603.253,0.6329,0.6011,1038.0,10.0,0.0,94.0,104.0,92.0,0.0,0.0,0.0,0.0,0.0,,,
2023/08/30,27.11,27.22,27.11,27.18,217.023,5902.692,0.5549,0.5315,873.0,2.0,0.0,77.0,79.0,93.0,1.0,0.0,0.0,0.0,0.0,,,
2023/08/31,27.18,27.18,27.05,27.08,216.163,5856.782,-0.3679,0.5296,782.0,-18.0,0.0,20.0,2.0,96.0,3.0,0.0,0.0,0.0,0.0,,,
2023/09/01,27.07,27.15,27.01,27.12,188.398,5107.693,0.1477,0.4613,826.0,-3.0,0.0,51.0,48.0,96.0,0.0,0.0,0.0,0.0,0.0,,,
2023/09/04,27.15,27.34,27.12,27.28,334.608,9116.634,0.59,0.8194,947.0,15.0,0.0,137.0,152.0,96.0,0.0,0.0,0.0,0.0,0.0,,,
2023/09/05,27.28,27.3,27.23,27.26,393.655,10731.443,-0.0733,0.9643,109.0,8.0,0.0,191.0,199.0,97.0,2.0,1.0,0.0,0.0,0.0,,,
2023/09/06,27.29,27.29,27.14,27.17,253.84,6899.393,-0.3302,0.6293,552.0,-14.0,0.0,91.0,77.0,94.0,0.0,3.0,0.0,0.0,0.0,,,
2023/09/07,27.14,27.14,27.0,27.01,195.36,5280.972,-0.5889,0.4813,821.0,1.0,0.0,31.0,32.0,89.0,0.0,5.0,0.0,0.0,0.0,,,
