年月日,開盤價(元),最高價(元),最低價(元),收盤價(元),成交量(千股),成交值(千元),報酬率％,週轉率％,成交筆數(筆),外資買賣超(千股),投信買賣超(千股),自營買賣超(千股),合計買賣超(千股),融資餘額(張),融資買進(張),融資賣出(張),融券買進(張),融券餘額(張),融券賣出(張),本益比-TSE,股價淨值比-TSE,股利殖利率-TSE
2008/09/10,16.8,22.0,16.8,22.0,1253.0,24352.0,37.5,2.4968,984.0,0.0,5.0,0.0,5.0,,,,,,,13.75,1.95,2.73
2008/09/11,22.0,24.8,22.0,22.55,889.0,20593.0,2.5,1.7714,503.0,0.0,0.0,0.0,0.0,,,,,,,14.09,2.0,2.66
2008/09/12,22.6,23.5,20.0,21.25,353.0,7590.0,-5.765,0.7034,199.0,0.0,0.0,0.0,0.0,,,,,,,13.28,1.89,2.82
2008/09/15,23.0,23.0,19.6,20.4,187.0,4055.0,-4.0,0.3726,101.0,0.0,0.0,0.0,0.0,,,,,,,12.75,1.81,2.94
2008/09/16,20.0,20.3,19.0,19.3,125.0,2425.0,-5.3922,0.2491,82.0,0.0,0.0,0.0,0.0,,,,,,,12.06,1.71,3.11
2008/09/17,20.2,20.2,18.1,18.2,172.0,3247.0,-5.6995,0.3427,86.0,-20.0,0.0,0.0,-20.0,,,,,,,11.38,1.61,3.3
2008/09/18,17.9,17.9,16.95,17.2,174.0,2959.0,-5.4945,0.3467,88.0,0.0,0.0,0.0,0.0,,,,,,,10.75,1.53,3.49
2008/09/19,16.8,17.95,16.8,17.3,154.0,2687.0,0.5814,0.3069,81.0,0.0,0.0,0.0,0.0,,,,,,,10.81,1.54,3.47
2008/09/22,17.9,17.9,16.9,17.0,110.0,1898.0,-1.7341,0.2192,72.0,0.0,0.0,0.0,0.0,,,,,,,10.63,1.51,3.53
2008/09/23,16.8,18.15,16.8,18.1,236.0,4213.0,6.4706,0.4703,116.0,0.0,0.0,-18.0,-18.0,,,,,,,11.31,1.61,3.31
2008/09/24,17.5,18.45,17.3,17.8,143.0,2563.0,-1.6575,0.2849,72.0,0.0,0.0,-25.0,-25.0,,,,,,,11.13,1.58,3.37
2008/09/25,17.7,18.0,17.5,17.6,69.0,1224.0,-1.1236,0.1375,40.0,0.0,0.0,-20.0,-20.0,,,,,,,11.0,1.56,3.41
2008/09/26,17.5,17.5,16.7,16.8,100.0,1690.0,-4.5455,0.1993,39.0,0.0,0.0,-26.0,-26.0,,,,,,,10.5,1.49,3.57
2008/09/30,15.95,16.2,15.65,16.05,103.0,1624.0,-4.4643,0.2052,52.0,0.0,0.0,0.0,0.0,,,,,,,10.03,1.42,3.74
2008/10/01,16.1,16.6,16.1,16.5,39.0,640.0,2.8037,0.0777,25.0,0.0,0.0,0.0,0.0,,,,,,,10.31,1.46,3.64
2008/10/02,16.4,16.4,16.0,16.0,27.0,440.0,-3.0303,0.0538,19.0,0.0,0.0,0.0,0.0,,,,,,,10.0,1.42,3.75
2008/10/03,16.0,16.1,15.7,16.1,66.0,1054.0,0.625,0.1315,33.0,0.0,0.0,0.0,0.0,,,,,,,10.06,1.43,3.73
2008/10/06,15.95,16.3,15.75,15.8,50.0,797.0,-1.8634,0.0996,26.0,0.0,0.0,-8.0,-8.0,,,,,,,9.88,1.4,3.8
2008/10/07,15.8,16.1,15.7,16.1,65.0,1037.0,1.8987,0.1295,27.0,0.0,0.0,0.0,0.0,,,,,,,10.06,1.43,3.73
2008/10/08,16.0,16.0,15.5,15.95,46.0,720.0,-0.9317,0.0917,29.0,0.0,0.0,0.0,0.0,,,,,,,9.97,1.42,3.76
2008/10/09,16.0,16.85,16.0,16.45,60.0,987.0,3.1348,0.1196,52.0,0.0,0.0,0.0,0.0,,,,,,,10.28,1.46,3.65
2008/10/13,15.9,15.95,15.9,15.9,92.0,1462.0,-3.3435,0.1833,39.0,0.0,0.0,0.0,0.0,,,,,,,9.94,1.41,3.77
2008/10/14,16.1,16.45,15.9,15.9,62.0,1003.0,0.0,0.1235,36.0,0.0,0.0,0.0,0.0,,,,,,,9.94,1.41,3.77
2008/10/15,15.55,15.7,15.35,15.35,78.0,1206.0,-3.4591,0.1554,41.0,0.0,0.0,0.0,0.0,,,,,,,9.59,1.36,3.91
2008/10/16,14.85,14.85,14.85,14.85,42.0,623.0,-3.2573,0.0837,16.0,0.0,0.0,0.0,0.0,,,,,,,9.28,1.32,4.04
2008/10/17,14.35,15.0,14.35,14.35,49.0,704.0,-3.367,0.0976,20.0,0.0,0.0,0.0,0.0,,,,,,,8.97,1.27,4.18
2008/10/20,14.35,14.75,13.85,14.4,87.0,1243.0,0.3484,0.1734,33.0,0.0,0.0,0.0,0.0,,,,,,,9.0,1.28,4.17
2008/10/21,14.5,15.2,14.5,15.2,106.0,1584.0,5.5556,0.2112,43.0,0.0,0.0,0.0,0.0,,,,,,,9.5,1.35,3.95
2008/10/22,15.0,15.0,14.7,14.7,158.0,2352.0,-3.2895,0.3148,55.0,0.0,0.0,0.0,0.0,,,,,,,9.19,1.3,4.08
2008/10/23,14.2,14.65,14.2,14.6,202.0,2894.0,-0.6803,0.4025,41.0,0.0,0.0,0.0,0.0,,,,,,,9.13,1.3,4.11
2008/10/24,14.4,15.0,14.3,15.0,114.0,1675.0,2.7397,0.2272,48.0,0.0,0.0,0.0,0.0,,,,,,,9.38,1.33,4.0
2008/10/27,14.5,15.1,14.5,14.7,89.0,1335.0,-2.0,0.1773,31.0,0.0,0.0,0.0,0.0,,,,,,,9.19,1.3,4.08
2008/10/28,15.15,15.7,15.15,15.7,96.0,1497.0,6.8027,0.1913,47.0,0.0,0.0,0.0,0.0,,,,,,,9.81,1.39,3.82
2008/10/29,16.7,16.7,15.0,15.8,151.0,2397.0,0.6369,0.3009,70.0,0.0,0.0,0.0,0.0,,,,,,,9.88,1.4,3.8
2008/10/30,15.95,16.2,15.8,16.2,84.0,1345.0,2.5316,0.1674,45.0,0.0,0.0,0.0,0.0,,,,,,,10.13,1.44,3.7
2008/10/31,15.3,16.3,15.3,16.3,64.0,1028.0,0.6173,0.1275,27.0,0.0,0.0,0.0,0.0,,,,,,,10.19,1.45,3.68
2008/11/03,15.7,15.7,15.3,15.3,73.0,1140.0,-6.135,0.1455,40.0,0.0,0.0,0.0,0.0,,,,,,,9.56,1.36,3.92
2008/11/04,15.75,16.35,15.55,16.35,253.0,4113.0,6.8627,0.5041,63.0,0.0,0.0,0.0,0.0,,,,,,,10.22,1.45,3.67
2008/11/05,17.3,17.3,16.0,16.0,61.0,1021.0,-2.1407,0.1216,37.0,0.0,0.0,0.0,0.0,,,,,,,8.74,1.37,3.75
2008/11/06,15.25,16.25,15.0,16.0,59.0,913.0,0.0,0.1176,38.0,0.0,0.0,0.0,0.0,,,,,,,8.74,1.37,3.75
2008/11/07,15.75,16.35,15.75,16.0,55.0,895.0,0.0,0.1096,33.0,0.0,0.0,0.0,0.0,,,,,,,8.74,1.37,3.75
2008/11/10,16.9,16.9,16.1,16.1,29.0,480.0,0.625,0.0578,21.0,0.0,0.0,0.0,0.0,,,,,,,8.8,1.38,3.73
2008/11/11,15.8,16.1,15.0,16.0,160.0,2465.0,-0.6211,0.3188,67.0,0.0,0.0,0.0,0.0,,,,,,,8.74,1.37,3.75
2008/11/12,15.1,15.9,14.95,15.8,145.0,2243.0,-1.25,0.2889,59.0,0.0,0.0,0.0,0.0,,,,,,,8.63,1.35,3.8
2008/11/13,15.0,15.65,14.7,15.0,98.0,1469.0,-5.0633,0.1953,53.0,0.0,0.0,0.0,0.0,,,,,,,8.2,1.28,4.0
2008/11/14,15.3,15.7,15.0,15.5,53.0,818.0,3.3333,0.1056,30.0,0.0,0.0,0.0,0.0,,,,,,,8.47,1.32,3.87
2008/11/17,15.0,15.75,15.0,15.05,45.0,683.0,-2.9032,0.0897,26.0,0.0,0.0,0.0,0.0,,,,,,,8.22,1.29,3.99
2008/11/18,15.0,15.5,14.7,15.5,74.0,1119.0,2.99,0.1475,32.0,0.0,0.0,0.0,0.0,,,,,,,8.47,1.32,3.87
2008/11/19,15.5,15.5,14.7,14.8,44.0,655.0,-4.5161,0.0877,23.0,0.0,0.0,0.0,0.0,,,,,,,8.09,1.26,4.05
2008/11/20,15.05,15.05,14.8,14.8,14.0,207.0,0.0,0.0279,11.0,0.0,0.0,0.0,0.0,,,,,,,8.09,1.26,4.05
2008/11/21,14.8,14.95,14.4,14.5,27.0,397.0,-2.027,0.0538,20.0,0.0,0.0,0.0,0.0,,,,,,,7.92,1.24,4.14
2008/11/24,14.5,15.2,14.5,15.2,64.0,962.0,4.8276,0.1275,33.0,0.0,0.0,0.0,0.0,,,,,,,8.31,1.3,3.95
2008/11/25,15.1,15.2,14.8,15.0,62.0,930.0,-1.3158,0.1235,27.0,0.0,0.0,0.0,0.0,,,,,,,8.2,1.28,4.0
2008/11/26,14.5,15.0,14.4,15.0,92.0,1350.0,0.0,0.1833,35.0,0.0,0.0,0.0,0.0,,,,,,,8.2,1.28,4.0
2008/11/27,14.95,15.2,14.6,15.2,71.0,1072.0,1.3333,0.1415,29.0,0.0,0.0,0.0,0.0,,,,,,,8.31,1.3,3.95
2008/11/28,14.8,15.2,14.8,14.8,20.0,302.0,-2.6316,0.0399,9.0,0.0,0.0,0.0,0.0,,,,,,,8.09,1.26,4.05
2008/12/01,14.5,15.0,14.3,14.7,194.0,2884.0,-0.6757,0.3866,19.0,0.0,0.0,0.0,0.0,,,,,,,8.03,1.26,4.08
2008/12/02,14.3,15.1,14.0,15.1,191.0,2775.0,2.7211,0.3806,46.0,0.0,0.0,0.0,0.0,,,,,,,8.25,1.29,3.97
2008/12/03,15.1,15.1,14.5,15.0,119.0,1758.0,-0.6623,0.2371,38.0,0.0,0.0,0.0,0.0,,,,,,,8.2,1.28,4.0
2008/12/04,15.0,15.1,14.5,14.95,82.0,1205.0,-0.3333,0.1634,23.0,0.0,0.0,0.0,0.0,,,,,,,8.17,1.28,4.01
2008/12/05,14.95,14.95,14.6,14.7,8.0,119.0,-1.6722,0.0159,7.0,0.0,0.0,0.0,0.0,,,,,,,8.03,1.26,4.08
2008/12/08,14.75,14.75,14.5,14.55,19.0,279.0,-1.0204,0.0379,14.0,0.0,0.0,0.0,0.0,,,,,,,7.95,1.24,4.12
2008/12/09,14.7,14.9,14.5,14.5,28.0,412.0,-0.3436,0.0558,10.0,0.0,0.0,0.0,0.0,,,,,,,7.92,1.24,4.14
2008/12/10,14.65,15.1,14.6,15.0,142.0,2127.0,3.4483,0.283,42.0,0.0,0.0,0.0,0.0,,,,,,,8.2,1.28,4.0
2008/12/11,14.6,14.85,14.6,14.6,68.0,1004.0,-2.6667,0.1355,23.0,0.0,0.0,0.0,0.0,,,,,,,7.98,1.25,4.11
2008/12/12,14.6,14.6,13.6,13.7,107.0,1498.0,-6.1644,0.2132,61.0,0.0,0.0,0.0,0.0,,,,,,,7.49,1.17,4.38
2008/12/15,13.7,14.15,13.3,13.3,158.0,2184.0,-2.9197,0.3148,53.0,0.0,0.0,0.0,0.0,,,,,,,7.27,1.14,4.51
2008/12/16,13.3,13.3,12.4,12.5,100.0,1262.0,-6.015,0.1993,58.0,0.0,-5.0,0.0,-5.0,,,,,,,6.83,1.07,4.8
2008/12/17,12.05,12.65,12.05,12.15,28.0,344.0,-2.8,0.0558,20.0,0.0,0.0,0.0,0.0,,,,,,,6.64,1.04,4.94
2008/12/18,12.3,12.3,11.65,11.75,60.0,716.0,-3.2922,0.1196,33.0,0.0,0.0,0.0,0.0,,,,,,,6.42,1.0,5.11
2008/12/19,11.55,12.3,11.5,12.1,108.0,1290.0,2.9787,0.2152,38.0,0.0,0.0,0.0,0.0,,,,,,,6.61,1.03,4.96
2008/12/22,12.1,12.1,11.7,11.7,50.0,598.0,-3.3058,0.0996,26.0,0.0,0.0,0.0,0.0,,,,,,,6.39,1.0,5.13
2008/12/23,11.5,11.6,11.45,11.45,25.0,287.0,-2.1368,0.0498,12.0,0.0,0.0,0.0,0.0,,,,,,,6.26,0.98,5.24
2008/12/24,11.45,11.45,11.2,11.25,19.0,214.0,-1.7467,0.0379,12.0,0.0,0.0,0.0,0.0,,,,,,,6.15,0.96,5.33
2008/12/25,11.1,11.5,11.1,11.2,22.0,247.0,-0.4444,0.0438,14.0,0.0,0.0,0.0,0.0,,,,,,,6.12,0.96,5.36
2008/12/26,11.3,11.5,11.2,11.2,75.0,861.0,0.0,0.1494,33.0,0.0,0.0,0.0,0.0,,,,,,,6.12,0.96,5.36
2008/12/29,11.4,11.4,11.0,11.2,49.0,546.0,0.0,0.0976,25.0,0.0,0.0,0.0,0.0,,,,,,,6.12,0.96,5.36
2008/12/30,11.3,11.4,11.2,11.2,35.0,396.0,0.0,0.0697,25.0,0.0,0.0,0.0,0.0,,,,,,,6.12,0.96,5.36
2008/12/31,11.25,11.95,11.2,11.95,127.0,1487.0,6.6964,0.2531,40.0,0.0,0.0,0.0,0.0,,,,,,,6.53,1.02,5.02
2009/01/05,12.75,12.75,12.75,12.75,45.0,573.0,6.6946,0.0897,23.0,0.0,0.0,0.0,0.0,,,,,,,6.97,1.09,4.71
2009/01/06,13.6,13.6,12.8,13.6,320.0,4351.0,6.6667,0.6376,130.0,0.0,0.0,0.0,0.0,,,,,,,7.43,1.16,4.41
2009/01/07,13.95,14.0,13.0,13.6,245.0,3339.0,0.0,0.4882,83.0,0.0,0.0,0.0,0.0,,,,,,,7.43,1.16,4.41
2009/01/08,13.5,13.5,12.7,13.0,48.0,624.0,-4.4118,0.0956,37.0,0.0,0.0,0.0,0.0,,,,,,,7.1,1.11,4.62
2009/01/09,13.3,13.65,13.1,13.2,36.0,479.0,1.5385,0.0717,25.0,0.0,0.0,0.0,0.0,,,,,,,7.21,1.13,4.55
2009/01/10,13.6,13.6,13.2,13.5,65.0,875.0,2.2727,0.1295,30.0,0.0,0.0,0.0,0.0,,,,,,,7.38,1.15,4.44
2009/01/12,13.2,13.2,12.65,12.8,86.0,1110.0,-5.1852,0.1714,37.0,0.0,0.0,0.0,0.0,,,,,,,6.99,1.09,4.69
2009/01/13,12.5,13.15,12.4,12.5,21.0,263.0,-2.3438,0.0418,18.0,0.0,0.0,0.0,0.0,,,,,,,6.83,1.07,4.8
2009/01/14,12.85,13.0,12.7,12.8,63.0,811.0,2.4,0.1255,21.0,0.0,0.0,0.0,0.0,,,,,,,6.99,1.09,4.69
2009/01/15,12.35,12.9,12.35,12.9,67.0,839.0,0.7813,0.1335,22.0,0.0,0.0,0.0,0.0,,,,,,,7.05,1.1,4.65
2009/01/16,12.95,13.75,12.95,13.4,97.0,1296.0,3.876,0.1933,45.0,0.0,0.0,0.0,0.0,,,,,,,7.32,1.15,4.48
2009/01/17,13.15,13.35,13.1,13.35,39.0,513.0,-0.3731,0.0777,24.0,0.0,0.0,0.0,0.0,,,,,,,7.3,1.14,4.49
2009/01/19,12.95,13.35,12.95,13.2,15.0,197.0,-1.1236,0.0299,14.0,0.0,0.0,0.0,0.0,,,,,,,7.21,1.13,4.55
2009/01/20,13.45,13.8,13.25,13.45,115.0,1557.0,1.8939,0.2292,36.0,0.0,0.0,0.0,0.0,,,,,,,7.35,1.15,4.46
2009/01/21,13.2,13.6,13.0,13.6,78.0,1052.0,1.1152,0.1554,24.0,0.0,0.0,0.0,0.0,,,,,,,7.43,1.16,4.41
2009/02/02,13.5,14.0,13.5,13.95,63.0,868.0,2.5735,0.1255,23.0,0.0,0.0,0.0,0.0,,,,,,,7.62,1.19,4.3
2009/02/03,13.9,14.0,13.6,13.9,48.0,662.0,-0.3584,0.0956,25.0,0.0,0.0,0.0,0.0,,,,,,,7.6,1.19,4.32
2009/02/04,13.9,14.0,13.45,14.0,97.0,1346.0,0.7194,0.1933,37.0,0.0,0.0,0.0,0.0,,,,,,,7.65,1.2,4.29
2009/02/05,13.9,14.15,13.7,14.15,85.0,1193.0,1.0714,0.1694,29.0,0.0,0.0,0.0,0.0,,,,,,,7.73,1.21,4.24
2009/02/06,14.3,14.3,13.4,13.7,226.0,3079.0,-3.1802,0.4503,48.0,0.0,0.0,0.0,0.0,,,,,,,7.49,1.17,4.38
2009/02/09,13.95,14.65,13.5,14.0,361.0,5077.0,2.1898,0.7193,100.0,0.0,0.0,0.0,0.0,,,,,,,7.65,1.2,4.29
2009/02/10,13.75,13.95,13.75,13.85,38.0,525.0,-1.0714,0.0757,21.0,0.0,0.0,0.0,0.0,,,,,,,7.57,1.18,4.33
2009/02/11,13.7,13.9,13.65,13.8,85.0,1172.0,-0.361,0.1694,22.0,0.0,0.0,0.0,0.0,,,,,,,7.54,1.18,4.35
2009/02/12,13.85,14.0,13.65,14.0,78.0,1080.0,1.4493,0.1554,23.0,0.0,0.0,0.0,0.0,,,,,,,7.65,1.2,4.29
2009/02/13,14.35,14.35,14.0,14.1,112.0,1573.0,0.7143,0.2232,28.0,0.0,0.0,0.0,0.0,,,,,,,7.7,1.21,4.26
2009/02/16,14.2,14.2,14.0,14.0,20.0,280.0,-0.7092,0.0399,9.0,0.0,0.0,0.0,0.0,,,,,,,7.65,1.2,4.29
2009/02/17,13.8,13.8,13.6,13.8,34.0,469.0,-1.4286,0.0677,8.0,0.0,0.0,0.0,0.0,,,,,,,7.54,1.18,4.35
2009/02/18,13.7,13.8,13.7,13.75,8.0,110.0,-0.3623,0.0159,5.0,0.0,0.0,0.0,0.0,,,,,,,7.51,1.18,4.36
2009/02/19,13.8,14.1,13.8,13.85,127.0,1765.0,0.7273,0.2531,17.0,0.0,0.0,0.0,0.0,,,,,,,7.57,1.18,4.33
2009/02/20,13.6,14.2,13.45,14.0,53.0,732.0,1.083,0.1056,19.0,0.0,0.0,0.0,0.0,,,,,,,7.65,1.2,4.29
2009/02/23,13.55,14.2,13.55,14.1,32.0,447.0,0.7143,0.0638,11.0,0.0,0.0,0.0,0.0,,,,,,,7.7,1.21,4.26
2009/02/24,13.7,14.0,13.6,14.0,24.0,330.0,-0.7092,0.0478,13.0,0.0,0.0,0.0,0.0,,,,,,,7.65,1.2,4.29
2009/02/25,13.85,14.15,13.8,13.8,25.0,349.0,-1.4286,0.0498,11.0,0.0,0.0,0.0,0.0,,,,,,,7.54,1.18,4.35
2009/02/26,14.0,14.0,13.8,13.8,14.0,193.0,0.0,0.0279,7.0,0.0,0.0,0.0,0.0,,,,,,,7.54,1.18,4.35
2009/02/27,14.0,14.0,13.85,14.0,71.0,993.0,1.4493,0.1415,15.0,0.0,0.0,0.0,0.0,,,,,,,7.65,1.2,4.29
2009/03/02,14.0,14.3,14.0,14.0,39.0,551.0,0.0,0.0777,19.0,0.0,0.0,0.0,0.0,,,,,,,7.65,1.2,4.29
2009/03/03,13.8,14.1,13.8,14.1,85.0,1194.0,0.7143,0.1694,19.0,0.0,0.0,0.0,0.0,,,,,,,7.7,1.21,4.26
2009/03/04,14.0,14.35,13.8,14.1,179.0,2527.0,0.0,0.3567,27.0,0.0,0.0,0.0,0.0,,,,,,,7.7,1.21,4.26
2009/03/05,14.2,14.3,13.85,13.85,80.0,1125.0,-1.773,0.1594,35.0,0.0,0.0,0.0,0.0,,,,,,,7.57,1.18,4.33
2009/03/06,14.0,14.4,13.85,14.2,95.0,1341.0,2.5271,0.1893,48.0,0.0,0.0,0.0,0.0,,,,,,,7.76,1.21,4.23
2009/03/09,14.3,15.15,14.0,15.15,359.0,5290.0,6.6901,0.7154,107.0,0.0,0.0,0.0,0.0,,,,,,,8.28,1.29,3.96
2009/03/10,16.0,16.2,15.5,16.0,471.0,7587.0,5.6106,0.9385,196.0,0.0,0.0,0.0,0.0,,,,,,,8.74,1.37,3.75
2009/03/11,15.9,15.9,15.1,15.5,185.0,2856.0,-3.125,0.3686,101.0,0.0,0.0,0.0,0.0,,,,,,,8.47,1.32,3.87
2009/03/12,15.4,15.75,15.3,15.35,56.0,868.0,-0.9677,0.1116,30.0,0.0,0.0,0.0,0.0,,,,,,,8.39,1.31,3.91
2009/03/13,15.4,15.9,15.4,15.65,111.0,1741.0,1.9544,0.2212,54.0,0.0,0.0,0.0,0.0,,,,,,,8.55,1.34,3.83
2009/03/16,15.8,16.65,15.8,16.0,201.0,3279.0,2.2364,0.4005,99.0,0.0,0.0,0.0,0.0,,,,,,,8.74,1.37,3.75
2009/03/17,16.8,16.8,15.8,16.0,70.0,1120.0,0.0,0.1395,33.0,0.0,0.0,0.0,0.0,,,,,,,8.74,1.37,3.75
2009/03/18,16.3,16.3,15.8,16.0,61.0,973.0,0.0,0.1216,38.0,0.0,0.0,0.0,0.0,,,,,,,8.74,1.37,3.75
2009/03/19,16.0,16.1,15.75,15.75,103.0,1648.0,-1.5625,0.2052,52.0,0.0,0.0,0.0,0.0,,,,,,,8.61,1.35,3.81
2009/03/20,15.75,15.85,15.6,15.65,48.0,753.0,-0.6349,0.0956,20.0,0.0,0.0,0.0,0.0,,,,,,,8.55,1.34,3.83
2009/03/23,15.95,16.3,15.8,16.05,256.0,4117.0,2.5559,0.5101,102.0,0.0,0.0,0.0,0.0,,,,,,,8.77,1.37,3.74
2009/03/24,16.8,16.8,15.85,16.5,318.0,5168.0,2.8037,0.6337,137.0,0.0,0.0,0.0,0.0,,,,,,,9.02,1.41,3.64
2009/03/25,16.3,16.4,15.9,16.0,216.0,3486.0,-3.0303,0.4304,84.0,0.0,0.0,0.0,0.0,0.0,0.0,0.0,0.0,0.0,0.0,8.74,1.37,3.75
2009/03/26,16.5,16.5,15.95,16.2,148.0,2383.0,1.25,0.2949,79.0,0.0,0.0,0.0,0.0,33.0,33.0,0.0,0.0,0.0,0.0,8.85,1.38,3.7
2009/03/27,16.5,17.3,16.5,17.3,672.0,11547.0,6.7901,1.339,208.0,0.0,0.0,0.0,0.0,189.0,164.0,8.0,0.0,0.0,0.0,9.45,1.48,3.47
2009/03/30,18.1,18.5,18.1,18.5,916.0,16875.0,6.9364,1.8252,255.0,0.0,0.0,0.0,0.0,783.0,639.0,45.0,0.0,0.0,0.0,10.11,1.58,3.24
2009/03/31,19.2,19.75,18.8,18.9,1502.0,29266.0,2.1622,2.9879,593.0,0.0,0.0,0.0,0.0,852.0,449.0,380.0,0.0,0.0,0.0,10.33,1.62,3.17
2009/04/01,19.2,20.2,19.0,20.2,957.0,19153.0,6.8783,1.9038,285.0,0.0,0.0,0.0,0.0,1019.0,392.0,225.0,0.0,0.0,0.0,11.04,1.73,2.97
2009/04/02,21.6,21.6,20.85,21.6,1233.0,26422.0,6.9307,2.4528,407.0,0.0,0.0,0.0,0.0,1319.0,563.0,253.0,0.0,0.0,0.0,11.8,1.85,2.78
2009/04/03,22.4,23.1,21.3,21.95,1773.0,39746.0,1.6204,3.527,563.0,0.0,0.0,0.0,0.0,1221.0,553.0,651.0,0.0,0.0,0.0,11.99,1.88,2.73
2009/04/06,22.0,22.9,21.05,21.95,579.0,12616.0,0.0,1.1518,248.0,0.0,0.0,0.0,0.0,1339.0,256.0,138.0,0.0,0.0,0.0,11.99,1.88,2.73
2009/04/07,22.0,23.45,22.0,23.45,1037.0,23879.0,6.8337,2.0629,428.0,0.0,0.0,0.0,0.0,1503.0,347.0,183.0,0.0,0.0,0.0,12.81,2.0,2.56
2009/04/08,23.25,25.05,23.0,24.95,1055.0,25837.0,6.3966,2.0987,492.0,0.0,0.0,0.0,0.0,1396.0,289.0,396.0,0.0,3.0,3.0,13.63,2.13,2.4
2009/04/09,25.1,26.65,25.1,25.6,1043.0,27140.0,2.6052,2.0748,478.0,0.0,0.0,0.0,0.0,1363.0,261.0,294.0,1.0,2.0,0.0,13.99,2.19,2.34
2009/04/10,26.0,26.5,25.05,26.0,922.0,23798.0,1.5625,1.8341,427.0,0.0,0.0,0.0,0.0,1464.0,293.0,192.0,0.0,3.0,1.0,14.21,2.22,2.31
2009/04/13,27.35,27.4,26.35,26.5,689.0,18499.0,1.9231,1.3706,325.0,0.0,0.0,0.0,0.0,1519.0,221.0,166.0,0.0,3.0,0.0,14.48,2.26,2.26
2009/04/14,26.1,27.0,25.6,26.0,927.0,24390.0,-1.8868,1.8441,402.0,0.0,0.0,0.0,0.0,1790.0,366.0,95.0,0.0,3.0,0.0,14.21,2.22,2.31
2009/04/15,26.0,26.0,25.0,25.1,759.0,19261.0,-3.4615,1.5099,311.0,0.0,0.0,0.0,0.0,1909.0,300.0,181.0,1.0,2.0,0.0,13.72,2.15,2.39
2009/04/16,25.1,25.9,24.5,24.6,744.0,18634.0,-1.992,1.48,286.0,0.0,0.0,0.0,0.0,2000.0,282.0,191.0,2.0,0.0,0.0,13.44,2.1,2.44
2009/04/17,24.25,26.3,24.25,24.7,1940.0,49713.0,0.4065,3.8592,664.0,0.0,0.0,0.0,0.0,2303.0,998.0,695.0,0.0,0.0,0.0,13.5,2.11,2.43
2009/04/20,25.4,25.7,23.0,24.55,696.0,17081.0,-0.6073,1.3846,290.0,1.0,0.0,0.0,1.0,2120.0,0.0,183.0,0.0,0.0,0.0,13.42,2.1,2.44
2009/04/21,23.55,25.4,23.55,25.2,339.0,8480.0,2.6477,0.6744,184.0,0.0,0.0,0.0,0.0,2057.0,0.0,63.0,0.0,0.0,0.0,13.77,2.15,2.38
2009/04/22,25.5,25.5,24.2,24.85,558.0,13767.0,-1.3889,1.11,264.0,0.0,0.0,0.0,0.0,1943.0,0.0,114.0,0.0,0.0,0.0,13.58,2.12,2.41
2009/04/23,25.2,26.55,25.2,26.55,1425.0,37509.0,6.841,2.8347,488.0,0.0,0.0,0.0,0.0,2340.0,692.0,295.0,0.0,0.0,0.0,14.51,2.27,2.26
2009/04/24,28.0,28.4,27.5,28.4,889.0,25147.0,6.968,1.7685,254.0,0.0,0.0,0.0,0.0,2545.0,527.0,322.0,0.0,0.0,0.0,15.52,2.43,2.11
2009/04/27,30.35,30.35,30.35,30.35,593.0,18006.0,6.8662,1.1797,209.0,0.0,0.0,0.0,0.0,2575.0,203.0,173.0,0.0,1.0,1.0,16.58,2.59,1.98
2009/04/28,32.45,32.45,28.25,28.25,2259.0,67965.0,-6.9193,4.4938,867.0,1.0,0.0,0.0,1.0,2059.0,593.0,1109.0,0.0,2.0,1.0,15.44,2.41,2.12
2009/04/29,26.35,27.75,26.3,26.3,509.0,13440.0,-6.9027,1.0126,206.0,0.0,0.0,0.0,0.0,2096.0,154.0,117.0,0.0,2.0,0.0,14.37,2.25,2.28
2009/04/30,24.85,28.0,24.85,26.3,1246.0,33269.0,0.0,2.4787,538.0,0.0,0.0,0.0,0.0,2117.0,361.0,340.0,1.0,2.0,2.0,14.37,2.25,2.28
2009/05/04,26.3,26.8,25.15,25.3,841.0,21683.0,-3.8023,1.673,403.0,0.0,0.0,0.0,0.0,1882.0,180.0,415.0,2.0,0.0,0.0,13.83,2.16,2.37
2009/05/05,25.3,26.7,25.2,25.9,772.0,20189.0,2.3715,1.5357,372.0,0.0,0.0,0.0,0.0,2034.0,345.0,193.0,0.0,2.0,2.0,14.15,2.21,2.32
2009/05/06,25.9,26.3,25.3,25.75,565.0,14576.0,-0.5792,1.124,231.0,0.0,0.0,0.0,0.0,1985.0,283.0,332.0,0.0,2.0,0.0,27.11,2.12,2.33
2009/05/07,25.45,25.95,25.2,25.2,438.0,11141.0,-2.1359,0.8713,234.0,0.0,0.0,0.0,0.0,1957.0,116.0,124.0,0.0,2.0,0.0,26.53,2.07,2.38
2009/05/08,25.0,26.3,25.0,25.55,354.0,9081.0,1.3889,0.7042,173.0,0.0,0.0,0.0,0.0,1958.0,97.0,96.0,0.0,2.0,0.0,26.89,2.1,2.35
2009/05/11,26.6,27.3,26.0,27.3,748.0,20206.0,6.8493,1.488,319.0,0.0,0.0,0.0,0.0,2093.0,395.0,260.0,0.0,3.0,1.0,28.74,2.25,2.2
2009/05/12,27.6,27.8,25.7,25.85,621.0,16554.0,-5.3114,1.2354,262.0,0.0,0.0,0.0,0.0,2050.0,207.0,250.0,1.0,2.0,0.0,27.21,2.13,2.32
2009/05/13,25.85,26.35,25.2,25.4,262.0,6739.0,-1.7408,0.5212,148.0,0.0,0.0,0.0,0.0,1973.0,67.0,144.0,0.0,4.0,2.0,26.74,2.09,2.36
2009/05/14,25.2,25.95,25.2,25.45,213.0,5437.0,0.1969,0.4237,110.0,0.0,0.0,0.0,0.0,1896.0,23.0,100.0,0.0,4.0,0.0,26.79,2.09,2.36
2009/05/15,25.95,25.95,25.35,25.35,203.0,5204.0,-0.3929,0.4038,110.0,0.0,0.0,0.0,0.0,1881.0,42.0,57.0,0.0,4.0,0.0,26.68,2.09,2.37
2009/05/18,25.0,25.9,25.0,25.65,231.0,5878.0,1.1834,0.4595,115.0,0.0,0.0,0.0,0.0,1864.0,45.0,62.0,0.0,4.0,0.0,27.0,2.11,2.34
2009/05/19,25.9,27.4,25.8,26.05,775.0,20734.0,1.5595,1.5417,322.0,0.0,0.0,0.0,0.0,1799.0,105.0,170.0,0.0,4.0,0.0,27.42,2.14,2.3
2009/05/20,26.35,27.75,25.6,26.9,824.0,22157.0,3.263,1.6392,391.0,0.0,0.0,0.0,0.0,1944.0,246.0,107.0,4.0,0.0,0.0,28.32,2.21,2.23
2009/05/21,27.1,27.1,25.25,25.3,557.0,14497.0,-5.948,1.108,239.0,0.0,0.0,0.0,0.0,1849.0,55.0,150.0,0.0,0.0,0.0,26.63,2.08,2.37
2009/05/22,25.7,26.0,25.1,25.8,228.0,5856.0,1.9763,0.4536,114.0,0.0,0.0,0.0,0.0,1806.0,31.0,74.0,0.0,0.0,0.0,27.16,2.12,2.33
2009/05/25,26.0,26.0,24.55,24.65,408.0,10205.0,-4.4574,0.8116,214.0,0.0,0.0,0.0,0.0,1692.0,66.0,180.0,0.0,0.0,0.0,25.95,2.03,2.43
2009/05/26,24.8,25.0,24.1,24.2,204.0,4993.0,-1.8256,0.4058,114.0,0.0,0.0,0.0,0.0,1712.0,52.0,32.0,0.0,0.0,0.0,25.47,1.99,2.48
2009/05/27,24.3,25.5,24.3,25.4,374.0,9369.0,4.9587,0.744,160.0,0.0,0.0,0.0,0.0,1667.0,32.0,77.0,0.0,0.0,0.0,26.74,2.09,2.36
2009/06/01,26.0,26.3,25.0,25.9,265.0,6833.0,1.9685,0.5272,163.0,0.0,0.0,0.0,0.0,1716.0,92.0,43.0,0.0,0.0,0.0,27.26,2.13,2.32
2009/06/02,26.2,26.2,24.8,25.0,217.0,5523.0,-3.4749,0.4317,109.0,0.0,0.0,0.0,0.0,1744.0,92.0,64.0,0.0,0.0,0.0,26.32,2.06,2.4
2009/06/03,25.0,25.45,24.7,24.95,75.0,1873.0,-0.2,0.1492,57.0,0.0,0.0,0.0,0.0,1729.0,6.0,21.0,0.0,0.0,0.0,26.26,2.05,2.4
2009/06/04,24.8,25.2,24.5,24.85,69.0,1715.0,-0.4008,0.1373,45.0,0.0,0.0,0.0,0.0,1730.0,23.0,21.0,0.0,0.0,0.0,26.16,2.05,2.41
2009/06/05,25.3,25.3,24.65,24.8,47.0,1177.0,-0.2012,0.0935,38.0,0.0,0.0,0.0,0.0,1722.0,6.0,14.0,0.0,0.0,0.0,26.11,2.04,2.42
2009/06/06,24.95,26.5,24.85,25.9,468.0,12187.0,4.4355,0.931,199.0,0.0,0.0,0.0,0.0,1738.0,79.0,63.0,0.0,0.0,0.0,27.26,2.13,2.32
2009/06/08,25.8,26.0,24.9,24.9,195.0,4941.0,-3.861,0.3879,116.0,0.0,0.0,0.0,0.0,1740.0,63.0,61.0,0.0,0.0,0.0,26.21,2.05,2.41
2009/06/09,26.1,26.1,23.2,23.25,257.0,6288.0,-6.6265,0.5112,155.0,0.0,0.0,0.0,0.0,1732.0,62.0,70.0,0.0,0.0,0.0,24.47,1.91,2.58
2009/06/10,23.75,23.85,23.25,23.5,106.0,2489.0,1.0753,0.2109,70.0,0.0,0.0,0.0,0.0,1710.0,8.0,30.0,0.0,0.0,0.0,24.74,1.93,2.55
2009/06/11,23.5,23.8,23.3,23.55,85.0,2001.0,0.2128,0.1691,50.0,0.0,0.0,0.0,0.0,1693.0,4.0,21.0,0.0,3.0,3.0,24.79,1.94,2.55
2009/06/12,23.8,24.2,23.65,23.7,68.0,1621.0,0.6369,0.1353,45.0,0.0,0.0,0.0,0.0,1670.0,5.0,28.0,0.0,3.0,0.0,24.95,1.95,2.53
2009/06/15,23.05,24.0,22.05,22.05,171.0,3865.0,-6.962,0.3402,89.0,0.0,0.0,0.0,0.0,1623.0,15.0,62.0,0.0,3.0,0.0,23.21,1.81,2.72
2009/06/16,21.5,22.05,20.55,20.55,162.0,3387.0,-6.8027,0.3223,94.0,0.0,0.0,0.0,0.0,1587.0,24.0,60.0,3.0,0.0,0.0,21.63,1.69,2.92
2009/06/17,20.8,21.25,20.8,21.0,92.0,1924.0,2.1898,0.183,52.0,0.0,0.0,0.0,0.0,1540.0,4.0,41.0,0.0,1.0,1.0,22.11,1.73,2.86
2009/06/18,21.0,21.05,20.7,20.7,73.0,1528.0,-1.4286,0.1452,45.0,0.0,0.0,0.0,0.0,1513.0,3.0,20.0,0.0,1.0,0.0,21.79,1.7,2.9
2009/06/19,20.85,21.4,20.8,20.95,53.0,1116.0,1.2077,0.1054,35.0,0.0,0.0,0.0,0.0,1527.0,22.0,8.0,0.0,1.0,0.0,22.05,1.72,2.86
2009/06/22,21.4,22.4,21.35,21.6,308.0,6821.0,3.1026,0.6127,130.0,0.0,0.0,0.0,0.0,1525.0,40.0,42.0,0.0,1.0,0.0,22.74,1.78,2.78
2009/06/23,21.3,21.8,21.25,21.65,51.0,1099.0,0.2315,0.1015,37.0,0.0,0.0,0.0,0.0,1535.0,18.0,8.0,0.0,1.0,0.0,22.79,1.78,2.77
2009/06/24,21.6,21.9,21.6,21.7,36.0,782.0,0.2309,0.0716,25.0,0.0,0.0,0.0,0.0,1513.0,6.0,28.0,0.0,1.0,0.0,22.84,1.79,2.76
2009/06/25,21.7,22.0,21.7,21.8,38.0,831.0,0.4608,0.0771,24.0,0.0,0.0,0.0,0.0,1506.0,10.0,17.0,0.0,1.0,0.0,22.95,1.79,2.75
2009/06/26,21.85,23.3,21.85,23.3,197.0,4522.0,6.8807,0.3996,126.0,0.0,0.0,0.0,0.0,1629.0,155.0,32.0,0.0,2.0,1.0,24.53,1.92,2.58
2009/06/29,23.4,24.15,23.3,23.65,136.0,3218.0,1.5021,0.2759,75.0,0.0,0.0,0.0,0.0,1616.0,42.0,55.0,0.0,6.0,4.0,24.89,1.95,2.54
2009/06/30,23.35,24.2,23.35,23.5,59.0,1400.0,-0.6342,0.1197,42.0,0.0,0.0,0.0,0.0,1570.0,36.0,11.0,4.0,2.0,0.0,24.74,1.93,2.55
2009/07/01,23.75,23.75,23.45,23.7,19.0,451.0,0.8511,0.0385,15.0,0.0,0.0,0.0,0.0,1575.0,9.0,4.0,0.0,2.0,0.0,24.95,1.95,2.53
2009/07/02,23.7,24.7,23.5,24.0,129.0,3102.0,1.2658,0.2617,79.0,0.0,0.0,0.0,0.0,1582.0,54.0,47.0,0.0,2.0,0.0,25.26,1.98,2.5
2009/07/03,23.5,24.9,23.5,24.5,111.0,2715.0,2.0833,0.2252,71.0,2.0,0.0,0.0,2.0,1597.0,36.0,21.0,0.0,2.0,0.0,25.79,2.02,2.45
2009/07/06,24.7,26.2,24.5,26.2,1011.0,26157.0,6.9388,2.0509,363.0,0.0,0.0,0.0,0.0,1692.0,269.0,174.0,0.0,2.0,0.0,27.58,2.16,2.29
2009/07/07,26.0,26.7,25.3,25.4,295.0,7631.0,-3.0534,0.5984,178.0,0.0,0.0,0.0,0.0,1679.0,86.0,99.0,0.0,2.0,0.0,26.74,2.09,2.36
2009/07/08,25.4,26.85,25.4,26.7,821.0,21824.0,5.1181,1.6654,342.0,0.0,0.0,0.0,0.0,1687.0,214.0,206.0,1.0,4.0,3.0,28.11,2.2,2.25
2009/07/09,27.0,27.6,26.8,27.3,1103.0,29973.0,2.2472,2.2375,367.0,0.0,0.0,0.0,0.0,1989.0,447.0,145.0,1.0,3.0,0.0,28.74,2.25,2.2
2009/07/10,27.4,27.65,26.7,26.75,681.0,18492.0,-2.0147,1.3815,278.0,0.0,0.0,0.0,0.0,2175.0,385.0,199.0,3.0,0.0,0.0,28.16,2.2,2.24
2009/07/13,26.6,26.65,24.9,24.9,298.0,7603.0,-6.9159,0.6045,122.0,0.0,0.0,0.0,0.0,2041.0,0.0,134.0,0.0,0.0,0.0,26.21,2.05,2.41
2009/07/14,24.95,26.0,24.95,25.6,145.0,3722.0,2.8112,0.2941,88.0,4.0,0.0,0.0,4.0,2010.0,0.0,31.0,0.0,0.0,0.0,26.95,2.11,2.34
2009/07/15,25.7,27.15,25.6,26.65,467.0,12349.0,4.1016,0.9473,232.0,0.0,0.0,0.0,0.0,1981.0,0.0,29.0,0.0,0.0,0.0,28.05,2.19,2.25
2009/07/16,26.7,26.7,25.7,25.85,262.0,6847.0,0.7505,0.5315,140.0,0.0,0.0,0.0,0.0,2004.0,70.0,47.0,0.0,0.0,0.0,27.21,2.13,3.87
2009/07/17,26.5,27.65,26.5,27.65,651.0,17932.0,6.9632,1.3206,207.0,0.0,0.0,0.0,0.0,2290.0,358.0,72.0,0.0,0.0,0.0,29.11,2.28,3.62
2009/07/20,29.55,29.55,29.55,29.55,416.0,12294.0,6.8716,0.8439,149.0,0.0,0.0,0.0,0.0,2438.0,276.0,128.0,0.0,1.0,1.0,31.11,2.43,3.38
2009/07/21,31.6,31.6,30.0,30.95,5521.0,172272.0,4.7377,11.1997,1750.0,-2.0,0.0,0.0,-2.0,2995.0,1917.0,1360.0,1.0,24.0,24.0,32.58,2.55,3.23
2009/07/22,30.95,30.95,29.4,29.5,1304.0,38944.0,-4.685,2.6452,471.0,-1.0,0.0,0.0,-1.0,3176.0,489.0,308.0,23.0,4.0,3.0,31.05,2.43,3.39
2009/07/23,29.6,30.75,29.4,30.5,1352.0,40535.0,3.3898,2.7426,508.0,-2.0,0.0,0.0,-2.0,3673.0,660.0,163.0,4.0,3.0,3.0,32.11,2.51,3.28
2009/07/24,30.6,31.7,30.1,30.45,2020.0,62698.0,-0.1639,4.0977,653.0,-3.0,0.0,0.0,-3.0,4174.0,970.0,468.0,0.0,3.0,0.0,32.05,2.51,3.28
2009/07/27,31.0,32.55,31.0,32.55,2833.0,91895.0,6.8966,5.7469,673.0,0.0,0.0,0.0,0.0,5286.0,1609.0,497.0,0.0,8.0,5.0,34.26,2.68,3.07
2009/07/28,33.4,34.8,32.0,32.1,3834.0,128700.0,-1.3825,7.7775,1231.0,0.0,0.0,0.0,0.0,5264.0,1688.0,1710.0,2.0,20.0,14.0,33.79,2.64,3.12
2009/07/29,31.6,33.0,31.5,32.1,1160.0,37618.0,0.0,2.3531,577.0,0.0,0.0,0.0,0.0,5102.0,405.0,567.0,9.0,11.0,0.0,33.79,2.64,3.12
2009/07/30,32.1,32.5,30.75,31.1,1085.0,33946.0,-3.1153,2.201,453.0,0.0,0.0,0.0,0.0,5085.0,410.0,427.0,5.0,6.0,0.0,32.74,2.56,3.22
2009/07/31,31.7,33.0,31.1,31.6,1479.0,47699.0,1.6077,3.0002,649.0,0.0,0.0,0.0,0.0,5284.0,587.0,388.0,0.0,10.0,4.0,33.26,2.6,3.16
2009/08/03,32.5,33.8,31.8,33.1,2396.0,79926.0,4.7468,4.8604,863.0,0.0,0.0,0.0,0.0,5532.0,847.0,599.0,0.0,97.0,87.0,34.84,2.72,3.02
2009/08/04,32.7,33.5,30.95,31.85,1299.0,41683.0,-3.7764,2.6351,539.0,0.0,0.0,0.0,0.0,5375.0,501.0,658.0,39.0,59.0,1.0,33.53,2.62,3.14
2009/08/05,31.05,32.0,29.65,30.2,787.0,24210.0,-5.1805,1.5965,317.0,0.0,0.0,0.0,0.0,5397.0,274.0,252.0,27.0,32.0,0.0,31.79,2.49,3.31
2009/08/06,30.2,30.95,29.7,30.95,488.0,14716.0,2.4834,0.9899,238.0,0.0,0.0,0.0,0.0,5377.0,208.0,213.0,1.0,32.0,2.0,32.58,2.55,3.23
2009/08/10,30.95,30.95,29.7,30.4,593.0,17835.0,-1.7771,1.2029,238.0,0.0,0.0,0.0,0.0,5175.0,240.0,442.0,2.0,30.0,0.0,32.0,2.5,3.29
2009/08/11,30.2,30.35,29.75,29.75,325.0,9748.0,-2.1382,0.6593,158.0,0.0,0.0,0.0,0.0,5150.0,72.0,97.0,0.0,30.0,0.0,31.32,2.45,3.36
2009/08/12,29.8,30.6,29.8,30.1,287.0,8666.0,1.1765,0.5822,128.0,0.0,0.0,0.0,0.0,5192.0,68.0,26.0,0.0,43.0,13.0,31.68,2.48,3.32
2009/08/13,30.65,30.7,30.15,30.3,184.0,5593.0,0.6645,0.3733,105.0,0.0,0.0,0.0,0.0,5179.0,48.0,61.0,0.0,43.0,0.0,31.89,2.49,3.3
2009/08/14,30.6,30.7,29.9,30.4,277.0,8375.0,0.33,0.5619,128.0,0.0,0.0,0.0,0.0,5245.0,106.0,40.0,0.0,45.0,2.0,32.0,2.5,3.29
2009/08/17,30.2,30.6,29.75,30.0,262.0,7860.0,-1.3158,0.5315,113.0,0.0,0.0,0.0,0.0,5268.0,118.0,89.0,1.0,44.0,0.0,31.58,2.47,3.33
2009/08/18,29.9,30.0,28.25,28.3,576.0,16769.0,-5.6667,1.1685,211.0,0.0,0.0,0.0,0.0,5100.0,110.0,278.0,0.0,44.0,0.0,29.79,2.33,3.53
2009/08/19,28.9,29.0,28.3,28.5,307.0,8759.0,0.7067,0.6228,144.0,0.0,0.0,0.0,0.0,5059.0,75.0,116.0,1.0,73.0,30.0,30.0,2.35,3.51
2009/08/20,28.95,28.95,27.6,27.6,290.0,8123.0,-3.1579,0.5883,128.0,0.0,0.0,0.0,0.0,4940.0,50.0,169.0,20.0,53.0,0.0,29.05,2.27,3.62
2009/08/21,27.6,29.5,27.6,29.45,967.0,28180.0,6.7029,1.9616,385.0,0.0,0.0,0.0,0.0,5085.0,384.0,239.0,7.0,54.0,8.0,31.0,2.42,3.4
2009/08/24,30.5,30.5,29.45,30.0,645.0,19394.0,1.8676,1.3084,301.0,0.0,0.0,0.0,0.0,5017.0,207.0,275.0,0.0,56.0,2.0,31.58,2.47,3.33
2009/08/25,30.0,31.9,30.0,31.4,1173.0,36686.0,4.6667,2.3795,550.0,0.0,0.0,0.0,0.0,5197.0,548.0,368.0,32.0,28.0,4.0,33.05,2.58,3.18
2009/08/26,31.7,33.55,31.7,32.65,3102.0,102268.0,3.9809,6.2926,1301.0,0.0,0.0,0.0,0.0,5477.0,1428.0,1144.0,0.0,49.0,21.0,34.37,2.69,3.06
2009/08/27,32.65,33.0,30.5,30.75,978.0,30902.0,-5.8193,1.9839,465.0,0.0,0.0,0.0,0.0,5357.0,392.0,512.0,11.0,38.0,0.0,32.37,2.53,3.25
2009/08/28,30.5,30.9,30.0,30.75,435.0,13248.0,0.0,0.8824,219.0,0.0,0.0,0.0,0.0,5309.0,136.0,184.0,12.0,27.0,1.0,32.37,2.53,3.25
2009/08/31,31.0,31.35,30.3,30.5,263.0,8104.0,-0.813,0.5335,156.0,0.0,0.0,0.0,0.0,5273.0,87.0,123.0,1.0,26.0,0.0,32.11,2.51,3.28
2009/09/01,30.2,30.95,30.2,30.55,339.0,10403.0,0.1639,0.6877,149.0,0.0,0.0,0.0,0.0,5249.0,130.0,154.0,0.0,26.0,0.0,32.16,2.51,3.27
2009/09/02,30.6,32.25,30.6,32.0,887.0,28162.0,4.7463,1.7993,457.0,7.0,0.0,0.0,7.0,5306.0,414.0,357.0,1.0,33.0,8.0,32.65,2.85,3.13
2009/09/03,32.3,32.5,31.3,31.35,661.0,20976.0,-2.0312,1.3409,317.0,3.0,0.0,0.0,3.0,5260.0,219.0,265.0,1.0,32.0,0.0,31.99,2.79,3.19
2009/09/04,31.4,31.9,31.2,31.35,366.0,11564.0,0.0,0.7425,184.0,-5.0,0.0,0.0,-5.0,5231.0,95.0,121.0,0.0,32.0,0.0,31.99,2.79,3.19
2009/09/07,31.4,33.0,31.4,32.0,769.0,24852.0,2.0734,1.56,296.0,0.0,0.0,0.0,0.0,5228.0,357.0,360.0,0.0,33.0,1.0,32.65,2.85,3.13
2009/09/08,31.6,32.4,31.6,31.7,530.0,16967.0,-0.9375,1.0751,195.0,0.0,0.0,0.0,0.0,5080.0,82.0,229.0,0.0,33.0,0.0,32.35,2.83,3.15
2009/09/09,31.7,32.35,31.55,31.55,277.0,8843.0,-0.4732,0.5619,148.0,0.0,0.0,0.0,0.0,5086.0,107.0,99.0,0.0,33.0,0.0,32.19,2.81,3.17
2009/09/10,32.3,32.3,30.5,30.5,397.0,12274.0,-3.3281,0.8053,202.0,0.0,0.0,0.0,0.0,4959.0,104.0,231.0,0.0,33.0,0.0,31.12,2.72,3.28
2009/09/11,31.4,31.4,30.65,30.8,238.0,7398.0,0.9836,0.4828,111.0,-5.0,0.0,0.0,-5.0,4902.0,44.0,101.0,0.0,33.0,0.0,31.43,2.75,3.25
2009/09/14,31.3,32.95,31.0,32.95,1782.0,58105.0,6.9805,3.6149,523.0,0.0,0.0,0.0,0.0,5112.0,768.0,558.0,0.0,34.0,1.0,33.62,2.94,3.03
2009/09/15,34.6,35.25,33.9,35.25,2939.0,102951.0,6.9803,5.9619,876.0,9.0,0.0,0.0,9.0,5731.0,1366.0,747.0,0.0,74.0,40.0,35.97,3.14,2.84
2009/09/16,37.7,37.7,37.7,37.7,1636.0,61706.0,6.9504,3.3187,383.0,0.0,0.0,0.0,0.0,5606.0,440.0,565.0,0.0,219.0,145.0,38.47,3.36,2.65
2009/09/17,38.2,38.8,37.0,37.55,5060.0,192294.0,-0.3979,10.2645,1772.0,0.0,0.0,70.0,70.0,5193.0,1950.0,1961.0,84.0,206.0,71.0,38.32,3.35,2.66
2009/09/18,38.0,40.15,38.0,40.15,3730.0,148485.0,6.9241,7.5665,1291.0,21.0,0.0,-55.0,-34.0,5649.0,1570.0,1114.0,32.0,309.0,135.0,40.97,3.58,2.49
2009/09/21,41.1,42.95,40.2,42.0,3948.0,165440.0,4.6077,8.0088,1789.0,-10.0,0.0,-15.0,-25.0,5019.0,1093.0,1723.0,55.0,304.0,50.0,42.86,3.74,2.38
2009/09/22,42.0,43.85,41.5,42.3,2326.0,99413.0,0.7143,4.7184,1247.0,-10.0,0.0,47.0,37.0,4655.0,604.0,968.0,17.0,300.0,14.0,43.16,3.77,2.36
2009/09/23,42.9,43.6,41.9,42.5,1874.0,80033.0,0.4728,3.8015,1026.0,-3.0,0.0,0.0,-3.0,4589.0,604.0,670.0,5.0,333.0,38.0,43.37,3.79,2.35
2009/09/24,42.7,42.7,41.3,41.7,966.0,40382.0,-1.8824,1.9596,540.0,0.0,0.0,5.0,5.0,4719.0,452.0,322.0,17.0,297.0,1.0,42.55,3.72,2.4
2009/09/25,41.5,44.6,41.0,44.6,2418.0,106317.0,6.9544,4.9051,1099.0,-5.0,0.0,-2.0,-7.0,5011.0,1005.0,713.0,16.0,337.0,56.0,45.51,3.98,2.24
2009/09/28,45.75,45.75,43.3,43.75,1859.0,82907.0,-1.9058,3.7711,1026.0,0.0,0.0,0.0,0.0,5174.0,905.0,742.0,23.0,325.0,11.0,44.64,3.9,2.29
2009/09/29,43.75,45.3,43.5,43.75,1341.0,59142.0,0.0,2.7203,749.0,0.0,0.0,0.0,0.0,5082.0,466.0,558.0,12.0,350.0,37.0,44.64,3.9,2.29
2009/09/30,43.75,44.75,43.75,44.1,1081.0,47795.0,0.8,2.1929,578.0,0.0,0.0,-45.0,-45.0,5137.0,411.0,316.0,15.0,337.0,2.0,45.0,3.93,2.27
2009/10/01,43.5,44.6,42.95,43.2,1085.0,47255.0,-2.0408,2.201,543.0,1.0,0.0,0.0,1.0,5141.0,509.0,502.0,7.0,327.0,0.0,44.08,3.85,2.31
2009/10/02,42.7,46.2,42.25,45.25,2872.0,130387.0,4.7454,5.826,1162.0,-1.0,0.0,-5.0,-6.0,5343.0,1294.0,1092.0,13.0,326.0,12.0,46.17,4.03,2.21
2009/10/05,45.0,46.8,44.65,45.3,1175.0,53406.0,0.1105,2.3836,732.0,0.0,0.0,0.0,0.0,5272.0,620.0,691.0,5.0,322.0,1.0,46.22,4.04,2.21
2009/10/06,45.3,46.0,44.75,44.75,855.0,38902.0,-1.2141,1.7344,539.0,0.0,0.0,0.0,0.0,5170.0,314.0,416.0,2.0,324.0,4.0,45.66,3.99,2.23
2009/10/07,44.75,45.5,43.1,43.4,1145.0,50881.0,-3.0168,2.3227,649.0,-1.0,0.0,0.0,-1.0,5237.0,536.0,469.0,47.0,279.0,2.0,44.29,3.87,2.3
2009/10/08,43.5,44.5,42.1,42.3,980.0,42388.0,-2.5346,1.988,504.0,0.0,0.0,0.0,0.0,5260.0,352.0,329.0,47.0,243.0,11.0,43.16,3.77,2.36
2009/10/09,42.5,43.4,41.0,42.0,772.0,32393.0,-0.7092,1.566,462.0,1.0,0.0,10.0,11.0,5198.0,218.0,280.0,3.0,242.0,2.0,42.86,3.74,2.38
2009/10/12,42.9,44.0,42.5,42.8,952.0,41107.0,1.9048,1.9312,512.0,-2.0,0.0,108.0,106.0,5192.0,292.0,298.0,3.0,241.0,2.0,43.67,3.81,2.34
2009/10/13,42.5,44.1,42.35,43.6,863.0,37564.0,1.8692,1.7506,494.0,0.0,0.0,100.0,100.0,5198.0,289.0,283.0,36.0,208.0,3.0,44.49,3.89,2.29
2009/10/14,44.2,45.7,43.6,44.9,1817.0,81524.0,2.9817,3.6859,970.0,0.0,0.0,30.0,30.0,5098.0,509.0,609.0,2.0,212.0,6.0,45.82,4.0,2.23
2009/10/15,45.35,45.4,44.0,44.2,1134.0,50606.0,-1.559,2.3004,599.0,0.0,0.0,0.0,0.0,5053.0,395.0,440.0,7.0,205.0,0.0,45.1,3.94,2.26
2009/10/16,44.2,44.6,43.7,43.7,660.0,29112.0,-1.1312,1.3389,325.0,0.0,0.0,0.0,0.0,5084.0,278.0,247.0,2.0,203.0,0.0,44.59,3.89,2.29
2009/10/19,43.7,44.2,43.6,43.8,256.0,11242.0,0.2288,0.5193,179.0,0.0,0.0,0.0,0.0,5097.0,86.0,73.0,0.0,207.0,4.0,44.69,3.9,2.28
2009/10/20,43.8,44.0,42.6,43.0,455.0,19711.0,-1.8265,0.923,291.0,1.0,0.0,0.0,1.0,5051.0,125.0,171.0,2.0,205.0,0.0,43.88,3.83,2.33
2009/10/21,43.4,43.7,42.0,42.5,723.0,30945.0,-1.1628,1.4667,479.0,0.0,0.0,0.0,0.0,5022.0,272.0,301.0,1.0,206.0,2.0,43.37,3.79,2.35
2009/10/22,42.5,43.0,41.6,41.8,699.0,29556.0,-1.6471,1.418,366.0,-1.0,0.0,20.0,19.0,4865.0,272.0,429.0,11.0,197.0,2.0,42.65,3.73,2.39
2009/10/23,41.9,42.45,41.7,41.8,744.0,31263.0,0.0,1.5093,343.0,0.0,0.0,15.0,15.0,4736.0,228.0,357.0,1.0,197.0,1.0,42.65,3.73,2.39
2009/10/26,42.0,43.8,41.8,41.8,992.0,42451.0,0.0,2.0123,514.0,0.0,0.0,30.0,30.0,4767.0,382.0,351.0,0.0,198.0,1.0,42.65,3.73,2.39
2009/10/27,42.5,42.5,41.5,42.0,332.0,13924.0,0.4785,0.6735,188.0,0.0,0.0,5.0,5.0,4742.0,121.0,146.0,10.0,189.0,1.0,42.86,3.74,2.38
2009/10/28,42.0,42.4,39.1,39.1,1133.0,45620.0,-6.9048,2.2984,678.0,1.0,0.0,-150.0,-149.0,4687.0,247.0,302.0,20.0,169.0,0.0,39.9,3.48,2.56
2009/10/29,37.3,38.0,36.4,37.0,1649.0,60385.0,-5.3708,3.3451,732.0,4.0,0.0,-168.0,-164.0,4658.0,409.0,438.0,39.0,130.0,0.0,37.76,3.3,2.7
2009/10/30,37.0,37.5,36.05,36.05,828.0,30352.0,-2.5676,1.6796,463.0,-4.0,143.0,0.0,139.0,4411.0,132.0,378.0,0.0,133.0,3.0,36.79,3.21,2.77
2009/11/02,36.0,37.6,35.5,37.2,956.0,35365.0,3.19,1.9393,505.0,0.0,143.0,0.0,143.0,4408.0,235.0,238.0,3.0,151.0,21.0,37.96,3.32,2.69
2009/11/03,38.0,39.7,37.5,38.4,1508.0,58285.0,3.2258,3.0591,713.0,0.0,227.0,0.0,227.0,4402.0,397.0,403.0,2.0,155.0,6.0,39.18,3.42,2.6
2009/11/04,38.4,39.0,38.4,38.8,586.0,22739.0,1.0417,1.1887,329.0,0.0,0.0,0.0,0.0,4536.0,266.0,127.0,6.0,169.0,20.0,39.59,3.46,2.58
2009/11/05,38.8,39.3,38.5,38.8,522.0,20315.0,0.0,1.0589,279.0,2.0,0.0,0.0,2.0,4629.0,262.0,168.0,0.0,171.0,2.0,28.74,3.25,2.58
2009/11/06,39.2,39.6,38.5,38.5,387.0,15078.0,-0.7732,0.7851,226.0,-1.0,0.0,0.0,-1.0,4632.0,172.0,169.0,21.0,150.0,0.0,28.52,3.23,2.6
2009/11/09,39.5,40.9,39.15,39.4,1198.0,47929.0,2.3377,2.4302,594.0,-1.0,0.0,0.0,-1.0,4564.0,482.0,550.0,4.0,180.0,34.0,29.19,3.3,2.54
2009/11/10,40.0,40.2,39.0,39.2,436.0,17252.0,-0.5076,0.8845,224.0,0.0,0.0,0.0,0.0,4592.0,158.0,130.0,33.0,148.0,1.0,29.04,3.29,2.55
2009/11/11,39.9,40.0,39.4,39.5,511.0,20251.0,0.7653,1.0366,252.0,0.0,180.0,0.0,180.0,4500.0,97.0,189.0,0.0,149.0,1.0,29.26,3.31,2.53
2009/11/12,39.8,41.9,39.8,41.0,1534.0,63106.0,3.7975,3.1118,689.0,-1.0,0.0,0.0,-1.0,4757.0,616.0,349.0,4.0,150.0,5.0,30.37,3.44,2.44
2009/11/13,41.2,43.85,41.2,43.85,4261.0,185191.0,6.9512,8.6437,1514.0,0.0,172.0,0.0,172.0,5619.0,1779.0,917.0,3.0,201.0,54.0,32.48,3.68,2.28
2009/11/16,44.15,45.1,43.1,45.0,3219.0,142517.0,2.6226,6.5299,1310.0,0.0,0.0,0.0,0.0,6153.0,1631.0,1097.0,17.0,201.0,17.0,33.33,3.77,2.22
2009/11/17,45.7,48.15,45.1,46.0,5489.0,258206.0,2.2222,11.1348,2289.0,6.0,448.0,0.0,454.0,6267.0,1915.0,1801.0,10.0,263.0,72.0,34.07,3.86,2.17
2009/11/18,46.6,49.2,46.6,49.2,4297.0,208634.0,6.9565,8.7167,1580.0,6.0,695.0,33.0,734.0,6272.0,1233.0,1228.0,3.0,357.0,98.0,36.44,4.12,2.03
2009/11/19,50.0,52.5,49.8,50.6,4102.0,210839.0,2.8455,8.3212,1556.0,49.0,154.0,207.0,410.0,6646.0,1647.0,1261.0,62.0,340.0,45.0,37.48,4.24,1.98
2009/11/20,50.6,51.8,48.8,49.8,2225.0,111174.0,-1.581,4.5136,933.0,0.0,120.0,42.0,162.0,6516.0,939.0,1069.0,21.0,320.0,2.0,36.89,4.17,2.01
2009/11/23,50.1,50.9,48.6,48.7,1758.0,87054.0,-2.2088,3.5662,725.0,-1.0,0.0,6.0,5.0,6619.0,786.0,683.0,19.0,303.0,2.0,36.07,4.08,2.05
2009/11/24,48.7,49.4,46.65,47.25,1591.0,75931.0,-2.9774,3.2274,802.0,1.0,0.0,54.0,55.0,6669.0,601.0,551.0,35.0,268.0,0.0,35.0,3.96,2.12
2009/11/25,50.5,50.5,50.5,50.5,896.0,45279.0,6.8783,1.8176,316.0,0.0,0.0,0.0,0.0,7093.0,732.0,308.0,0.0,270.0,2.0,37.41,4.23,1.98
2009/11/26,54.0,54.0,54.0,54.0,1203.0,64984.0,6.9307,2.4404,413.0,5.0,0.0,0.0,5.0,7343.0,797.0,546.0,12.0,305.0,48.0,40.0,4.53,1.85
2009/11/27,57.1,57.7,56.0,57.7,7901.0,452750.0,6.8519,16.0277,2644.0,145.0,25.0,-49.0,121.0,8605.0,3169.0,1907.0,32.0,585.0,312.0,42.74,4.84,1.73
2009/11/30,59.1,61.7,57.3,61.7,5222.0,316749.0,6.9324,10.5932,1841.0,464.0,950.0,-5.0,1409.0,8203.0,1118.0,1519.0,65.0,1000.0,481.0,45.7,5.17,1.62
2009/12/01,63.8,66.0,63.5,66.0,2672.0,175532.0,6.9692,5.4203,763.0,464.0,0.0,0.0,464.0,8798.0,1328.0,733.0,48.0,1275.0,324.0,48.89,5.53,1.52
2009/12/02,70.6,70.6,70.6,70.6,1090.0,76955.0,6.9697,2.2111,356.0,5.0,60.0,-20.0,45.0,9048.0,603.0,350.0,37.0,1339.0,104.0,52.3,5.92,1.42
2009/12/03,72.9,75.5,69.3,75.5,7966.0,584462.0,6.9405,16.1595,3612.0,275.0,580.0,16.0,871.0,9489.0,2110.0,1669.0,321.0,1758.0,740.0,55.93,6.33,1.32
2009/12/04,76.3,80.6,75.5,80.3,5163.0,410726.0,6.3576,10.4735,2427.0,39.0,293.0,26.0,358.0,10412.0,1785.0,862.0,208.0,2064.0,514.0,59.48,6.73,1.25
2009/12/07,80.7,82.5,78.2,79.0,3206.0,255215.0,-1.6189,6.5036,1532.0,1.0,-216.0,-35.0,-250.0,9777.0,556.0,1191.0,447.0,1630.0,14.0,58.52,6.62,1.27
2009/12/08,77.2,79.0,76.1,78.3,2928.0,227282.0,-0.8861,5.9396,1271.0,148.0,0.0,-14.0,134.0,9763.0,1089.0,1103.0,190.0,1432.0,4.0,58.0,6.56,1.28
2009/12/09,79.5,83.7,79.5,83.7,4762.0,394274.0,6.8966,9.66,1975.0,-5.0,0.0,-50.0,-55.0,10277.0,1915.0,1401.0,34.0,1595.0,214.0,62.0,7.02,1.19
2009/12/10,85.8,85.8,80.0,82.6,3140.0,261222.0,-1.3142,6.3697,1364.0,-50.0,-86.0,-5.0,-141.0,9582.0,1001.0,1696.0,174.0,1454.0,33.0,61.19,6.92,1.21
2009/12/11,82.4,85.0,82.4,82.6,2379.0,199332.0,0.0,4.8259,1082.0,-1.0,0.0,0.0,-1.0,9615.0,914.0,881.0,94.0,1407.0,48.0,61.19,6.92,1.21
2009/12/14,81.3,82.5,79.0,80.1,1543.0,123778.0,-3.0266,3.1301,777.0,-35.0,0.0,4.0,-31.0,9591.0,474.0,498.0,87.0,1245.0,0.0,59.33,6.71,1.25
2009/12/15,79.6,85.2,79.0,81.3,2540.0,209897.0,1.4981,5.1525,1359.0,24.0,-79.0,-1.0,-56.0,9874.0,963.0,680.0,17.0,1279.0,51.0,60.22,6.81,1.23
2009/12/16,81.0,83.0,78.0,79.6,1539.0,123329.0,-2.091,3.122,844.0,-20.0,-100.0,30.0,-90.0,9977.0,402.0,299.0,94.0,1205.0,20.0,58.96,6.67,1.26
2009/12/17,79.6,80.5,74.2,74.6,3081.0,234784.0,-6.2814,6.25,1663.0,-15.0,-245.0,4.0,-256.0,9669.0,746.0,1053.0,289.0,940.0,24.0,55.26,6.25,1.34
2009/12/18,74.0,74.5,70.2,71.9,1830.0,132444.0,-3.6193,3.7123,984.0,-1.0,0.0,22.0,21.0,9919.0,755.0,505.0,118.0,822.0,0.0,53.26,6.03,1.39
2009/12/21,73.0,75.0,72.0,73.3,1062.0,77989.0,1.9471,2.1543,647.0,0.0,0.0,-4.0,-4.0,9981.0,355.0,288.0,17.0,829.0,29.0,54.3,6.14,1.36
2009/12/22,75.5,75.5,72.4,72.8,1087.0,79475.0,-0.6821,2.205,598.0,-99.0,0.0,38.0,-61.0,10096.0,411.0,296.0,34.0,832.0,37.0,53.93,6.1,1.37
2009/12/23,73.0,73.4,71.2,72.5,1115.0,80511.0,-0.4121,2.2618,664.0,1.0,0.0,44.0,45.0,10062.0,352.0,386.0,33.0,814.0,16.0,53.7,6.08,1.38
2009/12/24,72.8,75.3,72.1,74.5,2001.0,148409.0,2.7586,4.0592,1103.0,0.0,0.0,-222.0,-222.0,10170.0,658.0,542.0,22.0,903.0,122.0,55.19,6.24,1.34
2009/12/25,75.5,75.6,73.7,74.4,1060.0,79321.0,-0.1342,2.1503,621.0,70.0,1.0,-7.0,64.0,10145.0,315.0,340.0,20.0,935.0,53.0,55.11,6.24,1.34
2009/12/28,74.4,75.3,72.8,73.3,790.0,58159.0,-1.4785,1.6026,475.0,-3.0,1.0,0.0,-2.0,10035.0,233.0,338.0,50.0,885.0,0.0,54.3,6.14,1.36
2009/12/29,73.4,73.4,71.7,71.7,768.0,55607.0,-2.1828,1.5579,473.0,0.0,0.0,0.0,0.0,9585.0,194.0,341.0,54.0,831.0,0.0,53.11,6.01,1.39
2009/12/30,72.0,76.7,72.0,76.7,2491.0,188455.0,6.9735,5.0531,1276.0,-70.0,-25.0,-98.0,-193.0,10052.0,1254.0,637.0,8.0,896.0,75.0,56.81,6.43,1.3
2009/12/31,77.5,78.0,75.6,76.2,2102.0,161862.0,-0.6519,4.264,1181.0,0.0,-32.0,20.0,-12.0,9772.0,704.0,984.0,22.0,884.0,10.0,56.44,6.39,1.31
2010/01/04,76.0,76.0,71.2,72.1,1776.0,129435.0,-5.3806,3.6027,965.0,-1.0,0.0,82.0,81.0,9185.0,487.0,1074.0,102.0,782.0,0.0,53.41,6.04,1.39
2010/01/05,72.2,72.9,69.0,69.1,1651.0,116684.0,-4.1609,3.3492,1002.0,-1.0,0.0,8.0,7.0,8367.0,401.0,1035.0,88.0,701.0,7.0,51.19,5.79,1.45
2010/01/06,67.1,68.8,65.2,65.7,2521.0,167567.0,-4.9204,5.114,1429.0,0.0,0.0,-126.0,-126.0,7916.0,582.0,1033.0,297.0,404.0,0.0,48.67,5.51,1.52
2010/01/07,66.0,68.5,65.7,66.4,1733.0,115841.0,1.0654,3.5155,1000.0,2.0,0.0,0.0,2.0,8061.0,616.0,471.0,20.0,479.0,95.0,49.19,5.57,1.51
2010/01/08,67.4,67.9,62.0,65.5,1635.0,105083.0,-1.3554,3.3167,1063.0,0.0,0.0,0.0,0.0,7941.0,461.0,581.0,117.0,369.0,7.0,48.52,5.49,1.53
2010/01/11,66.0,66.0,64.0,64.9,1060.0,68918.0,-0.916,2.1503,644.0,-1.0,-145.0,0.0,-146.0,8007.0,418.0,352.0,52.0,326.0,9.0,48.07,5.44,1.54
2010/01/12,65.8,69.4,65.6,69.4,2714.0,187162.0,6.9337,5.5055,1139.0,0.0,0.0,0.0,0.0,8032.0,972.0,927.0,5.0,346.0,51.0,51.41,5.82,1.44
2010/01/13,70.0,72.0,69.7,69.9,3944.0,279641.0,0.7205,8.0006,2144.0,-1.0,0.0,9.0,8.0,7721.0,1431.0,1642.0,35.0,371.0,60.0,51.78,5.86,1.43
2010/01/14,70.0,70.5,68.0,69.1,1358.0,93875.0,-1.1445,2.7548,822.0,-10.0,0.0,-9.0,-19.0,7689.0,526.0,558.0,50.0,325.0,4.0,51.19,5.79,1.45
2010/01/15,70.0,71.8,69.0,69.3,1220.0,85598.0,0.2894,2.4748,729.0,0.0,0.0,0.0,0.0,7852.0,588.0,425.0,7.0,331.0,14.0,51.33,5.81,1.44
2010/01/18,68.5,69.7,66.0,66.5,1589.0,106699.0,-4.0404,3.2234,939.0,-467.0,0.0,0.0,-467.0,7882.0,591.0,561.0,37.0,295.0,1.0,49.26,5.57,1.5
2010/01/19,66.4,69.1,66.2,67.8,1894.0,128135.0,1.9549,3.8421,1107.0,-9.0,0.0,0.0,-9.0,7877.0,610.0,615.0,10.0,304.0,19.0,50.22,5.68,1.47
2010/01/20,69.1,72.5,68.6,72.5,2906.0,208873.0,6.9322,5.895,1275.0,-1.0,0.0,20.0,19.0,8265.0,1309.0,921.0,0.0,342.0,38.0,53.7,6.08,1.38
2010/01/21,74.7,75.0,70.8,71.0,5298.0,390802.0,-2.069,10.7473,2897.0,-2.0,20.0,0.0,18.0,8942.0,2487.0,1810.0,9.0,427.0,94.0,52.59,5.95,1.41
2010/01/22,68.6,70.4,67.0,68.6,1645.0,112790.0,-3.3803,3.337,986.0,1.0,0.0,0.0,1.0,8699.0,624.0,864.0,111.0,316.0,0.0,50.81,5.75,1.46
2010/01/25,67.5,68.6,66.2,66.7,908.0,61154.0,-2.7697,1.8419,567.0,0.0,0.0,-10.0,-10.0,8508.0,308.0,496.0,13.0,303.0,0.0,49.41,5.59,1.5
2010/01/26,66.8,67.8,62.2,62.5,1693.0,108806.0,-6.2969,3.4344,912.0,-1.0,0.0,-10.0,-11.0,7887.0,372.0,992.0,81.0,221.0,0.0,46.3,5.24,1.6
2010/01/27,61.3,64.5,61.1,62.6,1104.0,69193.0,0.16,2.2395,644.0,-30.0,0.0,0.0,-30.0,7670.0,189.0,384.0,14.0,247.0,41.0,46.37,5.25,1.6
2010/01/28,64.0,65.2,63.4,65.0,1043.0,66827.0,3.8339,2.1158,547.0,-104.0,0.0,0.0,-104.0,7335.0,166.0,498.0,23.0,251.0,28.0,48.15,5.45,1.54
2010/01/29,63.0,64.5,63.0,64.0,751.0,48012.0,-1.5385,1.5235,397.0,-1.0,0.0,0.0,-1.0,7136.0,203.0,402.0,64.0,187.0,0.0,47.41,5.36,1.56
2010/02/01,65.0,68.4,65.0,68.4,1617.0,108486.0,6.875,3.2802,951.0,0.0,0.0,0.0,0.0,7376.0,692.0,452.0,12.0,337.0,162.0,50.67,5.73,1.46
2010/02/02,70.3,71.5,67.5,68.1,3042.0,212505.0,-0.4386,6.1709,1778.0,-26.0,-20.0,5.0,-41.0,7163.0,902.0,1115.0,7.0,466.0,136.0,50.44,5.71,1.47
2010/02/03,69.5,71.5,68.1,69.5,1308.0,90672.0,2.0558,2.6534,818.0,0.0,0.0,0.0,0.0,7046.0,287.0,404.0,28.0,511.0,73.0,51.48,5.83,1.44
2010/02/04,69.7,72.0,69.5,70.2,1193.0,84478.0,1.0072,2.4201,773.0,0.0,0.0,0.0,0.0,7096.0,499.0,449.0,31.0,503.0,23.0,52.0,5.88,1.42
2010/02/05,67.0,69.5,65.4,66.0,1468.0,98286.0,-5.9829,2.9779,764.0,-3.0,0.0,0.0,-3.0,6828.0,419.0,682.0,103.0,395.0,0.0,48.89,5.53,1.52
2010/02/06,66.0,68.5,62.3,64.1,1367.0,88963.0,-2.8788,2.773,696.0,-112.0,0.0,0.0,-112.0,6973.0,387.0,240.0,153.0,253.0,11.0,47.48,5.37,1.56
2010/02/08,64.5,66.8,63.8,63.8,1277.0,82257.0,-0.468,2.5905,619.0,-1.0,0.0,0.0,-1.0,7091.0,291.0,168.0,27.0,259.0,33.0,47.26,5.35,1.57
2010/02/09,63.6,65.2,62.6,64.1,854.0,54906.0,0.4702,1.7324,462.0,0.0,0.0,0.0,0.0,7118.0,219.0,188.0,25.0,253.0,19.0,47.48,5.37,1.56
2010/02/10,64.5,68.5,64.5,68.5,2437.0,165203.0,6.8643,4.9436,1126.0,9.0,0.0,130.0,139.0,7260.0,786.0,643.0,31.0,281.0,59.0,50.74,5.74,1.46
2010/02/22,73.0,73.0,70.6,71.2,2652.0,190092.0,3.9416,5.3797,1406.0,-7.0,-90.0,-9.0,-106.0,7225.0,962.0,997.0,46.0,279.0,44.0,52.74,5.97,1.4
2010/02/23,71.0,71.7,69.0,70.7,1359.0,95105.0,-0.7022,2.7568,754.0,-2.0,-336.0,79.0,-259.0,7286.0,407.0,346.0,48.0,231.0,0.0,52.37,5.93,1.41
2010/02/24,70.0,75.6,69.3,75.6,4150.0,305938.0,6.9307,8.4185,2140.0,0.0,0.0,122.0,122.0,7569.0,1311.0,1028.0,23.0,303.0,95.0,56.0,6.34,1.32
2010/02/25,76.6,79.0,75.0,76.0,6079.0,466004.0,0.5291,12.3316,3356.0,1.0,40.0,-42.0,-1.0,8292.0,2385.0,1662.0,26.0,372.0,95.0,56.3,6.37,1.32
2010/02/26,76.6,78.5,75.6,76.0,3201.0,246638.0,0.0,6.4934,1961.0,1.0,0.0,78.0,79.0,8256.0,1195.0,1231.0,45.0,391.0,64.0,56.3,6.37,1.32
2010/03/01,77.0,79.0,76.2,76.7,2841.0,220450.0,0.9211,5.7631,1686.0,-1.0,0.0,5.0,4.0,7954.0,857.0,1159.0,58.0,366.0,34.0,56.81,6.43,1.3
2010/03/02,78.0,82.0,77.8,82.0,3660.0,295886.0,6.91,7.4245,1665.0,0.0,-80.0,123.0,43.0,8658.0,1617.0,913.0,11.0,509.0,154.0,60.74,6.87,1.22
2010/03/03,84.3,87.7,84.3,87.7,3445.0,296306.0,6.9512,6.9884,1449.0,-1.0,382.0,17.0,398.0,8942.0,1413.0,1129.0,157.0,578.0,226.0,64.96,6.87,1.22
2010/03/04,93.0,93.0,87.7,90.3,6060.0,549685.0,2.9647,12.2931,3286.0,26.0,232.0,-28.0,230.0,8465.0,2259.0,2736.0,365.0,213.0,0.0,66.89,7.57,1.11
2010/03/05,92.0,92.5,89.0,90.5,3256.0,296410.0,0.2215,6.605,2037.0,429.0,15.0,-32.0,412.0,8361.0,1169.0,1273.0,211.0,2.0,0.0,67.04,7.59,1.1
2010/03/08,92.8,94.2,90.3,91.8,1912.0,176142.0,1.4365,3.8786,1240.0,0.0,-55.0,-24.0,-79.0,7630.0,0.0,731.0,1.0,0.0,0.0,68.0,7.69,1.09
2010/03/09,90.5,90.5,86.5,88.0,3131.0,275647.0,-4.1394,6.3514,1860.0,1.0,200.0,74.0,275.0,6623.0,0.0,1006.0,0.0,0.0,0.0,65.19,7.38,1.14
2010/03/10,88.5,90.4,88.1,90.0,1925.0,172468.0,2.2727,3.905,1203.0,0.0,0.0,-21.0,-21.0,6368.0,0.0,255.0,0.0,0.0,0.0,66.67,7.54,1.11
2010/03/11,92.7,96.3,92.0,96.3,3205.0,304881.0,7.0,6.5015,1399.0,-5.0,-31.0,-9.0,-45.0,7386.0,1408.0,390.0,0.0,174.0,174.0,71.33,8.07,1.04
2010/03/12,97.8,99.6,94.5,96.1,6699.0,652379.0,-0.2077,13.5893,3666.0,135.0,140.0,-51.0,224.0,8212.0,2113.0,1287.0,67.0,255.0,148.0,71.19,8.06,1.04
2010/03/15,96.9,99.5,96.2,97.8,3780.0,371780.0,1.769,7.668,2428.0,35.0,32.0,-7.0,60.0,8600.0,1284.0,896.0,11.0,621.0,377.0,72.44,8.2,1.02
2010/03/16,97.1,98.6,94.3,95.8,2187.0,210427.0,-2.045,4.4365,1331.0,30.0,0.0,-57.0,-27.0,8531.0,867.0,932.0,218.0,402.0,3.0,70.96,8.03,1.04
2010/03/17,96.5,97.8,95.1,96.4,2380.0,229830.0,0.6263,4.828,1569.0,0.0,0.0,15.0,15.0,8450.0,863.0,926.0,28.0,490.0,116.0,71.41,8.08,1.04
2010/03/18,97.1,103.0,96.5,103.0,4962.0,502595.0,6.8465,10.0657,2808.0,59.0,-59.0,-16.0,-16.0,9108.0,1958.0,1300.0,42.0,714.0,266.0,76.3,8.63,0.97
2010/03/19,105.0,108.0,102.0,102.0,6113.0,642345.0,-0.9709,12.4006,3543.0,14.0,-39.0,-101.0,-126.0,8274.0,1882.0,2716.0,95.0,795.0,176.0,75.56,8.55,0.98
2010/03/22,103.0,108.5,102.0,103.0,5372.0,564571.0,0.9804,10.8974,2702.0,449.0,-15.0,-190.0,244.0,8971.0,2401.0,1704.0,122.0,790.0,117.0,99.04,8.89,0.0
2010/03/23,105.0,105.0,98.0,98.1,3458.0,348101.0,-4.7573,7.0148,2140.0,0.0,-20.0,-5.0,-25.0,9414.0,1537.0,1093.0,189.0,611.0,12.0,72.67,8.47,0.0
2010/03/24,98.0,99.8,96.0,97.0,3139.0,307110.0,-1.1213,6.3677,1943.0,0.0,30.0,-9.0,21.0,9848.0,1193.0,759.0,107.0,585.0,81.0,71.85,8.38,0.0
2010/03/25,97.0,100.0,96.2,98.7,3251.0,321680.0,1.7526,6.5949,1879.0,154.0,95.0,10.0,259.0,10127.0,925.0,646.0,30.0,751.0,197.0,73.11,8.52,1.01
2010/03/26,99.8,100.5,98.0,98.4,2228.0,221625.0,-0.304,4.5196,1298.0,3.0,100.0,27.0,130.0,10032.0,606.0,693.0,57.0,809.0,118.0,72.89,8.5,1.02
2010/03/29,98.6,100.0,97.5,98.1,2171.0,214405.0,-0.3049,4.404,1217.0,4.0,-30.0,5.0,-21.0,10335.0,948.0,645.0,83.0,778.0,52.0,72.67,8.47,1.02
2010/03/30,99.0,100.5,98.2,98.5,3274.0,326397.0,0.4077,6.6415,1552.0,1.0,0.0,102.0,103.0,10308.0,1084.0,1111.0,39.0,886.0,148.0,72.96,8.51,1.02
2010/03/31,99.8,101.0,98.5,99.0,3067.0,306917.0,0.5076,6.2216,1426.0,0.0,200.0,-4.0,196.0,10148.0,896.0,1055.0,100.0,873.0,88.0,73.33,8.55,1.01
2010/04/01,99.0,99.5,97.1,97.6,1175.0,115201.0,-1.4141,2.3836,836.0,4.0,0.0,-2.0,2.0,9974.0,349.0,522.0,103.0,776.0,8.0,72.3,8.43,1.02
2010/04/02,97.8,100.5,97.8,99.0,2705.0,269404.0,1.4344,5.4873,1351.0,16.0,0.0,-2.0,14.0,10207.0,901.0,668.0,52.0,845.0,121.0,73.33,8.55,1.01
2010/04/06,101.0,102.0,98.5,99.0,2727.0,274213.0,0.0,5.5319,1264.0,31.0,0.0,-52.0,-21.0,10329.0,909.0,787.0,114.0,795.0,64.0,73.33,8.55,1.01
2010/04/07,99.0,100.5,98.0,98.3,1248.0,122974.0,-0.7071,2.5316,816.0,1.0,0.0,-54.0,-53.0,10097.0,398.0,625.0,108.0,711.0,24.0,72.81,8.49,1.02
2010/04/08,98.3,99.2,95.6,97.9,2601.0,253558.0,-0.4069,5.2763,1221.0,6.0,-30.0,-29.0,-53.0,9819.0,574.0,852.0,141.0,626.0,56.0,72.52,8.45,1.02
2010/04/09,98.5,99.6,97.1,97.9,4196.0,415568.0,0.0,8.5118,1751.0,33.0,0.0,-3.0,30.0,10152.0,1416.0,1083.0,59.0,724.0,172.0,72.52,8.45,1.53
2010/04/12,98.5,98.5,96.0,97.5,2250.0,218760.0,-0.4086,4.5643,1153.0,-7.0,174.0,-2.0,165.0,10004.0,759.0,907.0,118.0,623.0,17.0,72.22,8.42,1.54
2010/04/13,97.0,99.4,96.5,97.7,2705.0,265914.0,0.2051,5.4873,1220.0,49.0,533.0,-3.0,579.0,9979.0,723.0,748.0,20.0,805.0,202.0,72.37,8.44,1.54
2010/04/14,99.3,100.0,98.0,98.0,3685.0,366425.0,0.3071,7.4753,1691.0,47.0,503.0,32.0,582.0,9758.0,1128.0,1349.0,47.0,915.0,157.0,72.59,8.46,1.53
2010/04/15,99.4,101.0,99.0,100.0,2913.0,291701.0,2.0408,5.9092,1602.0,-1.0,0.0,4.0,3.0,9980.0,1252.0,1030.0,57.0,991.0,143.0,74.07,8.64,1.5
2010/04/16,100.0,100.0,97.5,97.5,1313.0,129214.0,-2.5,2.6635,831.0,-2.0,0.0,-20.0,-22.0,9776.0,446.0,650.0,147.0,845.0,1.0,72.22,8.42,1.54
2010/04/19,96.0,97.4,90.7,90.7,3011.0,278405.0,-6.9744,6.108,1830.0,8.0,-112.0,-1.0,-105.0,9076.0,875.0,1575.0,190.0,655.0,0.0,67.19,7.83,1.65
2010/04/20,91.0,91.3,85.0,89.0,2089.0,183929.0,-1.8743,4.2377,1345.0,-8.0,-45.0,-33.0,-86.0,8880.0,623.0,788.0,91.0,579.0,17.0,65.93,7.69,1.69
2010/04/21,89.0,90.3,88.8,89.1,1108.0,99232.0,0.1124,2.2476,762.0,-3.0,62.0,0.0,59.0,8830.0,305.0,355.0,29.0,657.0,107.0,66.0,7.69,1.68
2010/04/22,89.1,89.1,87.0,88.0,949.0,83667.0,-1.2346,1.9251,649.0,-9.0,0.0,-2.0,-11.0,8755.0,259.0,329.0,173.0,485.0,1.0,65.19,7.6,1.7
2010/04/23,88.4,92.0,88.1,91.7,1149.0,103670.0,4.2045,2.3308,866.0,41.0,0.0,17.0,58.0,8726.0,325.0,354.0,99.0,458.0,72.0,67.93,7.92,1.64
2010/04/26,92.8,92.9,90.0,90.5,703.0,64092.0,-1.3086,1.4261,520.0,-29.0,0.0,-5.0,-34.0,8715.0,218.0,229.0,62.0,404.0,8.0,67.04,7.82,1.66
2010/04/27,90.5,91.0,89.8,89.8,469.0,42391.0,-0.7735,0.9514,334.0,0.0,0.0,0.0,0.0,8696.0,143.0,162.0,32.0,400.0,28.0,66.52,7.75,1.67
2010/04/28,84.1,90.0,84.1,89.2,730.0,64364.0,-0.6682,1.4809,446.0,52.0,0.0,-15.0,37.0,8561.0,140.0,275.0,27.0,377.0,4.0,66.07,6.74,1.68
2010/04/29,91.4,91.5,90.0,90.2,734.0,66740.0,1.1211,1.489,531.0,6.0,0.0,3.0,9.0,8526.0,223.0,258.0,10.0,397.0,41.0,36.97,6.82,1.66
2010/04/30,91.0,91.4,87.0,87.1,631.0,55954.0,-3.4368,1.28,450.0,-44.0,0.0,0.0,-44.0,8405.0,192.0,308.0,35.0,374.0,12.0,35.7,6.58,1.72
2010/05/03,88.0,89.9,86.4,87.0,644.0,56459.0,-0.1148,1.3064,431.0,-3.0,28.0,0.0,25.0,8369.0,199.0,235.0,26.0,422.0,74.0,35.66,6.58,1.72
2010/05/04,88.0,88.5,86.2,87.5,383.0,33440.0,0.5747,0.7769,298.0,0.0,0.0,0.0,0.0,8360.0,91.0,100.0,61.0,380.0,29.0,35.86,6.61,1.71
2010/05/05,85.5,87.0,81.4,81.8,1131.0,93435.0,-6.5143,2.2943,720.0,-17.0,0.0,0.0,-17.0,8341.0,377.0,396.0,111.0,269.0,0.0,33.52,6.18,1.83
2010/05/06,81.5,84.3,81.5,82.5,1189.0,98906.0,0.8557,2.412,638.0,11.0,0.0,-1.0,10.0,8106.0,200.0,435.0,27.0,301.0,59.0,33.81,6.24,1.82
2010/05/07,80.5,81.5,77.0,81.5,860.0,68399.0,-1.2121,1.7446,523.0,44.0,0.0,-1.0,43.0,7985.0,233.0,354.0,64.0,237.0,0.0,33.4,6.16,1.84
2010/05/10,81.8,83.8,81.0,82.8,536.0,44357.0,1.5951,1.0873,398.0,13.0,0.0,4.0,17.0,7986.0,182.0,181.0,16.0,246.0,30.0,33.93,6.26,1.81
2010/05/11,84.5,84.5,81.6,81.6,474.0,39467.0,-1.4493,0.9615,317.0,-40.0,0.0,0.0,-40.0,8004.0,147.0,129.0,24.0,225.0,3.0,33.44,6.17,1.84
2010/05/12,82.5,83.1,81.6,81.9,366.0,30200.0,0.3676,0.7425,292.0,-2.0,25.0,0.0,23.0,7996.0,102.0,110.0,8.0,231.0,14.0,33.57,6.19,1.83
2010/05/13,82.8,87.6,82.8,87.6,1589.0,136025.0,6.9597,3.2234,954.0,21.0,44.0,-1.0,64.0,7909.0,434.0,521.0,13.0,269.0,53.0,35.9,6.62,1.71
2010/05/14,88.1,93.0,88.1,91.7,3082.0,280375.0,4.6804,6.252,1882.0,-30.0,410.0,108.0,488.0,8116.0,915.0,708.0,59.0,278.0,68.0,37.58,6.93,1.64
2010/05/17,91.7,94.9,91.2,91.8,2581.0,240896.0,0.1091,5.2357,1725.0,-29.0,-72.0,61.0,-40.0,8459.0,1011.0,668.0,16.0,345.0,83.0,37.62,6.94,1.63
2010/05/18,92.5,95.4,92.0,93.0,2940.0,276484.0,1.3072,5.964,1880.0,6.0,50.0,69.0,125.0,8569.0,1140.0,1030.0,12.0,388.0,56.0,38.11,7.03,1.61
2010/05/19,93.0,94.0,87.7,90.1,1790.0,162729.0,-3.1183,3.6311,1091.0,13.0,0.0,-5.0,8.0,8532.0,917.0,954.0,81.0,309.0,2.0,36.93,6.81,1.66
2010/05/20,90.1,90.8,88.0,88.2,912.0,81572.0,-2.1088,1.85,620.0,28.0,0.0,-50.0,-22.0,8464.0,374.0,442.0,30.0,305.0,26.0,36.15,6.67,1.7
2010/05/21,82.2,84.8,82.1,82.8,1339.0,111212.0,-6.1224,2.7162,830.0,54.0,0.0,-70.0,-16.0,8368.0,467.0,563.0,63.0,242.0,0.0,33.93,6.26,1.81
2010/05/24,84.0,86.0,83.1,85.4,907.0,76907.0,3.1401,1.8399,582.0,51.0,-5.0,-30.0,16.0,8305.0,237.0,300.0,19.0,306.0,84.0,35.0,6.46,1.76
2010/05/25,84.0,87.4,80.0,82.6,1339.0,111842.0,-3.2787,2.7162,931.0,-53.0,0.0,-16.0,-69.0,8138.0,471.0,638.0,63.0,260.0,17.0,33.85,6.24,1.82
2010/05/26,84.0,84.1,80.2,83.0,1008.0,83391.0,0.4843,2.0448,715.0,19.0,0.0,-26.0,-7.0,8120.0,287.0,284.0,47.0,277.0,64.0,34.02,6.27,1.81
2010/05/27,82.8,85.8,82.7,85.3,753.0,63472.0,2.7711,1.5275,539.0,102.0,0.0,-6.0,96.0,8077.0,202.0,245.0,23.0,310.0,56.0,34.96,6.45,1.76
2010/05/28,86.0,86.7,84.0,84.5,717.0,61057.0,-0.9379,1.4545,540.0,-51.0,0.0,-35.0,-86.0,8039.0,266.0,304.0,13.0,303.0,6.0,34.63,6.39,1.78
2010/05/31,84.5,87.3,83.8,87.0,721.0,61853.0,2.9586,1.4626,533.0,44.0,0.0,0.0,44.0,8019.0,259.0,239.0,10.0,309.0,17.0,35.66,6.58,1.72
2010/06/01,87.0,88.4,86.0,86.2,693.0,60362.0,-0.9195,1.4058,486.0,-114.0,0.0,30.0,-84.0,8048.0,264.0,235.0,6.0,312.0,9.0,35.33,6.52,1.74
2010/06/02,85.0,86.5,84.0,84.0,499.0,42472.0,-2.5522,1.0123,323.0,-21.0,15.0,0.0,-6.0,7986.0,163.0,224.0,84.0,228.0,0.0,34.43,6.35,1.79
2010/06/03,85.0,86.8,85.0,86.2,483.0,41454.0,2.619,0.9798,340.0,9.0,0.0,1.0,10.0,7989.0,201.0,198.0,23.0,212.0,7.0,35.33,6.52,1.74
2010/06/04,86.9,86.9,84.5,84.5,440.0,37538.0,-1.9722,0.8926,318.0,0.0,0.0,0.0,0.0,7952.0,159.0,196.0,41.0,171.0,0.0,34.63,6.39,1.78
2010/06/07,80.5,82.7,80.5,82.0,532.0,43534.0,-2.9586,1.0792,315.0,-5.0,0.0,0.0,-5.0,7780.0,113.0,285.0,51.0,120.0,0.0,33.61,6.2,1.83
2010/06/08,84.0,84.2,82.5,83.9,380.0,31761.0,2.3171,0.7709,278.0,5.0,0.0,-1.0,4.0,7769.0,118.0,129.0,31.0,88.0,0.0,34.39,6.34,1.79
2010/06/09,84.6,85.0,82.1,83.0,444.0,37046.0,-1.0727,0.9007,311.0,-47.0,0.0,0.0,-47.0,7715.0,121.0,174.0,82.0,0.0,0.0,34.02,6.27,1.81
2010/06/10,83.1,83.5,81.1,82.2,436.0,35714.0,-0.9639,0.8845,277.0,-11.0,0.0,0.0,-11.0,7641.0,0.0,73.0,0.0,0.0,0.0,33.69,6.21,1.82
2010/06/11,83.3,84.4,83.0,83.4,722.0,60474.0,1.4599,1.4646,396.0,60.0,0.0,1.0,61.0,7547.0,0.0,94.0,0.0,0.0,0.0,34.18,6.3,1.8
2010/06/14,84.0,86.9,83.7,86.3,1716.0,147270.0,3.4772,3.481,926.0,137.0,0.0,20.0,157.0,7132.0,0.0,415.0,0.0,0.0,0.0,35.37,6.52,1.74
2010/06/15,78.4,82.5,78.2,82.0,2582.0,206519.0,5.6779,4.7745,1605.0,-42.0,39.0,160.0,157.0,7640.0,630.0,120.0,0.0,119.0,119.0,36.94,6.8,1.83
2010/06/17,84.5,87.7,82.5,87.3,3941.0,341779.0,6.4634,7.2875,2312.0,24.0,0.0,11.0,35.0,7972.0,1329.0,997.0,3.0,344.0,228.0,39.32,7.24,1.72
2010/06/18,89.0,89.9,87.0,87.9,2799.0,247812.0,0.6873,5.1758,1871.0,-123.0,-223.0,3.0,-343.0,8287.0,1002.0,687.0,19.0,392.0,67.0,39.59,7.29,1.71
2010/06/21,88.9,92.8,87.0,91.3,3719.0,334573.0,3.868,6.877,2340.0,6.0,-149.0,-6.0,-149.0,8507.0,1286.0,1066.0,21.0,529.0,158.0,41.13,7.57,1.64
2010/06/22,91.3,94.5,91.3,93.2,2881.0,268594.0,2.0811,5.3274,1890.0,-75.0,0.0,133.0,58.0,8894.0,1064.0,677.0,6.0,781.0,258.0,41.98,7.73,1.61
2010/06/23,94.0,94.0,90.8,91.1,1915.0,176497.0,-2.2532,3.5411,1319.0,-135.0,0.0,32.0,-103.0,9048.0,745.0,591.0,171.0,639.0,29.0,41.04,7.55,1.65
2010/06/24,88.6,92.0,88.6,90.1,1283.0,116312.0,-1.0977,2.3725,843.0,49.0,-26.0,2.0,25.0,9023.0,511.0,536.0,82.0,577.0,20.0,40.59,7.47,1.66
2010/06/25,89.0,91.9,89.0,91.0,1230.0,111786.0,0.9989,2.2745,878.0,0.0,2.0,2.0,4.0,9060.0,461.0,424.0,28.0,613.0,66.0,40.99,7.55,1.65
2010/06/28,93.0,93.5,89.6,91.0,1407.0,128913.0,0.0,2.6017,1002.0,-138.0,35.0,14.0,-89.0,9134.0,524.0,440.0,113.0,549.0,49.0,40.99,7.55,1.65
2010/06/29,92.1,92.1,87.5,88.0,1215.0,108356.0,-3.2967,2.2467,848.0,-7.0,0.0,-25.0,-32.0,9042.0,447.0,539.0,132.0,419.0,2.0,39.64,7.3,1.7
2010/06/30,86.0,89.0,85.3,88.6,1236.0,107779.0,0.6818,2.2855,816.0,-11.0,-174.0,-17.0,-202.0,8993.0,373.0,422.0,47.0,436.0,64.0,39.91,7.35,1.69
2010/07/01,89.0,89.4,87.0,87.3,781.0,68646.0,-1.4673,1.4442,544.0,-64.0,-107.0,3.0,-168.0,9064.0,316.0,245.0,50.0,403.0,17.0,39.32,7.24,1.72
2010/07/02,87.9,87.9,86.8,87.1,593.0,51780.0,-0.2291,1.0965,432.0,-49.0,20.0,24.0,-5.0,9020.0,196.0,240.0,34.0,400.0,32.0,39.23,7.22,1.72
2010/07/05,87.6,90.0,86.9,87.5,1644.0,145201.0,0.4592,3.04,1099.0,21.0,-350.0,-25.0,-354.0,9271.0,594.0,343.0,37.0,423.0,60.0,39.41,7.26,1.71
2010/07/06,87.5,88.6,86.5,87.3,1254.0,109380.0,-0.2286,2.3188,817.0,41.0,60.0,5.0,106.0,9131.0,452.0,592.0,47.0,386.0,10.0,39.32,7.24,1.72
2010/07/07,87.6,90.9,87.6,88.6,2669.0,238191.0,1.4891,4.9354,1651.0,-37.0,310.0,19.0,292.0,9416.0,1145.0,860.0,18.0,418.0,50.0,39.91,7.35,1.69
2010/07/08,89.9,89.9,88.0,88.0,1040.0,92138.0,-0.6772,1.9231,694.0,-72.0,0.0,0.0,-72.0,9422.0,463.0,457.0,29.0,412.0,23.0,39.64,7.3,1.7
2010/07/09,88.8,91.5,87.8,89.7,2396.0,215678.0,1.9318,4.4306,1562.0,-17.0,30.0,49.0,62.0,9638.0,997.0,781.0,28.0,412.0,28.0,40.41,7.44,1.67
2010/07/12,88.4,89.0,86.1,87.0,2018.0,176185.0,-3.01,3.7316,1164.0,-406.0,174.0,84.0,-148.0,9282.0,718.0,1071.0,29.0,383.0,0.0,39.19,7.21,1.72
2010/07/13,87.5,88.0,86.0,86.0,1048.0,90775.0,-1.1494,1.9379,706.0,-121.0,34.0,-42.0,-129.0,9152.0,304.0,434.0,23.0,379.0,19.0,38.74,7.13,1.74
2010/07/14,87.0,87.5,86.1,86.3,763.0,66188.0,0.3488,1.4109,499.0,-6.0,0.0,0.0,-6.0,9199.0,292.0,245.0,32.0,366.0,19.0,38.87,7.16,1.74
2010/07/15,87.0,90.8,87.0,90.4,4301.0,385852.0,4.7509,7.9532,2674.0,93.0,38.0,-70.0,61.0,9415.0,1481.0,1265.0,17.0,445.0,96.0,40.72,7.5,1.66
2010/07/16,91.5,94.6,90.4,90.8,6890.0,636870.0,0.4425,12.7406,4055.0,-75.0,60.0,146.0,131.0,9804.0,2259.0,1870.0,15.0,522.0,92.0,40.9,7.53,1.65
2010/07/19,90.8,91.0,88.6,89.0,1186.0,106163.0,-1.9824,2.1931,837.0,42.0,-1.0,28.0,69.0,9731.0,500.0,573.0,41.0,473.0,2.0,40.09,7.38,1.69
2010/07/20,89.0,89.8,89.0,89.0,674.0,60195.0,0.0,1.2463,512.0,-11.0,0.0,0.0,-11.0,9767.0,303.0,264.0,25.0,493.0,45.0,40.09,7.38,1.69
2010/07/21,89.5,89.9,87.0,87.9,1632.0,143480.0,-1.236,3.0178,1059.0,23.0,10.0,-25.0,8.0,9525.0,595.0,837.0,47.0,449.0,3.0,39.59,7.29,1.71
2010/07/22,88.0,88.6,86.7,87.0,1281.0,112035.0,-1.0239,2.3688,825.0,-38.0,105.0,-95.0,-28.0,9415.0,454.0,564.0,25.0,432.0,8.0,39.19,7.21,1.72
2010/07/23,87.5,88.2,86.7,87.0,1148.0,100128.0,0.0,2.1228,754.0,-16.0,-150.0,1.0,-165.0,9420.0,318.0,313.0,65.0,376.0,14.0,39.19,7.21,1.72
2010/07/26,87.3,87.9,86.5,86.5,768.0,66801.0,-0.5747,1.4201,474.0,13.0,-150.0,-35.0,-172.0,9434.0,257.0,243.0,27.0,362.0,13.0,38.96,7.17,1.73
2010/07/27,86.7,88.2,85.9,86.4,1290.0,112252.0,-0.1156,2.3854,861.0,-8.0,-150.0,-140.0,-298.0,9505.0,484.0,413.0,19.0,383.0,40.0,38.92,7.16,1.74
2010/07/28,86.4,87.3,85.9,86.0,1017.0,87787.0,-0.463,1.8806,646.0,-23.0,-187.0,0.0,-210.0,9426.0,279.0,358.0,21.0,364.0,2.0,38.74,7.13,1.74
2010/07/29,86.6,86.6,84.6,84.6,1090.0,93003.0,-1.6279,2.0156,706.0,-231.0,-68.0,-30.0,-329.0,9309.0,202.0,316.0,41.0,326.0,3.0,38.11,7.01,1.77
2010/07/30,84.5,85.4,84.1,84.2,673.0,57011.0,-0.4728,1.2445,480.0,-18.0,-70.0,-2.0,-90.0,9328.0,185.0,160.0,12.0,335.0,22.0,37.93,6.98,1.78
2010/08/02,84.2,85.3,84.2,84.5,493.0,41718.0,0.3563,0.9116,342.0,0.0,-1.0,2.0,1.0,9216.0,138.0,249.0,26.0,335.0,26.0,38.06,7.01,1.78
2010/08/03,84.8,86.8,84.5,85.0,890.0,76157.0,0.5917,1.6457,599.0,0.0,-204.0,0.0,-204.0,9286.0,348.0,278.0,9.0,341.0,15.0,38.29,7.05,1.76
2010/08/04,84.8,85.5,84.3,84.5,713.0,60486.0,-0.5882,1.3184,643.0,3.0,-174.0,-1.0,-172.0,9357.0,207.0,136.0,38.0,285.0,11.0,38.06,7.01,1.78
2010/08/05,85.0,85.0,83.3,83.3,999.0,83964.0,-1.4201,1.8473,728.0,-4.0,-8.0,-2.0,-14.0,9242.0,254.0,359.0,25.0,255.0,1.0,37.52,6.91,1.8
2010/08/06,83.5,83.8,82.5,82.9,612.0,50841.0,-0.4802,1.1317,424.0,-17.0,-32.0,0.0,-49.0,9120.0,147.0,268.0,17.0,233.0,3.0,37.34,6.87,1.81
2010/08/09,83.0,83.5,82.5,83.4,553.0,45988.0,0.6031,1.0226,415.0,-25.0,0.0,-34.0,-59.0,9123.0,177.0,174.0,7.0,229.0,6.0,37.57,6.92,1.8
2010/08/10,83.5,84.6,82.4,82.5,676.0,56289.0,-1.0791,1.25,440.0,4.0,-180.0,-1.0,-177.0,9178.0,221.0,166.0,29.0,201.0,3.0,37.16,6.84,1.82
2010/08/11,82.5,83.6,82.1,82.2,498.0,41183.0,-0.3636,0.9209,362.0,10.0,-100.0,0.0,-90.0,9133.0,82.0,127.0,11.0,197.0,8.0,37.03,6.82,1.82
2010/08/12,82.2,83.0,82.0,82.0,526.0,43333.0,-0.2433,0.9727,392.0,-13.0,-103.0,-38.0,-154.0,9156.0,112.0,89.0,24.0,176.0,3.0,36.94,6.8,1.83
2010/08/13,82.1,83.8,82.1,82.5,751.0,62203.0,0.6098,1.3887,560.0,-6.0,-269.0,-5.0,-280.0,9306.0,274.0,123.0,14.0,167.0,5.0,37.16,6.84,1.82
2010/08/16,83.7,84.0,82.0,84.0,1093.0,90757.0,1.8182,2.0211,739.0,-155.0,-272.0,1.0,-426.0,9408.0,299.0,197.0,8.0,162.0,4.0,37.84,6.97,1.79
2010/08/17,85.0,85.0,82.9,82.9,683.0,57077.0,-1.3095,1.263,499.0,0.0,-35.0,0.0,-35.0,9383.0,204.0,229.0,1.0,163.0,2.0,37.34,6.87,1.81
2010/08/18,83.8,83.8,81.5,81.6,932.0,76835.0,-1.5682,1.7234,601.0,-309.0,-49.0,-1.0,-359.0,9557.0,360.0,185.0,2.0,165.0,7.0,36.76,6.77,1.84
2010/08/19,81.6,83.8,81.6,82.0,1243.0,103209.0,0.4902,2.2985,803.0,15.0,-150.0,0.0,-135.0,9506.0,350.0,398.0,2.0,177.0,14.0,36.94,6.8,1.83
2010/08/20,81.6,82.5,80.6,81.0,812.0,66162.0,-1.2195,1.5015,525.0,-231.0,0.0,-3.0,-234.0,9489.0,224.0,234.0,9.0,169.0,1.0,36.49,6.72,1.85
2010/08/23,81.5,83.8,81.0,81.6,705.0,58136.0,0.7407,1.3036,498.0,-9.0,0.0,2.0,-7.0,9383.0,203.0,309.0,10.0,176.0,18.0,36.76,6.77,1.84
2010/08/24,81.7,82.8,81.0,81.0,607.0,49374.0,-0.7353,1.1224,428.0,0.0,-150.0,-1.0,-151.0,9359.0,183.0,187.0,19.0,157.0,1.0,36.49,6.72,1.85
2010/08/25,80.5,80.9,77.6,77.6,1044.0,82659.0,-4.1975,1.9305,682.0,-134.0,-169.0,-1.0,-304.0,9260.0,268.0,366.0,12.0,145.0,0.0,34.95,6.43,1.93
2010/08/26,77.7,78.7,76.8,77.3,646.0,50059.0,-0.3866,1.1945,411.0,-47.0,-18.0,10.0,-55.0,9119.0,129.0,268.0,11.0,178.0,44.0,34.82,6.41,1.94
2010/08/27,77.3,78.7,77.3,77.5,435.0,33922.0,0.2587,0.8044,295.0,-22.0,-48.0,65.0,-5.0,9100.0,96.0,115.0,45.0,169.0,36.0,34.91,6.52,1.94
2010/08/30,78.6,79.4,77.6,77.6,283.0,22137.0,0.129,0.5233,227.0,-12.0,-42.0,5.0,-49.0,9105.0,90.0,65.0,2.0,199.0,32.0,30.55,6.53,1.93
2010/08/31,78.5,83.0,77.7,80.1,1755.0,141992.0,3.2216,3.2453,1254.0,-62.0,-28.0,-1.0,-91.0,9276.0,587.0,396.0,18.0,350.0,169.0,31.54,6.74,1.87
2010/09/01,82.3,82.3,80.8,81.2,754.0,61458.0,1.3733,1.3943,549.0,-31.0,110.0,0.0,79.0,9221.0,191.0,242.0,24.0,350.0,24.0,31.97,6.84,1.85
2010/09/02,82.0,82.2,79.5,79.8,759.0,61057.0,-1.7241,1.4035,528.0,5.0,30.0,0.0,35.0,9033.0,209.0,397.0,23.0,327.0,0.0,31.42,6.72,1.88
2010/09/03,80.1,82.1,80.1,80.7,852.0,69357.0,1.1278,1.5755,572.0,-67.0,0.0,0.0,-67.0,9175.0,355.0,213.0,29.0,307.0,10.0,31.77,6.79,1.86
2010/09/06,81.4,82.9,81.0,81.5,1090.0,89275.0,0.9913,2.0156,677.0,22.0,-200.0,15.0,-163.0,9249.0,364.0,290.0,47.0,268.0,8.0,32.09,6.86,1.84
2010/09/07,81.5,84.0,81.5,82.3,1534.0,127196.0,0.9816,2.8366,956.0,10.0,-200.0,-15.0,-205.0,9406.0,562.0,405.0,15.0,271.0,19.0,32.4,6.93,1.82
2010/09/08,82.3,83.7,81.8,82.1,1069.0,88528.0,-0.243,1.9767,709.0,-7.0,-120.0,20.0,-107.0,9375.0,321.0,352.0,33.0,241.0,3.0,32.32,6.91,1.83
2010/09/09,82.1,82.8,80.6,80.6,525.0,42610.0,-1.827,0.9708,353.0,24.0,0.0,15.0,39.0,9328.0,164.0,211.0,11.0,231.0,1.0,31.73,6.78,1.86
2010/09/10,80.6,81.4,80.1,80.3,298.0,24033.0,-0.3722,0.551,230.0,4.0,0.0,10.0,14.0,9331.0,94.0,89.0,3.0,229.0,1.0,31.61,6.76,1.87
2010/09/13,81.6,81.6,80.1,80.3,422.0,34007.0,0.0,0.7803,254.0,-46.0,0.0,28.0,-18.0,9231.0,104.0,201.0,35.0,196.0,2.0,31.61,6.76,1.87
2010/09/14,80.4,84.0,80.4,83.1,2009.0,166675.0,3.4869,3.7149,1224.0,37.0,-2.0,93.0,128.0,9648.0,966.0,529.0,28.0,173.0,5.0,32.72,6.99,1.81
2010/09/15,83.5,83.5,81.8,82.2,680.0,56044.0,-1.083,1.2574,486.0,0.0,2.0,23.0,25.0,9441.0,168.0,373.0,24.0,149.0,0.0,32.36,6.92,1.82
2010/09/16,82.0,83.0,81.8,82.0,557.0,45945.0,-0.2433,1.03,357.0,-7.0,0.0,-33.0,-40.0,9469.0,248.0,220.0,1.0,149.0,1.0,32.28,6.9,1.83
2010/09/17,82.2,82.5,80.8,82.5,1112.0,90837.0,0.6098,2.0563,636.0,169.0,-221.0,6.0,-45.0,9444.0,333.0,350.0,10.0,139.0,1.0,32.48,6.94,1.82
2010/09/20,82.5,82.7,81.5,81.8,739.0,60702.0,-0.8485,1.3665,378.0,22.0,-220.0,0.0,-198.0,9499.0,172.0,117.0,3.0,137.0,1.0,32.2,6.89,1.83
2010/09/21,81.8,82.5,81.2,81.3,495.0,40392.0,-0.6112,0.9153,346.0,14.0,-124.0,0.0,-110.0,9421.0,132.0,210.0,7.0,131.0,1.0,32.01,6.84,1.85
2010/09/23,81.4,81.8,80.9,80.9,618.0,50146.0,-0.492,1.1428,375.0,-6.0,-324.0,9.0,-321.0,9468.0,134.0,85.0,0.0,132.0,1.0,31.85,6.81,1.85
2010/09/24,80.9,81.5,80.8,81.0,433.0,35127.0,0.1236,0.8007,261.0,24.0,-30.0,0.0,-6.0,9294.0,61.0,230.0,0.0,134.0,3.0,31.89,6.82,1.85
2010/09/27,81.9,81.9,80.1,80.4,419.0,33942.0,-0.7407,0.7748,254.0,-54.0,-160.0,0.0,-214.0,9352.0,161.0,102.0,0.0,135.0,1.0,31.65,6.77,1.87
2010/09/28,80.4,81.8,80.3,81.2,320.0,25969.0,0.995,0.5917,239.0,-6.0,0.0,0.0,-6.0,9368.0,121.0,102.0,5.0,146.0,16.0,31.97,6.84,1.85
2010/09/29,81.0,83.6,81.0,81.9,1360.0,112318.0,0.8621,2.5148,815.0,2.0,0.0,0.0,2.0,9472.0,453.0,349.0,7.0,150.0,13.0,32.24,6.89,1.83
2010/09/30,82.0,82.8,81.2,81.3,428.0,34962.0,-0.7326,0.7914,243.0,1.0,0.0,-1.0,0.0,9272.0,87.0,277.0,11.0,140.0,1.0,32.01,6.84,1.85
2010/10/01,81.8,82.5,81.4,82.1,481.0,39504.0,0.984,0.8894,327.0,-9.0,0.0,0.0,-9.0,9370.0,213.0,119.0,6.0,138.0,4.0,32.32,6.91,1.83
2010/10/04,82.5,87.8,82.4,87.7,6772.0,588866.0,6.821,12.5224,3521.0,149.0,0.0,-39.0,110.0,10760.0,2802.0,1412.0,8.0,190.0,62.0,34.53,7.38,1.71
2010/10/05,87.6,88.3,84.0,84.1,3313.0,283289.0,-4.1049,6.1262,1956.0,-114.0,85.0,-56.0,-85.0,10181.0,1148.0,1727.0,55.0,136.0,1.0,33.11,7.08,1.78
2010/10/06,85.1,88.3,84.9,86.0,3174.0,275489.0,2.2592,5.8692,1977.0,5.0,-200.0,-170.0,-365.0,10420.0,1182.0,943.0,2.0,179.0,45.0,33.86,7.24,1.74
2010/10/07,87.0,89.4,86.0,88.0,3074.0,271469.0,2.3256,5.6843,2069.0,70.0,28.0,-35.0,63.0,10736.0,1185.0,869.0,4.0,194.0,20.0,34.65,7.41,1.7
2010/10/08,88.8,88.8,85.5,87.1,1637.0,142895.0,-1.0227,3.0271,1072.0,-2.0,100.0,10.0,108.0,10729.0,646.0,653.0,20.0,181.0,7.0,34.29,7.33,1.72
2010/10/11,87.1,89.5,85.5,87.1,2159.0,189884.0,0.0,3.9923,1353.0,28.0,70.0,-10.0,88.0,10658.0,613.0,684.0,26.0,174.0,19.0,34.29,7.33,1.72
2010/10/12,87.6,88.4,87.0,88.0,1328.0,116421.0,1.0333,2.4557,823.0,-14.0,153.0,0.0,139.0,10526.0,326.0,458.0,5.0,205.0,36.0,34.65,7.41,1.7
2010/10/13,89.0,91.6,88.7,90.7,4296.0,388911.0,3.0682,7.9439,2707.0,-17.0,420.0,-34.0,369.0,10893.0,1337.0,970.0,9.0,289.0,93.0,35.71,7.63,1.65
2010/10/14,92.0,92.5,90.1,91.4,3199.0,292596.0,0.7718,5.9154,1940.0,10.0,0.0,76.0,86.0,10365.0,763.0,1291.0,7.0,354.0,72.0,35.98,7.69,1.64
2010/10/15,92.0,92.3,88.0,89.0,2936.0,265687.0,-2.6258,5.4291,1743.0,-96.0,140.0,-26.0,18.0,10320.0,1036.0,1066.0,82.0,282.0,10.0,35.04,7.49,1.69
2010/10/18,89.2,89.6,85.6,85.6,1897.0,166264.0,-3.8202,3.5078,1047.0,-17.0,-110.0,15.0,-112.0,10041.0,494.0,773.0,90.0,192.0,0.0,33.7,7.21,1.75
2010/10/19,85.8,87.3,85.6,86.0,943.0,81614.0,0.4673,1.7437,594.0,12.0,151.0,0.0,163.0,9973.0,214.0,282.0,14.0,208.0,32.0,33.86,7.24,1.74
2010/10/20,86.0,89.1,86.0,88.6,1513.0,133031.0,3.0233,2.7978,923.0,22.0,146.0,-110.0,58.0,10039.0,456.0,389.0,18.0,213.0,23.0,34.88,7.46,1.69
2010/10/21,88.8,89.5,87.4,87.4,871.0,76845.0,-1.3544,1.6106,589.0,-18.0,173.0,1.0,156.0,9964.0,216.0,291.0,14.0,201.0,2.0,34.41,7.36,1.72
2010/10/22,87.6,88.5,87.3,87.3,497.0,43692.0,-0.1144,0.919,333.0,0.0,70.0,55.0,125.0,9911.0,127.0,180.0,1.0,203.0,3.0,34.37,7.35,1.72
2010/10/25,88.4,89.0,87.3,87.8,566.0,49786.0,0.5727,1.0466,378.0,-9.0,0.0,25.0,16.0,9903.0,172.0,180.0,11.0,196.0,5.0,34.57,7.39,1.71
2010/10/26,87.4,88.1,87.0,87.2,527.0,46174.0,-0.6834,0.9745,340.0,1.0,85.0,4.0,90.0,9850.0,146.0,198.0,4.0,192.0,0.0,34.33,7.34,1.72
2010/10/27,87.8,89.3,87.5,87.7,1236.0,109554.0,0.5734,2.2855,809.0,35.0,50.0,-9.0,76.0,9978.0,485.0,357.0,4.0,198.0,10.0,34.53,7.38,1.71
2010/10/28,88.3,88.8,87.3,87.8,517.0,45467.0,0.114,0.956,370.0,-1.0,25.0,0.0,24.0,9838.0,129.0,269.0,8.0,193.0,3.0,34.57,7.12,1.71
2010/10/29,88.8,90.9,88.5,89.2,2378.0,213776.0,1.5945,4.3973,1441.0,22.0,53.0,-54.0,21.0,9807.0,773.0,743.0,2.0,224.0,33.0,33.41,7.23,1.68
2010/11/01,89.6,89.7,87.8,88.3,815.0,72093.0,-1.009,1.5071,533.0,-12.0,0.0,3.0,-9.0,9742.0,293.0,358.0,25.0,200.0,1.0,33.07,7.16,1.7
2010/11/02,88.3,88.3,85.6,85.6,1218.0,105535.0,-3.0578,2.2523,675.0,2.0,20.0,-32.0,-10.0,9640.0,424.0,524.0,20.0,181.0,1.0,32.06,6.94,1.75
2010/11/03,86.0,86.9,79.7,82.0,1611.0,133880.0,-4.2056,2.979,907.0,47.0,-112.0,-2.0,-67.0,9479.0,356.0,517.0,55.0,127.0,2.0,30.71,6.65,1.83
2010/11/04,82.0,82.4,80.4,81.7,1447.0,118216.0,-0.3659,2.6757,878.0,0.0,-192.0,15.0,-177.0,9687.0,426.0,215.0,11.0,141.0,25.0,30.6,6.63,1.84
2010/11/05,82.6,83.4,81.9,82.4,765.0,63141.0,0.8568,1.4146,518.0,-2.0,-212.0,-15.0,-229.0,9698.0,227.0,216.0,6.0,151.0,16.0,30.86,6.68,1.82
2010/11/08,83.0,83.4,81.0,81.1,517.0,42293.0,-1.5777,0.956,319.0,-2.0,10.0,-1.0,7.0,9521.0,90.0,262.0,9.0,148.0,6.0,30.37,6.58,1.85
2010/11/09,81.0,83.6,81.0,82.0,788.0,65114.0,1.1097,1.4571,493.0,-6.0,15.0,0.0,9.0,9497.0,248.0,267.0,7.0,205.0,64.0,30.71,6.65,1.83
2010/11/10,82.0,82.5,81.6,81.7,321.0,26323.0,-0.3659,0.5936,222.0,-7.0,0.0,0.0,-7.0,9426.0,74.0,145.0,2.0,220.0,17.0,30.6,6.63,1.84
2010/11/11,82.6,83.0,82.0,82.0,376.0,31055.0,0.3672,0.6953,258.0,8.0,-90.0,0.0,-82.0,9487.0,100.0,39.0,2.0,233.0,15.0,30.71,6.65,1.83
2010/11/12,82.0,83.1,81.3,81.5,500.0,41035.0,-0.6098,0.9246,304.0,-5.0,0.0,-1.0,-6.0,9490.0,94.0,87.0,14.0,237.0,18.0,30.52,6.61,1.84
2010/11/15,82.5,83.8,82.5,83.0,746.0,62036.0,1.8405,1.3795,535.0,-32.0,0.0,10.0,-22.0,9573.0,269.0,186.0,15.0,256.0,34.0,31.09,6.73,1.81
2010/11/16,84.4,84.4,83.3,83.7,447.0,37429.0,0.8434,0.8266,331.0,-19.0,0.0,2.0,-17.0,9502.0,81.0,152.0,27.0,237.0,8.0,31.35,6.79,1.79
2010/11/17,83.5,85.9,83.0,84.5,1002.0,85138.0,0.9558,1.8528,715.0,-39.0,67.0,5.0,33.0,9546.0,278.0,234.0,19.0,229.0,11.0,31.65,6.85,1.78
2010/11/18,84.9,86.2,84.8,85.4,758.0,64879.0,1.0651,1.4017,518.0,0.0,-11.0,12.0,1.0,9548.0,226.0,214.0,1.0,248.0,21.0,31.99,6.93,1.76
2010/11/19,86.0,86.0,84.0,84.6,602.0,51116.0,-0.9368,1.1132,366.0,10.0,-150.0,0.0,-140.0,9521.0,137.0,164.0,5.0,247.0,4.0,31.69,6.86,1.77
2010/11/22,85.8,85.8,83.9,84.0,306.0,25776.0,-0.7092,0.5658,217.0,12.0,-30.0,1.0,-17.0,9450.0,46.0,117.0,6.0,241.0,0.0,31.46,6.81,1.79
2010/11/23,84.0,85.4,83.7,84.0,619.0,52338.0,0.0,1.1446,437.0,4.0,-106.0,2.0,-100.0,9523.0,174.0,100.0,4.0,245.0,8.0,31.46,6.81,1.79
2010/11/24,84.2,89.5,84.1,88.1,2474.0,217741.0,4.881,4.5748,1627.0,135.0,178.0,12.0,325.0,9853.0,909.0,579.0,4.0,281.0,40.0,33.0,7.15,1.7
2010/11/25,88.5,88.7,87.2,87.8,1112.0,97753.0,-0.3405,2.0563,711.0,-12.0,-10.0,-40.0,-62.0,9792.0,467.0,525.0,13.0,274.0,6.0,32.88,7.12,1.71
2010/11/26,87.5,87.5,85.0,85.5,1327.0,114202.0,-2.6196,2.4538,785.0,-53.0,-9.0,-3.0,-65.0,9801.0,520.0,511.0,21.0,253.0,0.0,32.02,6.93,1.75
2010/11/29,86.1,88.8,86.0,87.6,1219.0,106724.0,2.4561,2.2541,835.0,25.0,-10.0,20.0,35.0,9851.0,436.0,381.0,6.0,281.0,34.0,32.81,7.1,1.71
2010/11/30,87.8,87.8,86.3,86.5,471.0,40915.0,-1.2557,0.8709,336.0,35.0,-8.0,0.0,27.0,9868.0,199.0,182.0,7.0,274.0,0.0,32.4,7.02,1.73
2010/12/01,86.5,87.5,85.8,86.6,521.0,45137.0,0.1156,0.9634,374.0,19.0,-1.0,2.0,20.0,9875.0,185.0,178.0,10.0,264.0,0.0,32.43,7.02,1.73
2010/12/02,87.2,87.2,84.5,84.9,1078.0,91796.0,-1.963,1.9934,660.0,23.0,-110.0,-20.0,-107.0,9819.0,312.0,363.0,7.0,257.0,0.0,31.8,6.89,1.77
2010/12/03,84.1,86.0,84.1,85.0,683.0,58035.0,0.1178,1.263,455.0,6.0,-118.0,16.0,-96.0,9831.0,200.0,188.0,20.0,249.0,12.0,31.84,6.89,1.76
2010/12/06,85.2,85.6,84.6,84.7,290.0,24629.0,-0.3529,0.5363,224.0,-2.0,0.0,1.0,-1.0,9782.0,76.0,125.0,6.0,244.0,1.0,31.72,6.87,1.77
2010/12/07,85.0,85.5,84.7,85.1,318.0,27130.0,0.4723,0.588,206.0,-1.0,0.0,29.0,28.0,9790.0,112.0,104.0,2.0,247.0,6.0,31.87,6.9,1.76
2010/12/08,85.8,85.8,83.7,83.9,641.0,54012.0,-1.4101,1.1853,394.0,-25.0,0.0,-10.0,-35.0,9702.0,212.0,300.0,48.0,199.0,0.0,31.42,6.8,1.79
2010/12/09,84.0,85.1,83.9,84.2,555.0,47012.0,0.3576,1.0263,338.0,34.0,0.0,2.0,36.0,9735.0,220.0,187.0,2.0,204.0,7.0,31.54,6.83,1.78
2010/12/10,85.5,88.6,84.2,87.5,1991.0,173889.0,3.9192,3.6817,1223.0,-1.0,100.0,221.0,320.0,9953.0,792.0,574.0,6.0,239.0,41.0,32.77,7.1,1.71
2010/12/13,87.7,91.0,87.6,89.0,3400.0,304858.0,1.7143,6.2871,1810.0,-142.0,50.0,10.0,-82.0,10429.0,1606.0,1130.0,5.0,247.0,13.0,33.33,7.22,1.69
2010/12/14,90.0,90.0,88.0,88.0,757.0,67044.0,-1.1236,1.3998,518.0,-21.0,50.0,16.0,45.0,10360.0,263.0,332.0,13.0,235.0,1.0,32.96,7.14,1.7
2010/12/15,88.9,88.9,86.7,87.6,778.0,68062.0,-0.4545,1.4386,492.0,-11.0,-162.0,-10.0,-183.0,10581.0,378.0,157.0,2.0,233.0,0.0,32.81,7.1,1.71
2010/12/16,87.6,90.4,87.6,88.7,1486.0,132844.0,1.2557,2.7478,846.0,6.0,50.0,38.0,94.0,10714.0,649.0,516.0,0.0,251.0,19.0,33.22,7.19,1.69
2010/12/17,89.1,89.7,87.4,87.7,774.0,68214.0,-1.1274,1.4312,511.0,4.0,49.0,-2.0,51.0,10643.0,307.0,378.0,3.0,248.0,0.0,32.85,7.11,1.71
2010/12/20,88.0,88.2,86.4,86.5,1061.0,92343.0,-1.3683,1.9619,558.0,72.0,-1.0,4.0,75.0,10710.0,454.0,332.0,8.0,242.0,2.0,32.4,7.02,1.73
2010/12/21,85.6,87.5,85.6,87.5,690.0,59990.0,1.1561,1.2759,419.0,55.0,0.0,-16.0,39.0,10776.0,237.0,170.0,1.0,259.0,18.0,32.77,7.1,1.71
2010/12/22,87.0,88.0,85.2,87.3,1566.0,135374.0,-0.2286,2.8958,793.0,19.0,-96.0,-15.0,-92.0,10918.0,445.0,303.0,7.0,253.0,1.0,32.7,7.08,1.72
2010/12/23,87.5,89.2,87.5,88.4,1246.0,110034.0,1.26,2.304,716.0,22.0,80.0,0.0,102.0,10952.0,452.0,418.0,1.0,279.0,27.0,33.11,7.17,1.7
2010/12/24,88.5,94.5,88.5,92.5,7905.0,737753.0,4.638,14.6175,3562.0,60.0,167.0,89.0,316.0,11176.0,2032.0,1808.0,14.0,352.0,87.0,34.64,7.5,1.62
2010/12/27,92.0,93.6,89.9,90.0,2753.0,250986.0,-2.7027,5.0907,1379.0,-205.0,59.0,-24.0,-170.0,11158.0,826.0,844.0,46.0,307.0,1.0,33.71,7.3,1.67
2010/12/28,90.2,91.0,86.0,87.2,1972.0,173458.0,-3.1111,3.6465,1099.0,-101.0,0.0,-14.0,-115.0,10967.0,710.0,901.0,20.0,286.0,0.0,32.66,7.07,1.72
2010/12/29,87.2,87.5,85.5,85.5,1074.0,92477.0,-1.9495,1.986,605.0,-12.0,-67.0,12.0,-67.0,10680.0,209.0,496.0,30.0,255.0,0.0,32.02,6.93,1.75
2010/12/30,86.0,87.4,85.9,86.1,709.0,61376.0,0.7018,1.311,472.0,-68.0,0.0,0.0,-68.0,10743.0,283.0,220.0,2.0,276.0,25.0,32.25,6.98,1.74
2010/12/31,86.1,86.6,85.5,86.1,485.0,41758.0,0.0,0.8968,302.0,-4.0,-40.0,0.0,-44.0,10845.0,180.0,76.0,2.0,279.0,5.0,32.25,6.98,1.74
2011/01/03,87.0,91.4,86.0,89.9,1926.0,171249.0,4.4135,3.5615,1079.0,-23.0,0.0,24.0,1.0,10784.0,486.0,547.0,26.0,285.0,32.0,33.67,7.29,1.67
2011/01/04,89.6,91.4,88.7,89.7,1847.0,166736.0,-0.2225,3.4154,1013.0,-12.0,-205.0,20.0,-197.0,10977.0,774.0,581.0,7.0,286.0,8.0,33.6,7.27,1.67
2011/01/05,89.9,90.5,87.0,88.0,1146.0,101512.0,-1.8952,2.1191,642.0,-13.0,0.0,61.0,48.0,10788.0,304.0,493.0,20.0,266.0,0.0,32.96,7.14,1.7
2011/01/06,89.9,93.0,89.6,92.4,4900.0,449802.0,5.0,9.0608,2551.0,5.0,130.0,48.0,183.0,12019.0,2592.0,1361.0,1.0,361.0,96.0,34.61,7.49,1.62
2011/01/07,93.3,94.0,90.1,92.0,2234.0,205601.0,-0.4329,4.131,1124.0,-11.0,495.0,301.0,785.0,11656.0,579.0,942.0,44.0,351.0,34.0,34.46,7.46,1.63
2011/01/10,92.5,93.5,91.2,92.4,778.0,71756.0,0.4348,1.4386,483.0,-7.0,50.0,45.0,88.0,11584.0,279.0,350.0,14.0,353.0,16.0,34.61,7.49,1.62
2011/01/11,92.6,95.6,92.0,93.8,2805.0,263711.0,1.5152,5.1869,1610.0,43.0,141.0,158.0,342.0,11793.0,960.0,749.0,4.0,444.0,95.0,35.13,7.61,1.6
2011/01/12,95.0,95.0,92.5,92.8,1617.0,151038.0,-1.0661,2.9901,924.0,1.0,259.0,62.0,322.0,11767.0,626.0,652.0,12.0,438.0,6.0,34.76,7.53,1.62
2011/01/13,93.8,95.9,93.6,94.3,3554.0,337098.0,1.6164,6.5719,1943.0,215.0,624.0,274.0,1113.0,11620.0,1026.0,1173.0,11.0,557.0,131.0,35.32,7.65,1.59
2011/01/14,96.0,100.0,94.8,100.0,5211.0,513126.0,6.0445,9.6359,2823.0,67.0,365.0,100.0,532.0,11357.0,1135.0,1398.0,23.0,773.0,240.0,37.45,8.11,1.5
2011/01/17,101.5,107.0,101.5,107.0,3969.0,416946.0,7.0,7.3393,1820.0,0.0,481.0,85.0,566.0,11299.0,1116.0,1173.0,14.0,926.0,167.0,40.07,8.68,1.4
2011/01/18,109.0,114.0,106.5,107.0,6463.0,708856.0,0.0,11.951,3307.0,-8.0,470.0,53.0,515.0,11219.0,1838.0,1918.0,112.0,879.0,65.0,40.07,8.68,1.4
2011/01/19,108.0,111.5,106.0,107.5,4210.0,457905.0,0.4673,7.7849,2157.0,-38.0,-6.0,171.0,127.0,11068.0,1196.0,1347.0,63.0,871.0,55.0,40.26,8.72,1.4
2011/01/20,109.0,111.5,106.5,108.5,3491.0,383504.0,0.9302,6.4554,1859.0,13.0,131.0,-21.0,123.0,11339.0,1161.0,890.0,19.0,900.0,51.0,40.64,8.8,1.38
2011/01/21,108.5,113.0,106.5,110.5,4248.0,468525.0,1.8433,7.8552,1953.0,19.0,96.0,69.0,184.0,11510.0,1159.0,982.0,36.0,955.0,91.0,41.39,8.96,1.36
2011/01/24,110.5,110.5,103.0,106.0,4138.0,437630.0,-4.0724,7.6518,1988.0,34.0,0.0,-106.0,-72.0,10908.0,1172.0,1774.0,158.0,797.0,0.0,39.7,8.6,1.42
2011/01/25,106.0,106.0,100.5,102.0,2919.0,300518.0,-3.7736,5.3977,1476.0,-17.0,207.0,-225.0,-35.0,10914.0,941.0,935.0,60.0,738.0,1.0,38.2,8.27,1.47
2011/01/26,103.0,106.5,103.0,105.0,3374.0,355333.0,2.9412,6.239,1488.0,46.0,15.0,-18.0,43.0,10452.0,593.0,1051.0,6.0,810.0,78.0,39.33,8.52,1.43
2011/01/27,104.5,106.0,100.0,100.0,3383.0,347499.0,-4.7619,6.2557,1469.0,1.0,-40.0,43.0,4.0,10406.0,919.0,965.0,108.0,707.0,6.0,37.45,8.11,1.5
2011/01/28,100.0,101.0,98.7,99.2,1657.0,165284.0,-0.8,3.064,1133.0,186.0,200.0,-6.0,380.0,10258.0,417.0,561.0,45.0,673.0,11.0,37.15,8.05,1.51
2011/02/08,101.5,102.0,95.4,95.6,2258.0,221773.0,-3.629,4.1754,1094.0,-131.0,50.0,-81.0,-162.0,10087.0,640.0,811.0,51.0,636.0,14.0,35.81,7.75,1.57
2011/02/09,96.0,97.5,94.0,96.2,2666.0,254969.0,0.6276,4.9298,1456.0,115.0,-322.0,-325.0,-532.0,10432.0,797.0,452.0,39.0,608.0,11.0,36.03,7.8,1.56
2011/02/10,97.0,97.0,90.2,92.7,2935.0,273188.0,-3.6383,5.4272,1583.0,-20.0,-20.0,-36.0,-76.0,9672.0,913.0,1673.0,165.0,450.0,7.0,34.72,7.52,1.62
2011/02/11,90.8,91.2,86.3,86.3,4381.0,386291.0,-6.904,8.1011,2288.0,-9.0,-310.0,-28.0,-347.0,10370.0,1695.0,984.0,113.0,337.0,0.0,32.32,7.0,1.74
2011/02/14,86.3,86.7,81.5,83.5,3069.0,257231.0,-3.2445,5.675,1591.0,28.0,-239.0,-388.0,-599.0,10668.0,1200.0,900.0,60.0,291.0,14.0,31.27,6.77,1.8
2011/02/15,83.5,85.9,81.6,84.0,2272.0,190864.0,0.5988,4.2013,1367.0,7.0,-207.0,-78.0,-278.0,10830.0,664.0,502.0,30.0,288.0,28.0,31.46,6.81,1.79
2011/02/16,84.0,86.1,83.0,84.2,2407.0,203509.0,0.2381,4.4509,1302.0,-139.0,-276.0,-28.0,-443.0,11215.0,806.0,420.0,33.0,309.0,54.0,31.54,6.83,1.78
2011/02/17,85.7,87.3,84.6,85.2,3720.0,320389.0,1.1876,6.8788,1735.0,-177.0,0.0,-17.0,-194.0,10768.0,1075.0,1522.0,18.0,310.0,20.0,31.91,6.91,1.76
2011/02/18,85.7,86.3,84.8,84.8,1658.0,141534.0,-0.4695,3.0659,961.0,-41.0,30.0,-25.0,-36.0,10555.0,402.0,615.0,23.0,303.0,21.0,31.76,6.88,1.77
2011/02/21,85.0,88.0,85.0,86.4,2374.0,206091.0,1.8868,4.3899,1506.0,-84.0,80.0,-73.0,-77.0,10558.0,778.0,774.0,27.0,293.0,27.0,32.36,7.01,1.74
2011/02/22,86.4,86.4,83.6,84.2,1271.0,108211.0,-2.5463,2.3503,833.0,-15.0,-7.0,-69.0,-91.0,10435.0,406.0,527.0,11.0,282.0,0.0,31.54,6.83,1.78
2011/02/23,83.8,85.0,81.6,81.7,1482.0,122902.0,-2.9691,2.7404,924.0,-20.0,-67.0,-115.0,-202.0,10269.0,384.0,549.0,19.0,274.0,11.0,30.6,6.63,1.84
2011/02/24,81.7,82.5,79.0,79.5,2112.0,169685.0,-2.6928,3.9054,1364.0,45.0,-298.0,-212.0,-465.0,10286.0,556.0,537.0,34.0,249.0,11.0,29.78,6.45,1.89
2011/02/25,79.9,80.6,78.1,80.2,1436.0,114469.0,0.8805,2.6554,817.0,4.0,-287.0,55.0,-228.0,10300.0,311.0,296.0,9.0,305.0,65.0,30.04,6.5,1.87
2011/03/01,80.2,81.8,80.2,81.1,901.0,72960.0,1.1222,1.6661,580.0,-1.0,-140.0,-55.0,-196.0,10174.0,291.0,274.0,21.0,315.0,31.0,30.37,6.58,1.85
2011/03/02,81.0,81.4,80.0,80.0,606.0,48880.0,-1.3564,1.1206,400.0,-62.0,42.0,-30.0,-50.0,10132.0,142.0,184.0,22.0,301.0,9.0,29.96,6.49,1.88
2011/03/03,80.3,82.8,80.3,81.8,994.0,81061.0,2.25,1.8381,670.0,44.0,-50.0,4.0,-2.0,10148.0,354.0,338.0,13.0,301.0,14.0,30.64,6.63,1.83
2011/03/04,82.7,82.7,80.8,80.8,601.0,48877.0,-1.2225,1.1113,418.0,-17.0,5.0,0.0,-12.0,10070.0,180.0,258.0,6.0,295.0,0.0,30.26,6.55,1.86
2011/03/07,80.0,81.7,80.0,80.9,741.0,60224.0,0.1238,1.3702,487.0,10.0,-40.0,0.0,-30.0,10016.0,218.0,271.0,90.0,219.0,14.0,30.3,6.56,1.85
2011/03/08,81.0,84.6,81.0,83.6,1998.0,166986.0,3.3375,3.6946,1283.0,-26.0,182.0,0.0,156.0,9890.0,569.0,695.0,18.0,215.0,15.0,31.31,6.78,1.79
2011/03/09,84.5,86.6,83.8,83.8,2347.0,200240.0,0.2392,4.3399,1500.0,-82.0,-1.0,1.0,-82.0,9835.0,680.0,732.0,9.0,223.0,17.0,31.39,6.8,1.79
2011/03/10,85.0,85.2,83.0,83.1,1056.0,89023.0,-0.8353,1.9527,700.0,-18.0,10.0,-1.0,-9.0,9826.0,427.0,435.0,20.0,248.0,45.0,31.12,6.74,1.81
2011/03/11,82.1,82.5,81.5,82.1,725.0,59501.0,-1.2034,1.3406,500.0,-23.0,-140.0,0.0,-163.0,9896.0,268.0,198.0,11.0,237.0,0.0,30.75,6.66,1.83
2011/03/14,82.1,82.1,78.5,79.6,1031.0,82221.0,-3.0451,1.9065,716.0,-32.0,-74.0,0.0,-106.0,9937.0,314.0,273.0,23.0,214.0,0.0,29.81,6.46,1.88
2011/03/15,79.8,80.9,74.1,74.1,1385.0,105539.0,-6.9095,2.5611,912.0,-3.0,-38.0,1.0,-40.0,9329.0,253.0,667.0,74.0,174.0,34.0,27.75,6.01,2.02
2011/03/16,75.1,78.3,74.8,75.8,1126.0,85340.0,2.2942,2.0821,765.0,28.0,-273.0,1.0,-244.0,9366.0,292.0,246.0,26.0,266.0,118.0,28.39,6.15,1.98
2011/03/17,75.8,75.8,72.1,73.4,1154.0,84388.0,-3.1662,2.1339,834.0,-17.0,-469.0,60.0,-426.0,9485.0,306.0,186.0,18.0,248.0,0.0,27.49,5.95,2.04
2011/03/18,75.0,75.0,73.4,74.1,834.0,61751.0,0.9537,1.5422,551.0,-10.0,-120.0,-2.0,-132.0,9352.0,202.0,321.0,6.0,269.0,27.0,27.75,6.01,2.02
2011/03/21,74.2,75.5,73.8,75.0,471.0,35132.0,1.2146,0.8709,344.0,38.0,0.0,8.0,46.0,9257.0,74.0,168.0,35.0,274.0,40.0,28.09,6.08,2.0
2011/03/22,75.8,77.9,75.3,76.7,956.0,73298.0,2.2667,1.7678,683.0,3.0,-150.0,0.0,-147.0,9271.0,253.0,237.0,35.0,256.0,17.0,28.73,6.22,1.96
2011/03/23,76.7,77.6,76.1,77.0,443.0,34085.0,0.3911,0.8192,339.0,0.0,-11.0,0.0,-11.0,9345.0,237.0,161.0,8.0,251.0,3.0,28.84,6.24,1.95
2011/03/24,77.4,79.4,77.1,78.6,1172.0,91811.0,2.0779,2.1672,711.0,-1.0,-73.0,32.0,-42.0,9323.0,318.0,339.0,4.0,249.0,3.0,29.44,6.37,1.91
2011/03/25,79.0,79.0,77.3,77.4,518.0,40499.0,-1.5267,0.9579,358.0,-24.0,58.0,4.0,38.0,9294.0,144.0,168.0,33.0,216.0,0.0,28.99,6.28,1.94
2011/03/28,77.1,77.4,76.0,76.2,310.0,23802.0,-1.5504,0.5732,236.0,2.0,0.0,0.0,2.0,9304.0,126.0,116.0,3.0,213.0,0.0,28.54,6.18,1.97
2011/03/29,76.2,76.8,76.0,76.3,174.0,13316.0,0.1312,0.3218,128.0,8.0,0.0,1.0,9.0,9285.0,46.0,64.0,1.0,219.0,7.0,28.58,6.19,1.97
2011/03/30,76.5,77.9,76.5,76.6,230.0,17725.0,0.3932,0.4253,188.0,6.0,0.0,0.0,6.0,9276.0,47.0,56.0,7.0,214.0,2.0,28.69,6.21,1.96
2011/03/31,77.0,77.5,76.6,77.4,313.0,24134.0,1.0444,0.5788,242.0,-5.0,80.0,0.0,75.0,9210.0,29.0,95.0,16.0,202.0,5.0,28.99,6.28,0.0
2011/04/01,77.4,77.7,76.5,76.8,279.0,21532.0,-0.7752,0.5159,224.0,1.0,-20.0,0.0,-19.0,9202.0,58.0,66.0,18.0,184.0,0.0,28.76,6.23,0.0
2011/04/06,77.7,77.7,76.7,76.7,311.0,23945.0,-0.1302,0.5751,225.0,43.0,-120.0,26.0,-51.0,9190.0,64.0,76.0,27.0,157.0,0.0,28.73,6.22,0.0
2011/04/07,76.7,79.8,76.7,79.4,1006.0,79374.0,3.5202,1.8602,717.0,37.0,-20.0,29.0,46.0,9156.0,300.0,334.0,46.0,128.0,17.0,29.74,6.44,0.0
2011/04/08,80.3,81.3,79.5,80.0,1142.0,91826.0,0.7557,2.1117,697.0,5.0,0.0,34.0,39.0,8965.0,233.0,423.0,17.0,120.0,9.0,29.96,6.49,0.0
2011/04/11,79.5,79.5,77.3,77.5,669.0,52172.0,-3.125,1.2371,464.0,-4.0,-58.0,-49.0,-111.0,9006.0,195.0,154.0,18.0,102.0,0.0,29.03,6.29,2.58
2011/04/12,77.5,78.8,77.3,77.6,447.0,34835.0,0.129,0.8266,343.0,102.0,-100.0,0.0,2.0,8973.0,94.0,127.0,25.0,84.0,7.0,29.06,6.29,2.58
2011/04/13,77.5,78.4,77.3,77.5,260.0,20168.0,-0.1289,0.4808,197.0,-5.0,-20.0,0.0,-25.0,8964.0,66.0,75.0,14.0,70.0,0.0,29.03,6.29,2.58
2011/04/14,78.0,78.4,77.7,78.4,263.0,20541.0,1.1613,0.4863,207.0,-2.0,0.0,-5.0,-7.0,8938.0,64.0,89.0,59.0,4.0,0.0,29.36,6.36,2.55
2011/04/15,78.4,78.4,76.8,77.2,359.0,27757.0,-1.5306,0.6638,259.0,4.0,-20.0,0.0,-16.0,8837.0,0.0,99.0,0.0,0.0,0.0,28.91,6.26,2.59
2011/04/18,77.7,77.9,76.9,77.2,232.0,18015.0,0.0,0.429,167.0,13.0,-20.0,0.0,-7.0,8772.0,0.0,65.0,0.0,0.0,0.0,28.91,6.26,2.59
2011/04/19,77.2,77.2,75.3,76.2,320.0,24382.0,-1.2953,0.5917,213.0,0.0,0.0,1.0,1.0,8679.0,0.0,93.0,0.0,0.0,0.0,28.54,6.18,2.62
2011/04/20,77.5,77.6,76.5,76.7,321.0,24747.0,0.6562,0.5936,239.0,26.0,0.0,-15.0,11.0,8720.0,97.0,56.0,0.0,17.0,17.0,28.73,6.22,2.61
2011/04/21,76.8,77.4,76.6,76.9,424.0,32706.0,0.2608,0.784,319.0,49.0,0.0,-14.0,35.0,8779.0,154.0,94.0,0.0,23.0,6.0,28.8,5.88,2.6
2011/04/22,77.5,82.2,77.5,82.2,2426.0,197367.0,6.8921,4.486,1165.0,-86.0,0.0,0.0,-86.0,8949.0,764.0,594.0,0.0,29.0,6.0,30.11,6.29,2.43
2011/04/25,84.3,86.0,83.5,85.1,6121.0,519303.0,3.528,11.3186,3691.0,74.0,0.0,-9.0,65.0,9083.0,1582.0,1448.0,0.0,227.0,198.0,31.17,6.51,2.35
2011/04/26,85.1,86.4,84.0,84.5,1868.0,158993.0,-0.7051,3.4542,1268.0,-1.0,-85.0,24.0,-62.0,9247.0,663.0,499.0,123.0,112.0,8.0,30.95,6.47,2.37
2011/04/27,85.8,85.9,84.1,84.5,1286.0,109207.0,0.0,2.378,835.0,13.0,0.0,2.0,15.0,9204.0,405.0,448.0,25.0,89.0,5.0,30.95,6.47,2.37
2011/04/28,85.5,86.6,84.5,86.3,2813.0,242102.0,2.1302,5.2016,1778.0,-2.0,-100.0,-90.0,-192.0,9080.0,636.0,760.0,1.0,169.0,81.0,31.61,6.6,2.32
2011/04/29,87.1,89.6,86.3,87.9,4226.0,373389.0,1.854,7.8145,2914.0,-152.0,-52.0,45.0,-159.0,9344.0,1228.0,964.0,22.0,229.0,82.0,32.2,6.73,2.28
2011/05/03,87.9,88.5,82.0,84.0,1533.0,130578.0,-4.4369,2.8347,1073.0,23.0,0.0,17.0,40.0,9181.0,406.0,565.0,83.0,179.0,38.0,30.77,6.06,2.38
2011/05/04,86.0,87.5,84.7,87.5,2022.0,175001.0,4.1667,3.739,1467.0,14.0,-60.0,-2.0,-48.0,9312.0,580.0,449.0,51.0,238.0,110.0,43.53,6.31,2.29
2011/05/05,87.5,87.5,85.0,85.6,1272.0,109539.0,-2.1714,2.3521,927.0,9.0,0.0,21.0,30.0,9245.0,361.0,427.0,23.0,215.0,0.0,42.59,6.17,2.34
2011/05/06,85.0,87.6,85.0,86.2,1658.0,143589.0,0.7009,3.0659,1057.0,16.0,0.0,-5.0,11.0,9163.0,347.0,429.0,61.0,202.0,48.0,42.89,6.21,2.32
2011/05/09,87.2,88.5,87.0,87.4,1940.0,170096.0,1.3921,3.5873,1273.0,72.0,0.0,-5.0,67.0,9188.0,677.0,652.0,5.0,231.0,34.0,43.48,6.3,2.29
2011/05/10,88.0,89.0,86.6,86.7,1258.0,110431.0,-0.8009,2.3262,883.0,5.0,0.0,-25.0,-20.0,9208.0,506.0,486.0,8.0,228.0,5.0,43.13,6.25,2.31
2011/05/11,87.0,88.5,86.0,86.5,1233.0,107696.0,-0.2307,2.28,834.0,-1.0,0.0,49.0,48.0,9205.0,379.0,382.0,15.0,236.0,23.0,43.03,6.24,2.31
2011/05/12,86.5,87.6,86.0,86.0,524.0,45298.0,-0.578,0.969,409.0,9.0,0.0,0.0,9.0,9260.0,207.0,151.0,17.0,230.0,11.0,42.79,6.2,2.33
2011/05/13,86.0,86.2,83.6,84.1,916.0,77573.0,-2.2093,1.6938,728.0,2.0,0.0,0.0,2.0,9166.0,286.0,380.0,33.0,201.0,4.0,41.84,6.06,2.38
2011/05/16,84.5,84.5,82.6,82.6,531.0,44159.0,-1.7836,0.9819,376.0,5.0,0.0,0.0,5.0,9156.0,137.0,147.0,36.0,165.0,0.0,41.09,5.96,2.42
2011/05/17,82.1,83.5,82.0,82.2,373.0,30856.0,-0.4843,0.6897,293.0,2.0,0.0,0.0,2.0,9111.0,109.0,153.0,4.0,188.0,27.0,40.9,5.93,2.43
2011/05/18,82.2,84.8,82.2,83.3,649.0,54487.0,1.3382,1.2001,411.0,41.0,0.0,2.0,43.0,9145.0,175.0,141.0,22.0,187.0,21.0,41.44,6.01,2.4
2011/05/19,85.0,86.5,84.8,85.0,1454.0,124708.0,2.0408,2.6887,1109.0,50.0,0.0,-39.0,11.0,9101.0,421.0,465.0,21.0,180.0,14.0,42.29,6.13,2.35
2011/05/20,85.5,85.6,82.9,83.7,542.0,45630.0,-1.5294,1.0022,404.0,-22.0,0.0,-20.0,-42.0,9004.0,145.0,242.0,17.0,177.0,14.0,41.64,6.03,2.39
2011/05/23,83.0,83.5,82.2,82.7,401.0,33180.0,-1.1947,0.7415,303.0,-5.0,0.0,-19.0,-24.0,9002.0,119.0,121.0,17.0,160.0,0.0,41.14,5.96,2.42
2011/05/24,82.1,82.3,78.6,79.6,902.0,72026.0,-3.7485,1.6679,648.0,-1.0,-100.0,-1.0,-102.0,8947.0,219.0,274.0,23.0,137.0,0.0,39.6,5.74,2.51
2011/05/25,79.3,79.6,77.7,78.1,760.0,59473.0,-1.8844,1.4054,545.0,-25.0,-30.0,0.0,-55.0,8947.0,230.0,230.0,3.0,134.0,0.0,38.86,5.63,2.56
2011/05/26,78.0,79.0,77.8,78.3,859.0,67190.0,0.2561,1.5884,577.0,15.0,0.0,14.0,29.0,8968.0,221.0,198.0,10.0,393.0,269.0,38.96,5.65,2.55
2011/05/27,72.9,75.5,72.9,73.2,2314.0,169901.0,-6.5134,4.2789,1504.0,18.0,-225.0,78.0,-129.0,8556.0,539.0,951.0,18.0,375.0,0.0,36.42,5.28,2.73
2011/05/30,70.6,73.2,70.6,71.1,1426.0,101971.0,-2.8689,2.6369,887.0,37.0,-123.0,29.0,-57.0,8488.0,307.0,368.0,165.0,237.0,27.0,35.37,5.13,2.81
2011/05/31,71.1,72.9,71.1,72.7,840.0,60900.0,2.2504,1.5533,592.0,-5.0,0.0,0.0,-5.0,8519.0,191.0,160.0,43.0,372.0,186.0,36.17,5.24,2.75
2011/06/01,73.0,73.9,73.0,73.2,889.0,65262.0,0.6878,1.6439,585.0,-44.0,90.0,0.0,46.0,8335.0,142.0,321.0,133.0,290.0,51.0,36.42,5.28,2.73
2011/06/02,72.3,72.3,71.1,71.6,480.0,34471.0,-2.1858,0.8876,330.0,8.0,0.0,0.0,8.0,8320.0,100.0,115.0,49.0,241.0,0.0,35.62,5.16,2.79
2011/06/03,71.2,71.6,70.0,70.5,816.0,57655.0,-1.5363,1.5089,541.0,-47.0,5.0,26.0,-16.0,8229.0,228.0,307.0,39.0,202.0,0.0,35.07,5.08,2.84
2011/06/07,70.0,70.5,65.6,65.7,1959.0,130040.0,-6.8085,3.6225,1265.0,-12.0,0.0,-225.0,-237.0,8369.0,689.0,547.0,6.0,197.0,1.0,32.69,4.74,3.04
2011/06/08,65.7,66.3,61.6,62.9,2602.0,164560.0,-4.2618,4.8115,1684.0,72.0,-356.0,0.0,-284.0,8867.0,1134.0,636.0,17.0,240.0,60.0,31.29,4.53,3.18
2011/06/09,62.5,62.5,60.0,60.2,2091.0,127405.0,-4.2925,3.8666,1440.0,7.0,-306.0,0.0,-299.0,9245.0,744.0,363.0,14.0,226.0,0.0,29.95,4.34,3.32
2011/06/10,60.0,62.4,60.0,61.7,2381.0,146315.0,2.4917,4.4028,1522.0,9.0,-279.0,0.0,-270.0,9381.0,672.0,496.0,18.0,789.0,581.0,30.7,4.45,3.24
2011/06/13,61.0,61.0,58.0,58.6,1257.0,74819.0,-5.0243,2.3244,834.0,-52.0,-124.0,1.0,-175.0,9285.0,442.0,529.0,84.0,705.0,0.0,29.15,4.22,3.41
2011/06/14,58.8,59.7,58.3,58.8,1318.0,77612.0,0.3413,2.4372,766.0,5.0,-254.0,0.0,-249.0,9507.0,435.0,184.0,113.0,928.0,336.0,29.25,4.24,3.4
2011/06/15,58.8,59.9,58.5,59.9,759.0,44970.0,1.8707,1.4035,526.0,-32.0,0.0,-10.0,-42.0,9615.0,284.0,175.0,36.0,1046.0,155.0,29.8,4.32,3.34
2011/06/16,59.5,60.5,59.3,60.0,848.0,50951.0,0.1669,1.5681,561.0,-8.0,0.0,0.0,-8.0,9425.0,148.0,321.0,116.0,1025.0,95.0,29.85,4.33,3.33
2011/06/17,60.5,61.0,59.2,59.2,655.0,39385.0,-1.3333,1.2112,453.0,-16.0,0.0,0.0,-16.0,9339.0,165.0,251.0,72.0,1021.0,68.0,29.45,4.27,3.38
2011/06/20,59.5,59.7,55.6,55.8,1127.0,64294.0,-5.7432,2.084,643.0,12.0,-132.0,-10.0,-130.0,9199.0,342.0,475.0,128.0,931.0,38.0,27.76,4.02,3.58
2011/06/21,55.5,55.5,51.9,52.1,1590.0,83568.0,-6.6308,2.9401,982.0,24.0,-232.0,1.0,-207.0,9003.0,462.0,642.0,109.0,822.0,0.0,25.92,3.76,3.84
2011/06/22,52.1,53.4,50.9,52.2,1286.0,67337.0,0.1919,2.378,825.0,11.0,-93.0,0.0,-82.0,9202.0,447.0,226.0,82.0,1036.0,298.0,25.97,3.76,3.83
2011/06/23,52.2,52.6,51.5,51.5,400.0,20797.0,-1.341,0.7397,278.0,35.0,0.0,-2.0,33.0,9127.0,67.0,135.0,38.0,1069.0,71.0,25.62,3.71,3.88
2011/06/24,51.5,52.7,51.3,52.4,529.0,27571.0,1.7476,0.9782,377.0,87.0,0.0,0.0,87.0,9114.0,115.0,125.0,38.0,1138.0,107.0,26.07,3.78,3.82
2011/06/27,52.0,56.0,52.0,56.0,1457.0,79910.0,6.8702,2.6942,948.0,-8.0,0.0,1.0,-7.0,9081.0,365.0,386.0,152.0,1123.0,137.0,27.86,4.04,3.57
2011/06/28,57.6,59.9,57.3,58.0,3306.0,194178.0,3.5714,6.1133,1751.0,-250.0,0.0,-1.0,-251.0,9139.0,800.0,740.0,184.0,1194.0,255.0,28.86,4.18,3.45
2011/06/29,58.0,59.4,57.4,59.0,2155.0,126237.0,1.7241,3.9849,1244.0,-45.0,0.0,0.0,-45.0,8887.0,478.0,730.0,146.0,1275.0,227.0,29.35,4.25,3.39
2011/06/30,59.0,59.2,58.2,58.7,455.0,26781.0,-0.5085,0.8414,323.0,1.0,0.0,0.0,1.0,8533.0,125.0,185.0,102.0,1188.0,15.0,29.2,4.23,3.41
2011/07/01,59.0,59.5,58.6,58.8,535.0,31558.0,0.1704,0.9893,386.0,3.0,0.0,0.0,3.0,8444.0,123.0,207.0,118.0,1139.0,69.0,29.25,4.24,3.4
2011/07/04,59.7,62.9,59.2,62.9,1464.0,91210.0,6.9728,2.7072,681.0,-3.0,0.0,0.0,-3.0,8275.0,325.0,494.0,80.0,1113.0,54.0,31.29,4.53,3.18
2011/07/05,63.8,65.0,62.8,63.1,4162.0,266181.0,0.318,7.6961,2157.0,-86.0,0.0,-2.0,-88.0,8144.0,890.0,1021.0,172.0,1018.0,78.0,31.39,4.55,3.17
2011/07/06,63.1,63.1,61.9,62.5,562.0,35124.0,-0.9509,1.0392,377.0,-8.0,0.0,-1.0,-9.0,8088.0,147.0,203.0,58.0,961.0,1.0,31.09,4.51,3.2
2011/07/07,63.0,63.5,62.5,62.5,470.0,29625.0,0.0,0.8691,350.0,21.0,0.0,0.0,21.0,8044.0,93.0,137.0,38.0,957.0,34.0,31.09,4.51,3.2
2011/07/08,63.0,63.0,60.3,60.4,661.0,40607.0,-3.36,1.2223,469.0,1.0,0.0,1.0,2.0,7937.0,196.0,302.0,16.0,955.0,14.0,30.05,4.35,3.31
2011/07/11,59.6,64.0,59.6,62.3,1165.0,72768.0,3.1457,2.1543,816.0,47.0,0.0,1.0,48.0,8027.0,422.0,332.0,24.0,1083.0,152.0,31.0,4.49,3.21
2011/07/12,62.4,63.2,61.1,62.2,712.0,44317.0,-0.1605,1.3166,507.0,5.0,0.0,0.0,5.0,8040.0,190.0,177.0,87.0,1046.0,50.0,30.95,4.48,3.22
2011/07/13,63.0,63.0,60.4,60.4,575.0,35487.0,-2.8939,1.0633,367.0,-32.0,0.0,0.0,-32.0,7945.0,128.0,223.0,29.0,1022.0,5.0,30.05,4.35,3.31
2011/07/14,61.0,62.0,59.8,60.4,546.0,33136.0,0.0,1.0096,360.0,-2.0,0.0,0.0,-2.0,7882.0,143.0,204.0,63.0,1032.0,73.0,30.05,4.35,3.31
2011/07/15,60.9,62.5,60.6,62.5,610.0,37819.0,3.4768,1.128,454.0,55.0,0.0,0.0,55.0,7940.0,205.0,146.0,53.0,1033.0,54.0,31.09,4.51,3.2
2011/07/18,63.9,66.8,63.9,66.8,1840.0,121357.0,6.88,3.4024,972.0,-2.0,0.0,0.0,-2.0,8622.0,1165.0,483.0,27.0,1072.0,66.0,33.23,4.82,2.99
2011/07/19,67.8,69.8,65.2,66.8,4460.0,302583.0,0.0,8.2472,2405.0,-70.0,0.0,15.0,-55.0,8251.0,1440.0,1811.0,129.0,1055.0,112.0,33.23,4.82,2.99
2011/07/20,66.8,67.7,65.2,66.8,1309.0,87047.0,0.0,2.4205,908.0,11.0,0.0,0.0,11.0,8337.0,490.0,404.0,104.0,990.0,39.0,33.23,4.82,2.99
2011/07/21,67.0,68.7,66.5,67.0,1239.0,83492.0,0.2994,2.2911,822.0,14.0,0.0,0.0,14.0,8224.0,438.0,546.0,36.0,993.0,45.0,33.33,4.83,2.99
2011/07/22,67.5,68.0,66.4,66.4,680.0,45574.0,-0.8955,1.2574,487.0,17.0,0.0,0.0,17.0,8139.0,218.0,303.0,13.0,986.0,6.0,33.03,4.79,3.01
2011/07/25,66.4,66.7,64.5,64.6,529.0,34570.0,-2.7108,0.9782,389.0,1.0,0.0,8.0,9.0,8097.0,118.0,160.0,62.0,963.0,39.0,32.14,4.66,3.1
2011/07/26,64.6,64.6,63.4,64.2,538.0,34351.0,-0.6192,0.9948,397.0,36.0,0.0,0.0,36.0,8096.0,156.0,154.0,37.0,926.0,0.0,31.94,4.63,3.12
2011/07/27,64.0,64.9,63.5,64.6,492.0,31561.0,0.6231,0.9098,358.0,16.0,0.0,-5.0,11.0,7876.0,136.0,188.0,39.0,897.0,10.0,32.14,4.66,3.1
2011/07/28,63.7,67.0,63.7,65.5,920.0,60650.0,1.3932,1.7012,665.0,-1.0,0.0,-23.0,-24.0,7929.0,337.0,284.0,34.0,892.0,29.0,32.59,4.72,3.05
2011/07/29,65.7,66.5,64.2,64.4,412.0,26809.0,-1.6794,0.7618,316.0,-3.0,0.0,0.0,-3.0,7841.0,83.0,167.0,22.0,875.0,6.0,32.04,4.64,3.11
2011/08/01,64.5,64.9,63.8,63.8,379.0,24363.0,-0.9317,0.7008,286.0,15.0,0.0,0.0,15.0,7869.0,147.0,119.0,2.0,910.0,37.0,31.74,4.6,3.13
2011/08/02,63.8,63.8,62.2,62.4,518.0,32664.0,-2.1944,0.9579,349.0,10.0,0.0,0.0,10.0,7835.0,155.0,189.0,39.0,881.0,10.0,31.04,4.5,3.21
2011/08/03,61.2,61.6,59.0,60.3,709.0,42690.0,-3.3654,1.311,442.0,6.0,0.0,0.0,6.0,7810.0,167.0,191.0,138.0,742.0,0.0,30.0,4.35,3.32
2011/08/04,60.3,61.8,59.0,59.2,557.0,33673.0,-1.8242,1.03,382.0,14.0,0.0,0.0,14.0,7720.0,119.0,208.0,32.0,831.0,121.0,29.45,4.27,3.38
2011/08/05,55.1,56.0,55.1,55.1,865.0,47714.0,-6.9257,1.5995,449.0,3.0,0.0,0.0,3.0,7328.0,112.0,486.0,211.0,620.0,0.0,27.41,3.97,3.63
2011/08/08,51.3,54.0,51.3,51.3,755.0,39076.0,-6.8966,1.3961,479.0,-17.0,0.0,0.0,-17.0,7009.0,121.0,341.0,121.0,499.0,0.0,25.52,3.7,3.9
2011/08/09,47.75,51.0,47.75,49.5,943.0,45693.0,-3.5088,1.7437,509.0,-6.0,0.0,0.0,-6.0,6730.0,297.0,566.0,85.0,412.0,0.0,24.63,3.57,4.04
2011/08/10,50.3,52.9,50.3,52.9,504.0,26475.0,6.8687,0.932,343.0,6.0,0.0,0.0,6.0,6676.0,160.0,156.0,14.0,445.0,47.0,26.32,3.81,3.78
2011/08/11,49.5,53.9,49.5,53.4,688.0,36100.0,0.9452,1.2722,439.0,74.0,0.0,0.0,74.0,6599.0,102.0,177.0,54.0,499.0,108.0,26.57,3.85,3.75
2011/08/12,55.0,55.0,53.4,53.4,434.0,23461.0,0.0,0.8025,315.0,-90.0,0.0,0.0,-90.0,6557.0,51.0,93.0,29.0,552.0,82.0,26.57,3.85,3.75
2011/08/15,55.0,55.2,54.0,55.1,394.0,21572.0,3.1835,0.7286,272.0,13.0,0.0,0.0,13.0,6574.0,119.0,102.0,36.0,547.0,31.0,27.41,3.97,3.63
2011/08/16,56.1,56.4,55.2,55.9,325.0,18098.0,1.4519,0.601,234.0,-8.0,0.0,0.0,-8.0,6592.0,119.0,101.0,24.0,538.0,15.0,27.81,4.03,3.58
2011/08/17,56.5,58.5,56.2,57.4,799.0,45999.0,2.6834,1.4775,582.0,-5.0,0.0,0.0,-5.0,6554.0,128.0,163.0,96.0,514.0,72.0,28.56,4.14,3.48
2011/08/18,56.8,56.8,54.8,55.3,294.0,16373.0,-3.6585,0.5436,200.0,-17.0,0.0,0.0,-17.0,6471.0,52.0,135.0,28.0,486.0,0.0,27.51,3.99,3.62
2011/08/19,51.5,53.5,51.5,51.7,490.0,25575.0,-6.5099,0.9061,291.0,4.0,0.0,0.0,4.0,6144.0,77.0,244.0,100.0,386.0,0.0,25.72,3.73,3.87
2011/08/22,51.7,53.5,51.0,52.5,537.0,28073.0,1.5474,0.993,301.0,24.0,0.0,0.0,24.0,6026.0,58.0,175.0,34.0,472.0,120.0,26.12,3.79,3.81
2011/08/23,52.5,55.0,52.5,54.0,306.0,16430.0,2.8571,0.5658,205.0,15.0,0.0,0.0,15.0,5972.0,44.0,89.0,86.0,393.0,17.0,26.87,3.89,3.7
2011/08/24,56.0,56.0,54.0,54.1,303.0,16500.0,0.1852,0.5603,197.0,-28.0,0.0,0.0,-28.0,5964.0,39.0,43.0,72.0,350.0,29.0,26.92,3.9,3.7
2011/08/25,54.5,54.9,54.0,54.0,373.0,20305.0,-0.1848,0.6897,251.0,172.0,0.0,0.0,172.0,5829.0,11.0,144.0,60.0,352.0,62.0,26.87,3.89,3.7
2011/08/26,54.8,54.8,52.9,54.5,297.0,16040.0,0.9259,0.5492,162.0,-2.0,0.0,0.0,-2.0,5718.0,7.0,118.0,192.0,160.0,0.0,27.11,3.93,3.67
2011/08/29,55.0,55.6,54.8,55.6,246.0,13596.0,2.0183,0.4549,140.0,19.0,0.0,0.0,19.0,5673.0,27.0,66.0,146.0,4.0,0.0,27.66,4.01,3.6
2011/08/30,57.3,57.3,55.5,55.6,170.0,9499.0,0.0,0.3144,122.0,0.0,0.0,0.0,0.0,5637.0,0.0,36.0,0.0,0.0,0.0,27.66,4.01,3.6
2011/08/31,55.9,55.9,54.4,54.9,181.0,9978.0,-1.259,0.3347,128.0,17.0,0.0,0.0,17.0,5614.0,0.0,23.0,0.0,0.0,0.0,27.31,4.78,3.64
2011/09/01,54.9,54.9,53.0,53.2,561.0,30277.0,-3.0965,1.0374,355.0,-5.0,0.0,0.0,-5.0,5520.0,0.0,94.0,0.0,0.0,0.0,61.15,4.63,3.76
2011/09/02,51.2,52.0,50.8,52.0,549.0,28125.0,1.5038,1.0152,304.0,-28.0,0.0,0.0,-28.0,5659.0,148.0,9.0,0.0,245.0,245.0,59.77,4.53,3.85
2011/09/05,50.5,51.3,50.0,50.7,131.0,6664.0,-2.5,0.2422,101.0,-18.0,0.0,0.0,-18.0,5677.0,33.0,15.0,1.0,244.0,0.0,58.28,4.41,3.94
2011/09/06,50.5,50.7,50.0,50.0,253.0,12726.0,-1.3807,0.4678,161.0,-13.0,0.0,0.0,-13.0,5638.0,19.0,57.0,2.0,244.0,2.0,57.47,4.35,4.0
2011/09/07,50.0,51.0,49.6,49.9,297.0,14836.0,-0.2,0.5492,191.0,0.0,0.0,0.0,0.0,5646.0,65.0,46.0,7.0,290.0,53.0,57.36,4.34,4.01
2011/09/08,50.1,50.3,49.05,49.1,302.0,14996.0,-1.6032,0.5584,215.0,12.0,0.0,0.0,12.0,5688.0,74.0,31.0,7.0,403.0,120.0,56.44,4.27,4.07
2011/09/09,49.1,49.3,48.5,48.7,244.0,11908.0,-0.8147,0.4512,150.0,9.0,0.0,0.0,9.0,5682.0,37.0,42.0,20.0,400.0,17.0,55.98,4.24,4.11
2011/09/13,48.0,48.0,46.5,46.5,211.0,9957.0,-4.5175,0.3902,136.0,-11.0,0.0,0.0,-11.0,5646.0,23.0,59.0,12.0,388.0,0.0,53.45,4.05,4.3
2011/09/14,46.5,46.55,43.25,43.25,830.0,36827.0,-6.9892,1.5348,411.0,4.0,0.0,0.0,4.0,5435.0,137.0,338.0,14.0,437.0,63.0,49.71,3.76,4.62
2011/09/15,43.35,44.0,40.25,40.3,967.0,39719.0,-6.8208,1.7881,601.0,41.0,0.0,0.0,41.0,5414.0,256.0,269.0,49.0,429.0,41.0,46.32,3.51,4.96
2011/09/16,40.6,42.5,40.25,42.2,805.0,33295.0,4.7146,1.4886,532.0,101.0,0.0,0.0,101.0,5324.0,153.0,241.0,39.0,528.0,138.0,48.51,3.67,4.74
2011/09/19,42.2,42.25,41.0,41.0,271.0,11234.0,-2.8436,0.5011,194.0,-18.0,0.0,0.0,-18.0,5332.0,99.0,57.0,9.0,534.0,15.0,47.13,3.57,4.88
2011/09/20,40.5,42.1,40.5,41.65,384.0,15873.0,1.5854,0.7101,253.0,-44.0,0.0,0.0,-44.0,5361.0,81.0,52.0,44.0,561.0,71.0,47.87,3.62,4.8
2011/09/21,43.3,44.55,42.1,44.55,812.0,35680.0,6.9628,1.5015,540.0,1.0,0.0,0.0,1.0,5454.0,325.0,230.0,93.0,531.0,63.0,51.21,3.88,4.49
2011/09/22,43.9,44.5,42.6,43.35,413.0,18049.0,-2.6936,0.7637,273.0,-45.0,0.0,0.0,-45.0,5321.0,74.0,206.0,58.0,473.0,0.0,49.83,3.77,4.61
2011/09/23,41.0,43.0,40.5,42.1,319.0,13229.0,-2.8835,0.5899,227.0,-1.0,0.0,0.0,-1.0,5279.0,56.0,98.0,85.0,388.0,0.0,48.39,3.66,4.75
2011/09/26,43.5,43.5,40.0,40.0,466.0,19280.0,-4.9881,0.8617,314.0,-28.0,0.0,0.0,-28.0,5161.0,81.0,194.0,47.0,358.0,17.0,45.98,3.48,5.0
2011/09/27,40.5,41.75,40.5,41.0,379.0,15578.0,2.5,0.7008,226.0,29.0,0.0,0.0,29.0,5131.0,34.0,55.0,19.0,419.0,80.0,47.13,3.57,4.88
2011/09/28,41.2,41.7,41.0,41.2,134.0,5548.0,0.4878,0.2478,122.0,-1.0,0.0,0.0,-1.0,5130.0,33.0,31.0,23.0,417.0,21.0,47.36,3.59,4.85
2011/09/29,41.2,42.35,40.6,41.6,196.0,8147.0,0.9709,0.3624,140.0,20.0,0.0,0.0,20.0,5117.0,31.0,42.0,51.0,406.0,40.0,47.82,3.62,4.81
2011/09/30,41.6,42.0,41.25,41.3,121.0,5043.0,-0.7212,0.2237,85.0,-4.0,0.0,0.0,-4.0,5081.0,13.0,45.0,35.0,376.0,5.0,47.47,3.59,4.84
2011/10/03,39.8,40.8,39.35,40.0,136.0,5430.0,-3.1477,0.2515,102.0,3.0,0.0,0.0,3.0,5056.0,30.0,40.0,45.0,331.0,0.0,45.98,3.48,5.0
2011/10/04,39.7,39.7,38.1,38.8,410.0,15837.0,-3.0,0.7582,289.0,-15.0,0.0,0.0,-15.0,4856.0,94.0,285.0,67.0,264.0,0.0,44.6,3.38,5.15
2011/10/05,38.8,39.5,38.6,38.8,168.0,6538.0,0.0,0.3107,131.0,-4.0,0.0,0.0,-4.0,4765.0,33.0,48.0,44.0,248.0,28.0,44.6,3.38,5.15
2011/10/06,39.5,40.0,38.75,38.8,216.0,8526.0,0.0,0.3994,166.0,14.0,0.0,0.0,14.0,4752.0,41.0,50.0,22.0,254.0,28.0,44.6,3.38,5.15
2011/10/07,40.0,40.0,39.1,39.4,137.0,5439.0,1.5464,0.2533,101.0,4.0,0.0,0.0,4.0,4732.0,12.0,29.0,15.0,250.0,11.0,45.29,3.43,5.08
2011/10/11,40.2,40.75,39.9,40.0,276.0,11118.0,1.5228,0.5104,206.0,-85.0,0.0,0.0,-85.0,4760.0,59.0,30.0,35.0,220.0,5.0,45.98,3.48,5.0
2011/10/12,40.0,40.25,39.5,40.0,175.0,6996.0,0.0,0.3236,132.0,-30.0,0.0,0.0,-30.0,4769.0,33.0,22.0,9.0,225.0,14.0,45.98,3.48,5.0
2011/10/13,40.0,42.8,40.0,42.8,705.0,29812.0,7.0,1.3036,468.0,9.0,0.0,0.0,9.0,4984.0,340.0,125.0,19.0,238.0,32.0,49.2,3.72,4.67
2011/10/14,43.1,44.5,42.7,42.85,653.0,28339.0,0.1168,1.2075,487.0,-5.0,0.0,0.0,-5.0,4939.0,228.0,266.0,28.0,243.0,33.0,49.25,3.73,4.67
2011/10/17,43.7,44.2,43.0,43.5,397.0,17293.0,1.5169,0.7341,278.0,7.0,0.0,0.0,7.0,4903.0,171.0,207.0,13.0,240.0,10.0,50.0,3.79,4.6
2011/10/18,42.4,43.4,42.3,42.3,158.0,6722.0,-2.7586,0.2922,123.0,0.0,0.0,0.0,0.0,4870.0,37.0,70.0,20.0,220.0,0.0,48.62,3.68,4.73
2011/10/19,42.5,42.9,41.5,41.7,179.0,7549.0,-1.4184,0.331,125.0,6.0,0.0,0.0,6.0,4823.0,33.0,80.0,4.0,219.0,3.0,47.93,3.63,4.8
2011/10/20,41.7,41.7,40.8,41.0,161.0,6630.0,-1.6787,0.2977,113.0,-1.0,0.0,0.0,-1.0,4837.0,54.0,40.0,2.0,228.0,11.0,47.13,3.57,4.88
2011/10/21,40.2,41.25,40.2,40.75,164.0,6684.0,-0.6098,0.3033,107.0,7.0,0.0,0.0,7.0,4847.0,40.0,29.0,28.0,216.0,16.0,46.84,3.55,4.91
2011/10/24,42.0,42.25,41.3,42.25,164.0,6887.0,3.681,0.3033,132.0,36.0,0.0,1.0,37.0,4832.0,23.0,38.0,2.0,234.0,20.0,48.56,3.68,4.73
2011/10/25,43.7,43.7,42.0,42.4,106.0,4513.0,0.355,0.196,86.0,-4.0,0.0,0.0,-4.0,4814.0,26.0,44.0,13.0,230.0,9.0,48.74,3.69,4.72
2011/10/26,42.0,43.0,41.8,42.8,149.0,6302.0,0.9434,0.2755,107.0,15.0,0.0,0.0,15.0,4846.0,55.0,23.0,15.0,229.0,14.0,49.2,3.72,4.67
2011/10/27,43.1,44.7,42.25,43.85,514.0,22420.0,2.4533,0.9505,372.0,21.0,0.0,0.0,21.0,4827.0,113.0,131.0,7.0,265.0,43.0,50.4,3.82,4.56
2011/10/28,45.0,45.0,42.55,42.65,267.0,11692.0,-2.7366,0.4937,207.0,14.0,0.0,2.0,16.0,4816.0,75.0,86.0,1.0,269.0,5.0,49.02,3.71,4.69
2011/10/31,43.4,44.5,42.7,43.7,491.0,21449.0,2.4619,0.9079,336.0,34.0,0.0,0.0,34.0,4809.0,120.0,120.0,54.0,247.0,32.0,50.23,3.5,4.58
2011/11/01,43.9,43.9,42.7,42.9,159.0,6869.0,-1.8307,0.294,142.0,-2.0,0.0,0.0,-2.0,4794.0,38.0,52.0,7.0,239.0,0.0,30.86,3.44,4.66
2011/11/02,42.0,43.9,41.5,43.4,204.0,8817.0,1.1655,0.3772,152.0,9.0,0.0,0.0,9.0,4836.0,92.0,49.0,17.0,236.0,14.0,31.22,3.48,4.61
2011/11/03,43.7,44.2,42.35,42.35,195.0,8445.0,-2.4194,0.3606,155.0,-6.0,0.0,0.0,-6.0,4835.0,42.0,43.0,7.0,242.0,13.0,30.47,3.4,4.72
2011/11/04,43.0,43.7,42.6,42.9,204.0,8797.0,1.2987,0.3772,140.0,23.0,0.0,2.0,25.0,4799.0,46.0,82.0,5.0,249.0,12.0,30.86,3.44,4.66
2011/11/07,43.4,43.75,42.6,42.65,125.0,5389.0,-0.5828,0.2311,86.0,10.0,0.0,0.0,10.0,4767.0,42.0,72.0,14.0,237.0,2.0,30.68,3.42,4.69
2011/11/08,42.8,43.4,42.65,42.8,129.0,5547.0,0.3517,0.2385,101.0,13.0,0.0,0.0,13.0,4763.0,37.0,41.0,1.0,242.0,6.0,30.79,3.43,4.67
2011/11/09,43.5,43.5,41.85,42.0,198.0,8427.0,-1.8692,0.3661,137.0,-1.0,0.0,0.0,-1.0,4707.0,55.0,111.0,15.0,229.0,2.0,30.22,3.37,4.76
2011/11/10,41.0,41.65,39.8,40.45,270.0,10952.0,-3.6905,0.4993,184.0,-35.0,0.0,0.0,-35.0,4687.0,40.0,60.0,27.0,202.0,0.0,29.1,3.24,4.94
2011/11/11,40.45,40.95,39.8,40.45,127.0,5136.0,0.0,0.2348,94.0,0.0,0.0,0.0,0.0,4665.0,14.0,36.0,23.0,186.0,7.0,29.1,3.24,4.94
2011/11/14,41.95,41.95,40.6,41.0,70.0,2881.0,1.3597,0.1294,67.0,-3.0,0.0,0.0,-3.0,4678.0,18.0,3.0,1.0,193.0,8.0,29.5,3.29,4.88
2011/11/15,40.8,40.95,40.6,40.6,78.0,3177.0,-0.9756,0.1442,59.0,-13.0,0.0,0.0,-13.0,4679.0,15.0,14.0,23.0,170.0,0.0,29.21,3.26,4.93
2011/11/16,40.4,40.7,40.2,40.6,132.0,5354.0,0.0,0.2441,96.0,-23.0,0.0,0.0,-23.0,4704.0,44.0,13.0,38.0,142.0,10.0,29.21,3.26,4.93
2011/11/17,40.6,40.6,40.1,40.2,57.0,2303.0,-0.9852,0.1054,52.0,-2.0,0.0,-1.0,-3.0,4709.0,14.0,7.0,7.0,140.0,5.0,28.92,3.22,4.98
2011/11/18,40.0,40.15,39.5,39.6,122.0,4848.0,-1.4925,0.2256,95.0,-20.0,0.0,-1.0,-21.0,4693.0,16.0,32.0,13.0,127.0,0.0,28.49,3.18,5.05
2011/11/21,38.1,39.0,36.85,36.85,296.0,11167.0,-6.9444,0.5473,181.0,1.0,0.0,0.0,1.0,4571.0,35.0,157.0,16.0,111.0,0.0,26.51,2.96,5.43
2011/11/22,34.9,36.8,34.3,34.3,415.0,14505.0,-6.9199,0.7674,235.0,7.0,-27.0,1.0,-19.0,4435.0,76.0,206.0,5.0,106.0,0.0,24.68,2.75,5.83
2011/11/23,34.0,34.3,31.9,31.9,383.0,12524.0,-6.9971,0.7082,228.0,43.0,0.0,-1.0,42.0,4313.0,98.0,213.0,0.0,112.0,6.0,22.95,2.56,6.27
2011/11/24,30.0,30.9,29.7,30.25,404.0,12186.0,-5.1724,0.7471,274.0,6.0,0.0,0.0,6.0,4175.0,90.0,204.0,14.0,98.0,0.0,21.76,2.43,6.61
2011/11/25,30.25,31.3,30.25,30.4,266.0,8114.0,0.4959,0.4919,167.0,23.0,0.0,-1.0,22.0,4142.0,49.0,73.0,7.0,158.0,67.0,21.87,2.44,6.58
2011/11/28,30.8,31.5,30.8,31.15,122.0,3809.0,2.4671,0.2256,87.0,6.0,0.0,0.0,6.0,4117.0,20.0,45.0,35.0,131.0,8.0,22.41,2.5,6.42
2011/11/29,32.2,32.55,31.85,32.3,105.0,3387.0,3.6918,0.1942,86.0,-1.0,0.0,0.0,-1.0,4123.0,21.0,15.0,10.0,139.0,18.0,23.24,2.59,6.19
2011/11/30,32.0,32.3,30.7,30.8,108.0,3415.0,-4.644,0.1997,75.0,-2.0,0.0,-1.0,-3.0,4080.0,17.0,56.0,5.0,134.0,0.0,22.16,2.47,6.49
2011/12/01,32.5,32.5,31.5,32.1,108.0,3470.0,4.2208,0.1997,83.0,22.0,0.0,1.0,23.0,4077.0,19.0,20.0,4.0,140.0,10.0,23.09,2.57,6.23
2011/12/02,32.45,32.45,31.6,31.7,55.0,1764.0,-1.2461,0.1017,43.0,0.0,0.0,0.0,0.0,4087.0,11.0,1.0,0.0,141.0,1.0,22.81,2.54,6.31
2011/12/05,31.7,32.15,31.65,31.65,56.0,1791.0,-0.1577,0.1036,45.0,2.0,0.0,0.0,2.0,4079.0,4.0,12.0,0.0,144.0,3.0,22.77,2.54,6.32
2011/12/06,31.65,31.9,30.0,30.25,102.0,3167.0,-4.4234,0.1886,67.0,-11.0,0.0,0.0,-11.0,4083.0,24.0,16.0,1.0,144.0,1.0,21.76,2.43,6.61
2011/12/07,30.25,30.7,29.7,30.0,184.0,5533.0,-0.8264,0.3402,99.0,5.0,0.0,1.0,6.0,4124.0,67.0,21.0,18.0,137.0,11.0,21.58,2.41,6.67
2011/12/08,30.4,31.0,29.7,30.6,271.0,8176.0,2.0,0.5011,150.0,-5.0,0.0,0.0,-5.0,4242.0,183.0,64.0,4.0,168.0,35.0,22.01,2.45,6.54
2011/12/09,30.3,32.7,30.3,32.7,472.0,15134.0,6.8627,0.8728,258.0,0.0,0.0,-1.0,-1.0,4218.0,102.0,125.0,5.0,189.0,26.0,23.53,2.62,6.12
2011/12/12,33.75,34.95,33.75,34.95,1051.0,36225.0,6.8807,1.9435,568.0,6.0,0.0,0.0,6.0,4308.0,414.0,324.0,5.0,277.0,93.0,25.14,2.8,5.72
2011/12/13,35.0,35.6,34.25,34.95,1121.0,39174.0,0.0,2.0729,775.0,-1.0,0.0,-1.0,-2.0,4336.0,337.0,309.0,55.0,341.0,119.0,25.14,2.8,5.72
2011/12/14,34.95,37.35,34.95,36.85,1165.0,42630.0,5.4363,2.1543,808.0,0.0,0.0,0.0,0.0,4377.0,251.0,210.0,42.0,402.0,103.0,26.51,2.96,5.43
2011/12/15,36.8,37.0,34.5,35.0,688.0,24702.0,-5.0204,1.3077,481.0,-19.0,0.0,0.0,-19.0,4391.0,228.0,214.0,49.0,362.0,9.0,25.18,2.81,5.71
2011/12/16,35.2,35.2,33.0,33.3,452.0,15359.0,-4.8571,0.8591,326.0,23.0,0.0,0.0,23.0,4340.0,128.0,175.0,46.0,317.0,1.0,23.96,2.67,6.01
2011/12/19,33.3,33.3,31.5,31.9,345.0,11201.0,-4.2042,0.6557,226.0,-6.0,0.0,0.0,-6.0,4269.0,105.0,175.0,65.0,257.0,5.0,22.95,2.56,6.27
2011/12/20,32.0,34.0,32.0,33.0,370.0,12311.0,3.4483,0.7032,291.0,4.0,0.0,0.0,4.0,4272.0,79.0,75.0,11.0,288.0,42.0,23.74,2.65,6.06
2011/12/21,34.6,35.3,34.2,35.1,585.0,20474.0,6.3636,1.1119,403.0,12.0,0.0,0.0,12.0,4378.0,275.0,169.0,31.0,305.0,49.0,25.25,2.81,5.7
2011/12/22,34.9,37.0,34.9,35.5,586.0,21153.0,1.1396,1.1138,408.0,-13.0,0.0,0.0,-13.0,4383.0,193.0,188.0,17.0,313.0,25.0,25.54,2.85,5.63
2011/12/23,36.1,36.7,35.4,35.95,571.0,20505.0,1.2676,1.0853,427.0,13.0,0.0,0.0,13.0,4351.0,161.0,193.0,3.0,325.0,15.0,25.86,2.88,5.56
2011/12/26,36.3,38.2,36.3,37.55,1067.0,39937.0,4.4506,2.028,705.0,9.0,0.0,0.0,9.0,4314.0,320.0,356.0,12.0,347.0,34.0,27.01,3.01,5.33
2011/12/27,37.55,38.2,36.5,36.7,426.0,15795.0,-2.2636,0.8097,309.0,-2.0,0.0,0.0,-2.0,4327.0,155.0,142.0,20.0,335.0,8.0,26.4,2.94,5.45
2011/12/28,35.0,36.5,35.0,35.65,309.0,11095.0,-2.861,0.5873,235.0,17.0,0.0,1.0,18.0,4333.0,133.0,127.0,15.0,320.0,0.0,25.65,2.86,5.61
2011/12/29,35.05,35.95,35.0,35.8,175.0,6243.0,0.4208,0.3326,139.0,7.0,0.0,0.0,7.0,4347.0,62.0,47.0,7.0,330.0,17.0,25.76,2.87,5.59
2011/12/30,36.2,36.8,35.5,35.5,284.0,10242.0,-0.838,0.5398,199.0,4.0,0.0,1.0,5.0,4333.0,74.0,86.0,8.0,375.0,53.0,25.54,2.85,5.63
2012/01/02,35.5,35.6,34.2,34.2,204.0,7105.0,-3.662,0.3877,152.0,-3.0,0.0,-1.0,-4.0,4295.0,43.0,81.0,26.0,352.0,3.0,24.6,2.74,5.85
2012/01/03,34.75,35.0,34.5,34.5,135.0,4698.0,0.8772,0.2566,107.0,12.0,0.0,0.0,12.0,4297.0,36.0,32.0,1.0,360.0,9.0,24.82,2.77,5.8
2012/01/04,34.7,35.3,34.6,34.65,200.0,6997.0,0.4348,0.3801,144.0,0.0,0.0,0.0,0.0,4281.0,66.0,81.0,19.0,346.0,5.0,24.93,2.78,5.77
2012/01/05,35.0,35.1,34.5,35.1,158.0,5516.0,1.2987,0.3003,106.0,1.0,0.0,0.0,1.0,4282.0,62.0,43.0,11.0,340.0,5.0,25.25,2.81,5.7
2012/01/06,34.0,36.2,34.0,35.45,463.0,16504.0,0.9972,0.88,282.0,-34.0,0.0,0.0,-34.0,4333.0,168.0,117.0,54.0,297.0,11.0,25.5,2.84,5.64
2012/01/09,35.0,35.9,34.1,34.6,195.0,6804.0,-2.3977,0.3706,127.0,-22.0,0.0,0.0,-22.0,4267.0,31.0,97.0,17.0,280.0,0.0,24.89,2.77,5.78
2012/01/10,34.6,35.1,34.3,34.4,201.0,6984.0,-0.578,0.382,135.0,0.0,0.0,0.0,0.0,4329.0,109.0,47.0,10.0,275.0,5.0,24.75,2.76,5.81
2012/01/11,34.95,35.15,34.4,34.45,214.0,7435.0,0.1453,0.4067,166.0,-2.0,0.0,0.0,-2.0,4325.0,71.0,75.0,22.0,266.0,13.0,24.78,2.76,5.81
2012/01/12,34.5,35.0,33.7,33.7,176.0,6006.0,-2.1771,0.3345,134.0,-18.0,0.0,0.0,-18.0,4319.0,37.0,42.0,4.0,270.0,8.0,24.24,2.7,5.93
2012/01/13,33.6,34.05,33.0,33.0,433.0,14391.0,-2.0772,0.823,261.0,-22.0,0.0,0.0,-22.0,4275.0,99.0,113.0,22.0,248.0,0.0,23.74,2.65,6.06
2012/01/16,34.8,34.8,33.65,33.7,334.0,11422.0,2.1212,0.6348,238.0,-18.0,0.0,-1.0,-19.0,4268.0,86.0,92.0,9.0,257.0,18.0,24.24,2.7,5.93
2012/01/17,34.0,34.8,34.0,34.3,254.0,8741.0,1.7804,0.4828,180.0,11.0,0.0,0.0,11.0,4239.0,59.0,85.0,23.0,244.0,10.0,24.68,2.75,5.83
2012/01/18,34.3,34.3,33.8,34.15,247.0,8425.0,-0.4373,0.4695,173.0,-22.0,0.0,0.0,-22.0,4192.0,40.0,72.0,27.0,217.0,0.0,24.57,2.74,5.86
2012/01/30,35.0,35.35,34.3,35.3,431.0,15047.0,3.3675,0.8192,265.0,17.0,0.0,0.0,17.0,4236.0,114.0,65.0,1.0,217.0,1.0,25.4,2.83,5.67
2012/01/31,35.5,37.7,35.05,37.7,887.0,32730.0,6.7989,1.6859,606.0,1.0,0.0,1.0,2.0,4322.0,296.0,208.0,2.0,221.0,7.0,27.12,3.02,5.31
2012/02/01,38.0,40.3,38.0,40.3,1550.0,61441.0,6.8966,2.946,815.0,15.0,0.0,0.0,15.0,4760.0,823.0,385.0,4.0,261.0,44.0,28.99,3.23,4.96
2012/02/02,41.8,43.0,40.8,41.7,2046.0,85993.0,3.4739,3.8888,1136.0,1.0,0.0,-1.0,0.0,4559.0,681.0,882.0,27.0,257.0,23.0,30.0,3.34,4.8
2012/02/03,41.9,43.8,40.55,42.65,1174.0,49556.0,2.2782,2.2314,711.0,15.0,0.0,-1.0,14.0,4531.0,407.0,433.0,14.0,259.0,16.0,29.83,3.33,4.69
2012/02/04,43.8,43.8,41.7,42.05,655.0,27844.0,-1.4068,1.2449,430.0,0.0,0.0,0.0,0.0,4493.0,267.0,305.0,3.0,262.0,7.0,29.41,3.28,4.76
2012/02/06,42.05,43.8,41.8,42.4,1196.0,51443.0,0.8323,2.2732,710.0,-6.0,0.0,0.0,-6.0,4600.0,365.0,246.0,3.0,272.0,14.0,29.65,3.31,4.72
2012/02/07,43.1,43.2,41.6,42.5,447.0,18951.0,0.2358,0.8496,282.0,-20.0,0.0,0.0,-20.0,4598.0,152.0,154.0,22.0,256.0,6.0,29.72,3.32,4.71
2012/02/08,43.0,43.6,42.5,43.35,597.0,25800.0,2.0,1.1347,377.0,35.0,0.0,1.0,36.0,4657.0,208.0,149.0,5.0,260.0,9.0,30.31,3.38,4.61
2012/02/09,43.6,45.6,43.35,44.3,1003.0,44742.0,2.1915,1.9064,683.0,-69.0,0.0,-1.0,-70.0,4746.0,421.0,303.0,2.0,270.0,13.0,30.98,3.46,4.51
2012/02/10,45.45,45.45,43.0,43.45,654.0,28640.0,-1.9187,1.243,413.0,7.0,0.0,0.0,7.0,4725.0,242.0,257.0,17.0,254.0,1.0,30.38,3.39,4.6
2012/02/13,43.4,46.45,42.85,46.45,1716.0,78043.0,6.9045,3.2616,987.0,2.0,0.0,2.0,4.0,4969.0,652.0,398.0,3.0,364.0,116.0,32.48,3.62,4.31
2012/02/14,48.4,49.7,48.4,49.7,1120.0,55151.0,6.9968,2.1288,464.0,-16.0,0.0,0.0,-16.0,5192.0,592.0,360.0,5.0,444.0,85.0,34.76,3.88,4.02
2012/02/15,51.9,53.1,51.0,52.0,4363.0,227865.0,4.6278,8.2926,2050.0,-31.0,0.0,-1.0,-32.0,5077.0,936.0,1050.0,20.0,513.0,89.0,36.36,4.06,3.85
2012/02/16,51.7,52.4,48.5,49.0,1474.0,75495.0,-5.7692,2.8016,859.0,-109.0,0.0,2.0,-107.0,4809.0,343.0,611.0,39.0,476.0,2.0,34.27,3.82,4.08
2012/02/17,50.1,52.0,48.8,50.3,1558.0,78218.0,2.6531,2.9612,845.0,-36.0,0.0,1.0,-35.0,4878.0,519.0,450.0,15.0,519.0,59.0,35.17,3.92,3.98
2012/02/20,50.5,51.4,49.5,50.0,741.0,37175.0,-0.5964,1.4084,448.0,-19.0,0.0,0.0,-19.0,4956.0,282.0,204.0,23.0,510.0,14.0,34.97,3.9,4.0
2012/02/21,50.3,51.5,49.85,50.4,1099.0,55728.0,0.8,2.0888,538.0,-34.0,0.0,-2.0,-36.0,5031.0,401.0,307.0,7.0,549.0,46.0,35.24,3.93,3.97
2012/02/22,50.5,52.1,50.2,51.3,850.0,43615.0,1.7857,1.6156,546.0,23.0,0.0,1.0,24.0,5123.0,437.0,327.0,3.0,562.0,16.0,35.87,4.0,3.9
2012/02/23,51.3,52.1,50.8,51.1,602.0,31041.0,-0.3899,1.1442,357.0,-27.0,0.0,0.0,-27.0,5302.0,343.0,147.0,3.0,568.0,9.0,35.73,3.99,3.91
2012/02/24,52.1,54.6,52.0,52.8,2754.0,147964.0,3.3268,5.2344,1101.0,-50.0,0.0,-1.0,-51.0,5812.0,1140.0,618.0,4.0,615.0,51.0,36.92,4.12,3.79
2012/02/29,52.5,53.2,51.9,52.8,2340.0,123649.0,0.0,4.4476,884.0,18.0,0.0,1.0,19.0,5641.0,636.0,807.0,25.0,619.0,29.0,36.92,4.12,3.79
2012/03/01,52.5,53.7,52.1,52.1,754.0,39800.0,-1.3258,1.4331,472.0,-4.0,0.0,13.0,9.0,5542.0,325.0,414.0,47.0,573.0,1.0,36.43,4.06,3.84
2012/03/02,52.1,53.4,52.0,52.6,953.0,50300.0,0.9597,1.8113,518.0,11.0,0.0,0.0,11.0,5715.0,456.0,283.0,2.0,579.0,8.0,36.78,4.1,3.8
2012/03/03,52.6,55.0,52.0,54.8,1371.0,73795.0,4.1825,2.6058,789.0,0.0,0.0,0.0,0.0,5829.0,661.0,547.0,7.0,599.0,27.0,38.32,4.27,3.65
2012/03/05,54.8,55.4,52.6,53.3,1007.0,54204.0,-2.7372,1.914,549.0,6.0,0.0,-1.0,5.0,5617.0,419.0,629.0,14.0,595.0,10.0,37.27,4.16,3.75
2012/03/06,53.0,53.2,49.6,49.6,1162.0,58398.0,-6.9418,2.2086,630.0,-15.0,0.0,2.0,-13.0,5225.0,295.0,687.0,39.0,556.0,0.0,34.69,3.87,4.03
2012/03/07,46.15,49.5,46.15,48.15,916.0,43168.0,-2.9234,1.741,520.0,62.0,0.0,0.0,62.0,5146.0,273.0,351.0,78.0,477.0,0.0,33.67,3.76,4.15
2012/03/08,48.5,49.0,47.8,48.5,451.0,21879.0,0.7269,0.8572,270.0,-26.0,0.0,-1.0,-27.0,5040.0,80.0,186.0,51.0,452.0,26.0,33.92,3.78,4.12
2012/03/09,48.9,49.5,48.5,48.5,943.0,46245.0,0.0,1.7923,462.0,-23.0,0.0,-1.0,-24.0,5090.0,219.0,169.0,19.0,457.0,24.0,33.92,3.78,4.12
2012/03/12,48.0,48.2,45.8,45.95,969.0,45260.0,-5.2577,1.8418,544.0,9.0,0.0,-12.0,-3.0,4884.0,217.0,423.0,65.0,392.0,0.0,32.13,3.58,4.35
2012/03/13,46.15,46.8,44.95,45.9,553.0,25288.0,-0.1088,1.0511,373.0,13.0,0.0,1.0,14.0,4809.0,173.0,238.0,27.0,419.0,54.0,32.1,3.58,4.36
2012/03/14,46.95,47.1,46.2,46.8,438.0,20472.0,1.9608,0.8325,328.0,33.0,0.0,2.0,35.0,4695.0,104.0,218.0,26.0,413.0,20.0,32.73,3.65,4.27
2012/03/15,47.5,47.5,45.1,46.35,257.0,11851.0,-0.9615,0.4885,190.0,23.0,0.0,0.0,23.0,4670.0,87.0,103.0,4.0,409.0,0.0,32.41,3.62,4.31
2012/03/16,46.35,47.4,46.35,46.75,283.0,13275.0,0.863,0.5379,209.0,-5.0,0.0,0.0,-5.0,4700.0,95.0,65.0,5.0,418.0,14.0,32.69,3.65,4.28
2012/03/19,46.75,47.5,46.5,46.5,222.0,10425.0,-0.5348,0.4219,142.0,-38.0,0.0,-1.0,-39.0,4731.0,85.0,41.0,0.0,421.0,4.0,32.52,3.63,4.3
2012/03/20,46.6,46.8,45.6,45.6,165.0,7645.0,-1.9355,0.3136,115.0,-21.0,0.0,0.0,-21.0,4683.0,12.0,57.0,3.0,418.0,0.0,31.89,3.56,4.39
2012/03/21,45.6,46.0,45.0,45.6,293.0,13320.0,0.0,0.5569,158.0,8.0,0.0,0.0,8.0,4674.0,63.0,70.0,26.0,427.0,35.0,31.89,3.56,4.39
2012/03/22,45.3,46.4,45.3,45.7,166.0,7631.0,0.2193,0.3155,104.0,-1.0,0.0,1.0,0.0,4703.0,48.0,19.0,26.0,418.0,17.0,31.96,3.56,4.38
2012/03/23,45.7,46.05,45.5,46.05,212.0,9719.0,0.7659,0.4029,136.0,22.0,0.0,0.0,22.0,4664.0,44.0,83.0,5.0,427.0,14.0,32.2,3.59,4.34
2012/03/26,46.3,46.3,45.55,45.7,113.0,5218.0,-0.76,0.2148,85.0,-7.0,0.0,-1.0,-8.0,4637.0,22.0,44.0,9.0,423.0,5.0,31.96,3.56,4.38
2012/03/27,45.8,46.0,45.2,45.2,215.0,9796.0,-1.0941,0.4086,136.0,-24.0,0.0,0.0,-24.0,4559.0,12.0,90.0,21.0,402.0,0.0,31.61,3.53,4.42
2012/03/28,45.2,45.2,44.5,44.5,282.0,12627.0,-1.5487,0.536,177.0,-5.0,0.0,0.0,-5.0,4530.0,43.0,72.0,38.0,380.0,16.0,31.12,3.47,2.25
2012/03/29,43.8,43.85,42.5,42.8,506.0,21845.0,-3.8202,0.9617,268.0,-9.0,0.0,0.0,-9.0,4504.0,105.0,131.0,32.0,348.0,0.0,29.93,3.34,2.34
2012/03/30,42.7,42.7,41.3,42.3,149.0,6286.0,-1.1682,0.2832,106.0,14.0,0.0,0.0,14.0,4502.0,26.0,28.0,3.0,345.0,0.0,29.58,3.3,2.36
2012/04/02,41.2,42.3,41.0,41.0,272.0,11267.0,-3.0733,0.517,156.0,2.0,0.0,-1.0,1.0,4531.0,79.0,44.0,6.0,339.0,0.0,28.67,3.19,2.44
2012/04/03,41.0,41.8,41.0,41.25,407.0,16755.0,0.6098,0.7736,230.0,-7.0,0.0,2.0,-5.0,4618.0,216.0,123.0,3.0,368.0,32.0,56.51,3.21,2.42
2012/04/05,40.55,40.95,38.8,40.0,338.0,13594.0,-3.0303,0.6424,167.0,-6.0,0.0,0.0,-6.0,4689.0,172.0,100.0,28.0,340.0,0.0,54.79,3.11,2.5
2012/04/06,40.0,42.8,40.0,42.7,446.0,18387.0,6.75,0.8477,277.0,20.0,0.0,-2.0,18.0,4622.0,95.0,162.0,13.0,340.0,13.0,58.49,3.32,2.34
2012/04/09,42.5,43.4,41.85,42.0,662.0,28348.0,-1.6393,1.2582,248.0,-45.0,0.0,0.0,-45.0,4550.0,181.0,253.0,38.0,321.0,19.0,57.53,3.26,2.38
2012/04/10,43.0,43.0,40.6,41.95,274.0,11487.0,-0.119,0.5208,198.0,16.0,0.0,-1.0,15.0,4497.0,51.0,104.0,22.0,314.0,15.0,57.47,3.26,2.38
2012/04/11,41.95,42.0,41.2,41.7,124.0,5181.0,-0.5959,0.2357,102.0,14.0,0.0,0.0,14.0,4479.0,37.0,48.0,12.0,303.0,1.0,57.12,3.24,2.4
2012/04/12,42.0,43.1,41.8,42.3,145.0,6196.0,1.4388,0.2756,144.0,65.0,0.0,0.0,65.0,4472.0,27.0,34.0,3.0,309.0,9.0,57.95,3.29,2.36
2012/04/13,42.4,44.6,42.4,44.3,437.0,19087.0,4.7281,0.8306,313.0,139.0,0.0,-2.0,137.0,4459.0,93.0,106.0,13.0,297.0,1.0,60.68,3.44,2.26
2012/04/16,44.0,44.5,43.15,44.1,225.0,9910.0,-0.4515,0.4277,111.0,3.0,0.0,0.0,3.0,4426.0,34.0,66.0,112.0,184.0,0.0,60.41,3.43,2.27
2012/04/17,44.15,44.15,41.7,41.85,225.0,9553.0,-5.102,0.4277,151.0,-14.0,0.0,0.0,-14.0,4338.0,42.0,130.0,53.0,131.0,0.0,57.33,3.25,2.39
2012/04/18,42.25,42.85,41.6,42.3,93.0,3919.0,1.0753,0.1768,73.0,-6.0,0.0,0.0,-6.0,4348.0,25.0,15.0,21.0,113.0,3.0,57.95,3.29,2.36
2012/04/19,41.45,42.4,41.0,42.4,137.0,5745.0,0.2364,0.2604,81.0,17.0,0.0,1.0,18.0,4317.0,16.0,42.0,77.0,31.0,0.0,58.08,3.29,2.36
2012/04/20,42.4,42.4,41.0,41.0,86.0,3598.0,-3.3019,0.1635,64.0,-21.0,0.0,0.0,-21.0,4315.0,13.0,14.0,27.0,0.0,0.0,56.16,3.19,2.44
2012/04/23,40.5,41.05,39.95,39.95,96.0,3879.0,-2.561,0.1825,67.0,-8.0,0.0,0.0,-8.0,4244.0,0.0,45.0,0.0,0.0,0.0,54.73,3.1,2.5
2012/04/24,39.9,41.0,39.4,39.95,107.0,4280.0,0.0,0.2034,88.0,5.0,0.0,0.0,5.0,4235.0,0.0,8.0,0.0,0.0,0.0,54.73,3.1,2.5
2012/04/25,40.0,40.8,40.0,40.7,56.0,2292.0,1.8773,0.1064,39.0,15.0,0.0,0.0,15.0,4233.0,0.0,2.0,0.0,0.0,0.0,55.75,3.16,2.46
2012/04/26,41.0,41.1,39.6,40.0,83.0,3356.0,-1.7199,0.1578,58.0,5.0,0.0,-1.0,4.0,4234.0,20.0,19.0,0.0,0.0,0.0,54.79,3.11,2.5
2012/04/27,40.4,40.4,39.0,39.25,100.0,3938.0,-1.875,0.1901,67.0,-19.0,0.0,0.0,-19.0,4236.0,20.0,18.0,0.0,8.0,8.0,53.77,3.05,2.55
2012/04/30,39.25,39.25,38.5,39.0,56.0,2179.0,-0.6369,0.1064,48.0,-2.0,0.0,0.0,-2.0,4217.0,14.0,15.0,0.0,10.0,2.0,53.42,3.03,2.56
2012/05/02,39.0,41.1,39.0,40.8,127.0,5115.0,4.6154,0.2414,96.0,22.0,0.0,0.0,22.0,4245.0,45.0,17.0,0.0,38.0,28.0,55.89,3.2,2.45
2012/05/03,42.3,42.3,40.7,40.8,133.0,5491.0,0.0,0.2528,100.0,-28.0,0.0,0.0,-28.0,4245.0,28.0,28.0,0.0,49.0,11.0,83.27,3.2,2.45
2012/05/04,40.8,41.6,40.5,40.85,130.0,5340.0,0.1225,0.2471,98.0,-23.0,0.0,0.0,-23.0,4257.0,41.0,23.0,6.0,52.0,9.0,83.37,3.2,2.45
2012/05/07,40.0,40.0,39.3,39.8,116.0,4593.0,-2.5704,0.2205,77.0,-7.0,0.0,0.0,-7.0,4257.0,41.0,41.0,5.0,47.0,0.0,81.22,3.12,2.51
2012/05/08,40.4,40.4,39.5,39.75,81.0,3230.0,-0.1256,0.154,56.0,-32.0,0.0,0.0,-32.0,4251.0,16.0,17.0,3.0,47.0,3.0,81.12,3.12,2.52
2012/05/09,39.75,39.75,39.05,39.4,72.0,2821.0,-0.8805,0.1368,54.0,-3.0,0.0,0.0,-3.0,4231.0,10.0,21.0,3.0,44.0,0.0,80.41,3.09,2.54
2012/05/10,39.2,39.6,39.1,39.3,88.0,3457.0,-0.2538,0.1673,56.0,-13.0,0.0,0.0,-13.0,4208.0,6.0,29.0,0.0,46.0,2.0,80.2,3.08,2.54
2012/05/11,39.3,39.3,39.0,39.2,68.0,2683.0,-0.2545,0.1292,44.0,-18.0,0.0,-1.0,-19.0,4199.0,12.0,17.0,0.0,48.0,2.0,80.0,3.07,2.55
2012/05/14,39.0,39.2,38.8,38.8,53.0,2075.0,-1.0204,0.1007,41.0,-15.0,0.0,0.0,-15.0,4195.0,9.0,13.0,0.0,48.0,0.0,79.18,3.04,2.58
2012/05/15,38.8,38.8,37.55,38.25,68.0,2608.0,-1.4175,0.1292,56.0,-5.0,0.0,0.0,-5.0,4179.0,10.0,25.0,0.0,48.0,0.0,78.06,3.0,2.61
2012/05/16,38.25,38.25,36.95,36.95,82.0,3071.0,-3.3987,0.1559,49.0,-1.0,0.0,0.0,-1.0,4144.0,7.0,35.0,0.0,48.0,0.0,75.41,2.9,2.71
2012/05/17,36.95,37.8,36.8,37.8,115.0,4281.0,2.3004,0.2186,82.0,-11.0,0.0,0.0,-11.0,4169.0,36.0,4.0,0.0,53.0,5.0,77.14,2.96,2.65
2012/05/18,37.0,37.6,36.1,36.1,77.0,2808.0,-4.4974,0.1464,53.0,-5.0,0.0,0.0,-5.0,4154.0,21.0,34.0,3.0,50.0,0.0,73.67,2.83,2.77
2012/05/21,36.45,36.8,36.0,36.0,83.0,3018.0,-0.277,0.1578,48.0,-3.0,0.0,0.0,-3.0,4139.0,5.0,20.0,0.0,57.0,7.0,73.47,2.82,2.78
2012/05/22,36.65,36.65,36.0,36.5,70.0,2535.0,1.3889,0.133,54.0,2.0,0.0,0.0,2.0,4135.0,7.0,7.0,5.0,62.0,10.0,74.49,2.86,2.74
2012/05/23,35.6,36.0,35.4,35.7,74.0,2629.0,-2.1918,0.1406,56.0,-3.0,0.0,0.0,-3.0,4140.0,17.0,8.0,9.0,53.0,0.0,72.86,2.8,2.8
2012/05/24,35.7,36.0,34.9,34.9,61.0,2156.0,-2.2409,0.1159,38.0,4.0,0.0,0.0,4.0,4141.0,14.0,12.0,0.0,55.0,2.0,71.22,2.74,2.87
2012/05/25,35.0,35.0,34.15,34.5,114.0,3983.0,-1.1461,0.2167,59.0,-5.0,0.0,0.0,-5.0,4122.0,10.0,27.0,1.0,54.0,0.0,70.41,2.7,2.9
2012/05/28,34.5,36.85,34.3,36.0,110.0,3860.0,4.3478,0.2091,77.0,5.0,0.0,0.0,5.0,4088.0,39.0,73.0,2.0,55.0,3.0,73.47,2.82,2.78
2012/05/29,36.0,38.5,36.0,38.5,214.0,8115.0,6.9444,0.4067,155.0,8.0,0.0,0.0,8.0,4082.0,75.0,81.0,0.0,67.0,12.0,78.57,3.02,2.6
2012/05/30,40.3,40.3,38.6,39.5,202.0,7937.0,2.5974,0.3839,150.0,-16.0,0.0,0.0,-16.0,4087.0,43.0,38.0,1.0,74.0,8.0,80.61,3.1,2.53
2012/05/31,39.3,39.3,38.0,39.0,71.0,2756.0,-1.2658,0.1349,65.0,-1.0,0.0,0.0,-1.0,4082.0,10.0,15.0,4.0,70.0,0.0,79.59,3.06,2.56
2012/06/01,38.75,38.95,38.1,38.35,43.0,1667.0,-1.6667,0.0817,43.0,6.0,0.0,0.0,6.0,4063.0,6.0,23.0,1.0,69.0,0.0,78.27,3.01,2.61
2012/06/04,36.8,38.15,35.7,36.1,114.0,4118.0,-5.867,0.2167,81.0,1.0,0.0,0.0,1.0,4063.0,37.0,37.0,6.0,63.0,0.0,73.67,2.83,2.77
2012/06/05,36.5,38.25,36.5,37.0,148.0,5528.0,2.4931,0.2813,121.0,4.0,0.0,0.0,4.0,4047.0,19.0,35.0,0.0,71.0,8.0,75.51,2.9,2.7
2012/06/06,37.6,37.6,36.55,37.0,83.0,3081.0,0.0,0.1578,42.0,4.0,0.0,0.0,4.0,4030.0,36.0,52.0,1.0,71.0,1.0,75.51,2.9,2.7
2012/06/07,37.55,37.6,36.8,37.1,53.0,2007.0,0.2703,0.1007,48.0,3.0,0.0,0.0,3.0,4040.0,18.0,7.0,1.0,73.0,3.0,75.71,2.91,2.7
2012/06/08,37.1,37.55,36.6,36.85,21.0,785.0,-0.6739,0.0399,23.0,-1.0,0.0,0.0,-1.0,4041.0,7.0,4.0,0.0,73.0,0.0,75.2,2.89,2.71
2012/06/11,37.7,37.7,36.5,36.85,33.0,1217.0,0.0,0.0627,30.0,7.0,0.0,0.0,7.0,4048.0,11.0,4.0,0.0,73.0,0.0,75.2,2.89,2.71
2012/06/12,36.8,36.8,36.2,36.4,19.0,691.0,-1.2212,0.0361,17.0,4.0,0.0,0.0,4.0,4046.0,2.0,4.0,1.0,72.0,0.0,74.29,2.85,2.75
2012/06/13,36.85,37.55,36.4,36.5,50.0,1834.0,0.2747,0.095,47.0,6.0,0.0,0.0,6.0,4048.0,7.0,3.0,3.0,80.0,11.0,74.49,2.86,2.74
2012/06/14,36.5,36.9,36.5,36.7,28.0,1024.0,0.5479,0.0532,21.0,-1.0,0.0,0.0,-1.0,4047.0,0.0,1.0,9.0,72.0,1.0,74.9,2.88,2.72
2012/06/15,36.6,37.25,36.4,37.25,98.0,3597.0,1.4986,0.1863,57.0,7.0,0.0,0.0,7.0,4057.0,19.0,9.0,14.0,58.0,0.0,76.02,2.92,2.68
2012/06/18,37.65,38.7,37.25,38.2,166.0,6337.0,2.5503,0.3155,134.0,10.0,0.0,0.0,10.0,4063.0,54.0,48.0,2.0,62.0,6.0,77.96,2.99,2.62
2012/06/19,38.7,38.8,38.0,38.0,103.0,3965.0,-0.5236,0.1958,76.0,3.0,0.0,0.0,3.0,4080.0,46.0,29.0,0.0,65.0,3.0,77.55,2.98,2.63
2012/06/20,38.2,39.2,38.2,39.0,194.0,7538.0,2.6316,0.3687,142.0,10.0,0.0,0.0,10.0,4109.0,72.0,43.0,1.0,72.0,8.0,79.59,3.06,2.56
2012/06/21,41.2,41.2,39.4,39.5,362.0,14518.0,1.2821,0.688,272.0,5.0,0.0,0.0,5.0,4103.0,94.0,100.0,3.0,84.0,15.0,80.61,3.1,2.53
2012/06/22,39.0,40.65,39.0,40.05,472.0,18932.0,1.3924,0.8971,321.0,-1.0,0.0,0.0,-1.0,4226.0,205.0,82.0,13.0,79.0,8.0,81.73,3.14,2.5
2012/06/25,40.05,41.2,39.8,40.15,277.0,11207.0,0.2497,0.5265,208.0,0.0,0.0,0.0,0.0,4230.0,100.0,91.0,0.0,91.0,12.0,81.94,3.15,2.49
2012/06/26,40.2,40.2,39.1,39.3,140.0,5537.0,-2.1171,0.2661,107.0,1.0,0.0,0.0,1.0,4254.0,71.0,47.0,0.0,91.0,0.0,80.2,3.08,2.54
2012/06/27,39.4,40.0,39.2,39.2,136.0,5396.0,-0.2545,0.2585,126.0,12.0,0.0,0.0,12.0,4279.0,63.0,38.0,7.0,85.0,1.0,80.0,3.07,2.55
2012/06/28,39.3,39.8,39.2,39.2,65.0,2564.0,0.0,0.1235,66.0,0.0,0.0,0.0,0.0,4242.0,15.0,25.0,10.0,76.0,1.0,80.0,3.07,2.55
2012/06/29,38.65,39.75,38.65,39.3,81.0,3179.0,0.2551,0.154,61.0,7.0,0.0,0.0,7.0,4264.0,32.0,10.0,11.0,65.0,0.0,80.2,3.08,2.54
2012/07/02,39.85,40.55,39.7,40.2,189.0,7603.0,2.2901,0.3592,134.0,18.0,0.0,0.0,18.0,4250.0,68.0,81.0,0.0,72.0,7.0,82.04,3.15,2.49
2012/07/03,40.2,40.85,40.1,40.15,200.0,8087.0,-0.1244,0.3801,119.0,7.0,0.0,0.0,7.0,4246.0,36.0,40.0,0.0,88.0,16.0,81.94,3.15,2.49
2012/07/04,40.5,40.7,40.0,40.0,85.0,3445.0,-0.3736,0.1616,70.0,4.0,0.0,0.0,4.0,4228.0,14.0,29.0,3.0,85.0,0.0,81.63,3.13,2.5
2012/07/05,40.3,40.5,39.95,40.15,103.0,4138.0,0.375,0.1958,64.0,7.0,0.0,0.0,7.0,4250.0,41.0,17.0,0.0,88.0,3.0,81.94,3.15,2.49
2012/07/06,40.0,40.05,39.1,39.2,101.0,4005.0,-2.3661,0.192,69.0,-9.0,0.0,0.0,-9.0,4250.0,40.0,33.0,4.0,84.0,0.0,80.0,3.07,2.55
2012/07/09,39.2,39.8,38.75,38.95,45.0,1762.0,-0.6378,0.0855,34.0,-7.0,0.0,0.0,-7.0,4206.0,6.0,20.0,0.0,85.0,1.0,79.49,3.05,2.57
2012/07/10,38.95,39.1,38.2,38.7,114.0,4407.0,-0.6418,0.2167,49.0,-7.0,0.0,0.0,-7.0,4181.0,32.0,56.0,2.0,83.0,0.0,78.98,3.03,2.58
2012/07/11,39.3,40.2,39.15,39.55,184.0,7315.0,2.1964,0.3497,137.0,5.0,0.0,0.0,5.0,4181.0,38.0,38.0,5.0,81.0,3.0,80.71,3.1,2.53
2012/07/12,40.5,40.5,38.9,38.9,83.0,3283.0,-1.6435,0.1578,74.0,-11.0,0.0,0.0,-11.0,4187.0,27.0,21.0,0.0,82.0,1.0,79.39,3.05,2.57
2012/07/13,38.9,39.5,38.1,38.1,53.0,2041.0,-2.0566,0.1007,42.0,-6.0,0.0,0.0,-6.0,4180.0,7.0,13.0,16.0,65.0,0.0,77.76,2.99,2.62
2012/07/16,38.2,38.3,37.5,38.15,58.0,2218.0,0.1312,0.1102,42.0,-6.0,0.0,0.0,-6.0,4191.0,28.0,17.0,0.0,68.0,3.0,77.86,2.99,2.62
2012/07/17,38.15,38.65,38.0,38.15,80.0,3054.0,0.0,0.1521,57.0,-4.0,0.0,0.0,-4.0,4199.0,48.0,10.0,3.0,65.0,0.0,77.86,2.99,2.62
2012/07/18,38.15,38.45,37.8,37.8,41.0,1562.0,-0.9174,0.0779,37.0,0.0,0.0,0.0,0.0,4183.0,11.0,25.0,1.0,64.0,0.0,77.14,2.96,2.65
2012/07/19,38.25,38.6,38.05,38.25,33.0,1264.0,1.1905,0.0627,27.0,6.0,0.0,0.0,6.0,4172.0,9.0,14.0,2.0,62.0,0.0,78.06,3.0,2.61
2012/07/20,38.3,38.65,37.6,38.0,57.0,2196.0,-0.6536,0.1083,43.0,-1.0,0.0,0.0,-1.0,4150.0,13.0,23.0,10.0,52.0,0.0,77.55,2.98,2.63
2012/07/23,37.6,38.6,37.3,37.5,48.0,1815.0,-1.3158,0.0912,29.0,-5.0,0.0,0.0,-5.0,4045.0,13.0,37.0,3.0,48.0,0.0,76.53,2.94,2.67
2012/07/24,37.3,37.3,36.0,36.6,81.0,2973.0,-2.4,0.154,66.0,-8.0,0.0,0.0,-8.0,4035.0,25.0,30.0,16.0,32.0,0.0,74.69,2.87,2.73
2012/07/25,35.6,37.2,35.6,36.65,74.0,2723.0,0.1366,0.1406,67.0,6.0,0.0,0.0,6.0,4008.0,10.0,29.0,0.0,32.0,0.0,74.8,2.87,2.73
2012/07/26,36.9,38.0,36.7,38.0,85.0,3183.0,3.6835,0.1616,66.0,4.0,0.0,0.0,4.0,4014.0,42.0,34.0,1.0,38.0,7.0,77.55,2.98,2.63
2012/07/27,38.1,38.75,37.6,38.1,80.0,3049.0,0.2632,0.1521,64.0,-1.0,0.0,0.0,-1.0,4022.0,21.0,12.0,4.0,34.0,0.0,77.76,2.99,2.62
2012/07/30,38.1,38.2,37.8,37.8,30.0,1139.0,-0.7874,0.057,27.0,1.0,0.0,0.0,1.0,4014.0,6.0,14.0,3.0,31.0,0.0,77.14,2.96,2.65
2012/07/31,37.8,38.15,37.7,38.1,69.0,2618.0,0.7937,0.1311,46.0,5.0,0.0,0.0,5.0,4018.0,19.0,15.0,10.0,21.0,0.0,77.76,2.99,2.62
2012/08/01,37.6,38.25,37.6,37.9,84.0,3193.0,-0.5249,0.1597,44.0,1.0,0.0,0.0,1.0,3987.0,12.0,43.0,14.0,7.0,0.0,77.35,2.97,2.64
2012/08/03,38.5,38.5,37.8,37.8,56.0,2162.0,-0.2639,0.1064,40.0,0.0,0.0,0.0,0.0,3971.0,0.0,16.0,5.0,0.0,0.0,77.14,2.96,2.65
2012/08/06,38.2,38.5,37.2,37.4,67.0,2537.0,-1.0582,0.1273,62.0,0.0,0.0,0.0,0.0,3926.0,0.0,27.0,0.0,0.0,0.0,76.33,2.93,2.67
2012/08/07,37.2,37.5,36.2,36.25,224.0,8220.0,-3.0749,0.4258,133.0,-7.0,0.0,4.0,-3.0,3886.0,0.0,39.0,0.0,0.0,0.0,73.98,2.84,2.76
2012/08/08,36.0,36.6,35.65,36.4,162.0,5878.0,3.1724,0.3079,108.0,0.0,0.0,-4.0,-4.0,3922.0,43.0,7.0,0.0,24.0,24.0,74.29,2.85,2.75
2012/08/09,37.2,37.2,35.9,36.5,81.0,2972.0,0.2747,0.154,59.0,7.0,0.0,0.0,7.0,3906.0,13.0,24.0,0.0,32.0,8.0,74.49,2.86,2.74
2012/08/10,36.55,37.15,36.55,36.75,77.0,2837.0,0.6849,0.1464,60.0,5.0,0.0,1.0,6.0,3842.0,14.0,31.0,0.0,37.0,5.0,75.0,2.88,2.72
2012/08/13,36.65,36.9,36.05,36.2,84.0,3075.0,-1.4966,0.1597,58.0,-7.0,0.0,0.0,-7.0,3813.0,18.0,36.0,0.0,37.0,0.0,73.88,2.84,2.76
2012/08/14,36.2,36.55,36.0,36.35,74.0,2699.0,0.4144,0.1406,58.0,-3.0,0.0,1.0,-2.0,3801.0,21.0,21.0,3.0,35.0,1.0,74.18,2.85,2.75
2012/08/15,36.5,36.5,36.05,36.1,42.0,1521.0,-0.6878,0.0798,30.0,-1.0,0.0,0.0,-1.0,3785.0,12.0,7.0,7.0,28.0,0.0,73.67,2.83,2.77
2012/08/16,36.1,36.8,36.1,36.6,161.0,5880.0,1.385,0.306,99.0,3.0,0.0,0.0,3.0,3740.0,33.0,77.0,1.0,28.0,1.0,74.69,2.87,2.73
2012/08/17,36.8,37.2,36.3,36.3,56.0,2057.0,-0.8197,0.1064,48.0,0.0,0.0,1.0,1.0,3739.0,13.0,14.0,0.0,32.0,4.0,74.08,2.84,2.75
2012/08/20,36.2,36.25,35.8,35.85,54.0,1947.0,-1.2397,0.1026,41.0,-6.0,0.0,0.0,-6.0,3722.0,18.0,29.0,1.0,31.0,0.0,73.16,2.81,2.79
2012/08/21,36.2,36.25,35.2,35.7,101.0,3620.0,-0.4184,0.192,71.0,-3.0,0.0,1.0,-2.0,3705.0,29.0,45.0,5.0,26.0,0.0,72.86,2.8,2.8
2012/08/22,36.15,38.0,36.15,37.2,509.0,18902.0,4.2017,0.9674,360.0,15.0,0.0,0.0,15.0,3755.0,165.0,115.0,0.0,42.0,16.0,75.92,2.92,2.69
2012/08/23,37.2,37.7,36.9,36.9,211.0,7853.0,-0.8065,0.401,160.0,-7.0,0.0,0.0,-7.0,3766.0,60.0,49.0,4.0,38.0,0.0,75.31,2.89,2.71
2012/08/24,36.9,39.45,36.9,39.45,512.0,19884.0,6.9106,0.9731,306.0,3.0,0.0,0.0,3.0,3749.0,96.0,110.0,0.0,53.0,15.0,80.51,3.09,2.53
2012/08/27,40.5,41.45,40.15,40.9,1469.0,59971.0,3.6755,2.7921,885.0,1.0,0.0,0.0,1.0,4052.0,572.0,267.0,3.0,106.0,56.0,83.47,3.21,2.44
2012/08/28,41.0,41.0,39.6,39.6,421.0,16888.0,-3.1785,0.8002,289.0,-12.0,0.0,0.0,-12.0,4032.0,126.0,146.0,45.0,61.0,0.0,80.82,3.1,2.53
2012/08/29,39.1,40.05,39.1,39.75,244.0,9721.0,0.3788,0.4638,158.0,9.0,0.0,0.0,9.0,4058.0,121.0,93.0,2.0,69.0,11.0,81.12,3.12,2.52
2012/08/30,40.95,41.5,40.3,40.4,490.0,20006.0,1.6352,0.9313,348.0,-20.0,0.0,-2.0,-22.0,4071.0,213.0,199.0,2.0,75.0,8.0,82.45,3.17,2.48
2012/08/31,40.5,41.0,39.85,40.0,212.0,8547.0,-0.9901,0.4029,169.0,2.0,0.0,0.0,2.0,4079.0,98.0,90.0,9.0,69.0,3.0,81.63,3.13,2.5
2012/09/03,40.4,40.4,39.5,39.75,155.0,6164.0,-0.625,0.2946,134.0,14.0,0.0,0.0,14.0,4093.0,75.0,61.0,2.0,67.0,0.0,81.12,3.37,2.52
2012/09/04,40.35,40.35,39.7,39.8,91.0,3637.0,0.1258,0.173,71.0,0.0,0.0,0.0,0.0,4069.0,13.0,37.0,1.0,69.0,3.0,40.61,3.37,2.51
2012/09/05,39.7,39.8,39.3,39.3,132.0,5217.0,-1.2563,0.2509,70.0,5.0,0.0,0.0,5.0,4044.0,55.0,80.0,1.0,72.0,4.0,40.1,3.33,2.54
2012/09/06,39.3,39.65,37.7,37.95,219.0,8418.0,-3.4351,0.4162,134.0,-4.0,0.0,0.0,-4.0,4010.0,90.0,124.0,18.0,55.0,1.0,38.72,3.22,2.64
2012/09/07,38.25,38.5,37.8,38.3,194.0,7397.0,0.9223,0.3687,110.0,0.0,0.0,0.0,0.0,3973.0,63.0,94.0,8.0,56.0,9.0,39.08,3.25,2.61
2012/09/10,38.1,38.7,37.85,37.85,152.0,5842.0,-1.1749,0.2889,110.0,-8.0,0.0,0.0,-8.0,3981.0,61.0,52.0,1.0,55.0,0.0,38.62,3.21,2.64
2012/09/11,38.05,38.1,37.7,38.0,87.0,3318.0,0.3963,0.1654,60.0,2.0,0.0,-1.0,1.0,3979.0,16.0,17.0,2.0,54.0,1.0,38.78,3.22,2.63
2012/09/12,38.0,39.0,38.0,38.5,228.0,8783.0,1.3158,0.4334,137.0,16.0,0.0,1.0,17.0,3946.0,64.0,97.0,1.0,55.0,2.0,39.29,3.26,2.6
2012/09/13,38.75,38.75,38.0,38.4,111.0,4245.0,-0.2597,0.211,71.0,-4.0,0.0,1.0,-3.0,3938.0,31.0,29.0,1.0,54.0,0.0,39.18,3.25,2.6
2012/09/14,38.8,39.3,38.65,39.05,196.0,7669.0,1.6927,0.3725,139.0,-6.0,0.0,0.0,-6.0,3963.0,88.0,63.0,4.0,54.0,4.0,39.85,3.31,2.56
2012/09/17,39.4,39.4,39.05,39.1,275.0,10778.0,0.128,0.5227,110.0,1.0,0.0,0.0,1.0,3904.0,65.0,123.0,0.0,67.0,13.0,39.9,3.31,2.56
2012/09/18,39.1,39.25,39.0,39.1,148.0,5793.0,0.0,0.2813,67.0,0.0,0.0,0.0,0.0,3852.0,28.0,80.0,0.0,70.0,3.0,39.9,3.31,2.56
2012/09/19,39.5,39.5,38.9,39.15,131.0,5133.0,0.1279,0.249,74.0,0.0,0.0,0.0,0.0,3860.0,45.0,37.0,0.0,70.0,0.0,39.95,3.32,2.55
2012/09/20,39.3,39.3,38.4,38.85,85.0,3295.0,-0.7663,0.1616,63.0,1.0,0.0,1.0,2.0,3828.0,17.0,49.0,4.0,66.0,0.0,39.64,3.29,2.57
2012/09/21,38.5,39.2,38.3,38.35,347.0,13413.0,-1.287,0.6595,223.0,-207.0,0.0,0.0,-207.0,3882.0,110.0,56.0,0.0,68.0,2.0,39.13,3.25,2.61
2012/09/24,38.3,38.5,38.2,38.45,105.0,4031.0,0.2608,0.1996,76.0,0.0,0.0,-1.0,-1.0,3880.0,12.0,13.0,0.0,69.0,1.0,39.23,3.26,2.6
2012/09/25,38.5,40.1,38.5,39.6,533.0,21146.0,2.9909,1.0131,360.0,12.0,0.0,0.0,12.0,3839.0,181.0,222.0,0.0,70.0,1.0,40.41,3.36,2.53
2012/09/26,39.6,42.0,39.05,41.15,1009.0,40970.0,3.9141,1.9178,662.0,10.0,0.0,0.0,10.0,3994.0,377.0,222.0,1.0,88.0,19.0,41.99,3.49,2.43
2012/09/27,41.25,44.0,41.15,44.0,2414.0,104088.0,6.9259,4.5882,1431.0,4.0,0.0,1.0,5.0,4056.0,746.0,640.0,1.0,199.0,112.0,44.9,3.73,2.27
2012/09/28,44.3,45.0,43.6,43.65,1375.0,60768.0,-0.7955,2.6134,859.0,-4.0,0.0,0.0,-4.0,4099.0,477.0,433.0,13.0,218.0,32.0,44.54,3.7,2.29
2012/10/01,43.7,44.9,43.65,44.25,718.0,31790.0,1.3746,1.1788,469.0,1.0,0.0,0.0,1.0,4126.0,311.0,284.0,14.0,249.0,45.0,45.15,3.75,2.26
2012/10/02,44.25,45.5,43.9,45.0,937.0,41641.0,1.6949,1.5383,539.0,-10.0,0.0,-1.0,-11.0,4081.0,293.0,336.0,4.0,273.0,30.0,45.92,3.81,2.22
2012/10/03,45.0,47.5,45.0,46.45,1797.0,83704.0,3.2222,2.9502,1053.0,-1.0,0.0,0.0,-1.0,4064.0,475.0,492.0,7.0,436.0,170.0,47.4,3.94,2.15
2012/10/04,46.45,47.1,45.55,47.0,1095.0,50900.0,1.1841,1.7977,573.0,-14.0,0.0,1.0,-13.0,3957.0,245.0,352.0,43.0,461.0,69.0,47.96,3.98,2.13
2012/10/05,47.0,48.7,46.8,48.3,1645.0,78865.0,2.766,2.7007,996.0,3.0,0.0,0.0,3.0,3926.0,371.0,402.0,33.0,589.0,161.0,49.29,4.09,2.07
2012/10/08,50.0,51.4,49.2,49.9,2828.0,142312.0,3.3126,4.6428,1650.0,-1.0,0.0,0.0,-1.0,4374.0,992.0,533.0,38.0,812.0,261.0,50.92,4.23,2.0
2012/10/09,49.9,50.2,48.2,48.3,1240.0,60956.0,-3.2064,2.0358,694.0,33.0,0.0,0.0,33.0,4204.0,338.0,507.0,197.0,642.0,27.0,49.29,4.09,2.07
2012/10/11,48.1,49.4,47.3,48.7,861.0,41715.0,0.8282,1.4135,588.0,13.0,0.0,-1.0,12.0,4214.0,191.0,181.0,62.0,744.0,164.0,49.69,4.13,2.05
2012/10/12,48.9,49.9,48.7,49.55,1110.0,54842.0,1.7454,1.8223,669.0,-11.0,0.0,0.0,-11.0,4188.0,303.0,329.0,22.0,931.0,209.0,58.29,4.86,2.02
2012/10/15,49.55,49.55,46.1,46.5,1121.0,52825.0,-6.1554,1.8404,615.0,86.0,0.0,2.0,88.0,4108.0,217.0,295.0,254.0,672.0,2.0,54.71,4.56,2.15
2012/10/16,46.6,47.5,46.2,47.1,772.0,36219.0,1.2903,1.2674,502.0,84.0,0.0,0.0,84.0,4194.0,157.0,71.0,70.0,932.0,341.0,55.41,4.62,2.12
2012/10/17,47.5,47.7,46.8,47.5,341.0,16141.0,0.8493,0.5598,221.0,11.0,0.0,0.0,11.0,4157.0,69.0,88.0,31.0,973.0,72.0,55.88,4.66,2.11
2012/10/18,47.5,47.9,47.2,47.6,397.0,18861.0,0.2105,0.6518,236.0,36.0,0.0,0.0,36.0,4142.0,101.0,116.0,35.0,1039.0,102.0,56.0,4.67,2.1
2012/10/19,47.3,48.0,47.2,48.0,305.0,14585.0,0.8403,0.5007,208.0,7.0,0.0,0.0,7.0,4168.0,70.0,44.0,89.0,1011.0,61.0,56.47,4.71,2.08
2012/10/22,47.5,48.5,47.5,48.0,424.0,20376.0,0.0,0.6961,238.0,-6.0,0.0,-2.0,-8.0,4202.0,101.0,59.0,41.0,1066.0,96.0,56.47,4.71,2.08
2012/10/23,48.0,49.6,47.7,48.2,714.0,34760.0,0.4167,1.1722,427.0,-28.0,0.0,-2.0,-30.0,4254.0,174.0,122.0,65.0,1116.0,115.0,56.71,4.73,2.07
2012/10/24,48.05,48.5,47.5,47.5,391.0,18799.0,-1.4523,0.6419,252.0,-1.0,0.0,0.0,-1.0,4229.0,115.0,140.0,95.0,1054.0,34.0,55.88,4.66,2.11
2012/10/25,47.5,47.65,45.4,46.0,572.0,26488.0,-3.1579,0.9391,344.0,24.0,0.0,0.0,24.0,4134.0,111.0,202.0,187.0,876.0,9.0,54.12,4.51,2.17
2012/10/26,46.0,46.0,43.5,43.7,566.0,25141.0,-5.0,0.9292,306.0,45.0,0.0,1.0,46.0,3976.0,43.0,194.0,226.0,652.0,2.0,51.41,4.29,2.29
2012/10/29,41.2,43.0,40.65,40.65,954.0,39204.0,-6.9794,1.5662,345.0,43.0,0.0,0.0,43.0,3966.0,332.0,334.0,182.0,469.0,0.0,47.82,3.99,2.46
2012/10/30,40.65,41.7,40.25,40.9,352.0,14455.0,0.615,0.5779,225.0,28.0,0.0,1.0,29.0,3953.0,67.0,78.0,54.0,542.0,127.0,48.12,4.01,2.44
2012/10/31,41.45,41.45,40.4,40.65,125.0,5112.0,-0.6112,0.2052,109.0,-7.0,0.0,0.0,-7.0,3934.0,21.0,40.0,28.0,538.0,24.0,47.82,3.99,2.46
2012/11/01,40.0,42.05,39.5,42.0,352.0,14432.0,3.321,0.5779,223.0,7.0,0.0,0.0,7.0,3855.0,28.0,81.0,160.0,404.0,27.0,49.41,2.49,2.38
2012/11/02,43.4,43.5,41.5,41.7,200.0,8543.0,-0.7143,0.3283,145.0,-47.0,0.0,0.0,-47.0,3866.0,43.0,17.0,33.0,405.0,35.0,60.43,2.48,2.4
2012/11/05,41.7,42.5,41.4,41.5,153.0,6421.0,-0.4796,0.2512,102.0,-25.0,0.0,0.0,-25.0,3860.0,39.0,32.0,26.0,387.0,8.0,60.14,2.46,2.41
2012/11/06,41.3,42.2,41.25,41.9,106.0,4418.0,0.9639,0.174,83.0,-7.0,0.0,0.0,-7.0,3868.0,31.0,21.0,18.0,376.0,7.0,60.72,2.49,2.39
2012/11/07,42.1,43.0,41.9,42.8,336.0,14364.0,2.148,0.5516,248.0,-25.0,0.0,-1.0,-26.0,3913.0,103.0,50.0,24.0,368.0,16.0,62.03,2.54,2.34
2012/11/08,42.3,42.6,41.8,41.9,217.0,9198.0,-2.1028,0.3563,137.0,-10.0,0.0,-1.0,-11.0,3902.0,32.0,43.0,27.0,341.0,0.0,60.72,2.49,2.39
2012/11/09,41.3,42.5,41.3,42.25,130.0,5501.0,0.8353,0.2134,107.0,11.0,0.0,0.0,11.0,3877.0,46.0,44.0,10.0,331.0,0.0,61.23,2.51,2.37
2012/11/12,42.25,42.95,41.6,41.6,103.0,4356.0,-1.5385,0.1691,77.0,-25.0,0.0,0.0,-25.0,3872.0,35.0,35.0,1.0,331.0,1.0,60.29,2.47,2.4
2012/11/13,41.9,41.9,40.0,40.2,207.0,8460.0,-3.3654,0.3398,150.0,-22.0,0.0,0.0,-22.0,3842.0,20.0,49.0,42.0,290.0,1.0,58.26,2.39,2.49
2012/11/14,40.1,40.7,39.0,40.15,170.0,6804.0,-0.1244,0.2791,120.0,38.0,0.0,0.0,38.0,3824.0,19.0,37.0,10.0,283.0,3.0,58.19,2.38,2.49
2012/11/15,40.0,40.85,39.8,39.85,138.0,5544.0,-0.7472,0.2266,97.0,-9.0,0.0,0.0,-9.0,3839.0,33.0,18.0,13.0,274.0,4.0,57.75,2.37,2.51
2012/11/16,39.85,40.3,39.1,39.45,144.0,5729.0,-1.0038,0.2364,115.0,-2.0,0.0,0.0,-2.0,3812.0,9.0,35.0,7.0,275.0,8.0,57.17,2.34,2.53
2012/11/19,39.5,39.75,38.8,38.8,169.0,6633.0,-1.6477,0.2775,104.0,-12.0,0.0,0.0,-12.0,3794.0,15.0,31.0,3.0,272.0,0.0,56.23,2.3,2.58
2012/11/20,39.4,39.75,38.8,38.8,146.0,5750.0,0.0,0.2397,122.0,-8.0,0.0,0.0,-8.0,3850.0,80.0,22.0,11.0,296.0,35.0,56.23,2.3,2.58
2012/11/21,39.1,40.4,38.9,40.1,367.0,14640.0,3.3505,0.6025,232.0,-15.0,0.0,0.0,-15.0,4013.0,198.0,34.0,34.0,320.0,58.0,58.12,2.38,2.49
2012/11/22,40.5,42.0,40.5,42.0,284.0,11728.0,4.7382,0.4663,219.0,-1.0,0.0,-1.0,-2.0,4062.0,102.0,53.0,44.0,318.0,42.0,60.87,2.49,2.38
2012/11/23,42.05,44.4,42.05,43.8,444.0,19318.0,4.2857,0.7289,346.0,3.0,0.0,0.0,3.0,4117.0,148.0,92.0,34.0,324.0,40.0,63.48,2.6,2.28
2012/11/26,44.0,44.6,43.0,43.7,251.0,11019.0,-0.2283,0.4121,183.0,9.0,0.0,1.0,10.0,4081.0,32.0,65.0,12.0,322.0,10.0,63.33,2.6,2.29
2012/11/27,43.7,44.3,43.5,43.65,196.0,8593.0,-0.1144,0.3218,130.0,11.0,0.0,0.0,11.0,4092.0,29.0,16.0,4.0,333.0,15.0,63.26,2.59,2.29
2012/11/28,43.65,43.65,43.15,43.6,137.0,5940.0,-0.1145,0.2249,97.0,9.0,0.0,0.0,9.0,4093.0,44.0,41.0,10.0,323.0,0.0,63.19,2.59,2.29
2012/11/29,43.8,44.5,43.6,43.6,184.0,8110.0,0.0,0.3021,137.0,14.0,0.0,1.0,15.0,4099.0,63.0,57.0,5.0,335.0,17.0,63.19,2.59,2.29
2012/11/30,44.0,44.0,43.65,44.0,138.0,6048.0,0.9174,0.2266,89.0,10.0,0.0,1.0,11.0,4063.0,9.0,39.0,27.0,311.0,3.0,63.77,2.61,2.27
2012/12/03,44.05,46.05,44.05,45.9,406.0,18513.0,4.3182,0.6665,294.0,7.0,0.0,1.0,8.0,4068.0,112.0,100.0,20.0,332.0,41.0,66.52,2.73,2.18
2012/12/04,46.2,46.5,45.5,45.8,295.0,13589.0,-0.2179,0.4843,174.0,-14.0,0.0,0.0,-14.0,4141.0,147.0,64.0,44.0,302.0,14.0,66.38,2.72,2.18
2012/12/05,45.8,47.5,45.8,46.65,502.0,23499.0,1.8559,0.8242,282.0,13.0,0.0,2.0,15.0,4213.0,154.0,70.0,10.0,312.0,20.0,67.61,2.77,2.14
2012/12/06,47.0,47.5,46.7,46.8,335.0,15794.0,0.3215,0.55,207.0,1.0,0.0,0.0,1.0,4163.0,39.0,88.0,4.0,333.0,25.0,67.83,2.78,2.14
2012/12/07,47.1,47.8,46.8,46.9,263.0,12403.0,0.2137,0.4318,172.0,6.0,0.0,0.0,6.0,4151.0,46.0,58.0,3.0,337.0,7.0,67.97,2.79,2.13
2012/12/10,47.1,47.8,45.9,46.05,221.0,10399.0,-1.8124,0.3628,158.0,3.0,0.0,0.0,3.0,4084.0,34.0,78.0,11.0,331.0,6.0,66.74,2.73,2.17
2012/12/11,46.05,46.5,44.8,46.0,243.0,11151.0,-0.1086,0.3989,169.0,37.0,0.0,1.0,38.0,4029.0,38.0,93.0,9.0,344.0,22.0,66.67,2.73,2.17
2012/12/12,46.0,47.5,46.0,47.1,271.0,12775.0,2.3913,0.4449,192.0,15.0,0.0,1.0,16.0,4055.0,72.0,46.0,17.0,337.0,10.0,68.26,2.8,2.12
2012/12/13,47.2,48.5,46.7,46.7,362.0,17160.0,-0.8493,0.5943,218.0,-5.0,0.0,0.0,-5.0,4022.0,78.0,111.0,13.0,335.0,11.0,67.68,2.77,2.14
2012/12/14,46.7,47.2,46.0,46.3,147.0,6828.0,-0.8565,0.2413,91.0,33.0,0.0,0.0,33.0,4004.0,34.0,52.0,9.0,327.0,1.0,67.1,2.75,2.16
2012/12/17,46.45,47.5,46.0,46.55,273.0,12822.0,0.54,0.4482,190.0,13.0,0.0,0.0,13.0,4017.0,58.0,35.0,2.0,341.0,16.0,67.46,2.76,2.15
2012/12/18,46.6,47.9,46.6,47.1,310.0,14672.0,1.1815,0.5089,229.0,3.0,0.0,0.0,3.0,4020.0,84.0,79.0,4.0,359.0,22.0,68.26,2.8,2.12
2012/12/19,47.3,48.5,47.3,47.85,608.0,29233.0,1.5924,0.9982,402.0,-15.0,0.0,0.0,-15.0,4159.0,212.0,73.0,3.0,378.0,22.0,69.35,2.84,2.09
2012/12/20,47.6,48.0,46.1,46.35,352.0,16530.0,-3.1348,0.5779,246.0,14.0,0.0,-1.0,13.0,4136.0,92.0,114.0,40.0,338.0,0.0,67.17,2.75,2.16
2012/12/21,46.5,46.7,45.75,46.0,133.0,6145.0,-0.7551,0.2184,92.0,-13.0,0.0,-2.0,-15.0,4149.0,37.0,23.0,7.0,341.0,11.0,66.67,2.73,2.17
2012/12/22,46.0,47.0,46.0,46.6,84.0,3916.0,1.3043,0.1379,68.0,0.0,0.0,-1.0,-1.0,4127.0,16.0,28.0,3.0,347.0,9.0,67.54,2.77,2.15
2012/12/24,46.6,47.8,46.6,47.0,306.0,14494.0,0.8584,0.5024,211.0,13.0,0.0,0.0,13.0,4163.0,100.0,64.0,0.0,370.0,23.0,68.12,2.79,2.13
2012/12/25,47.2,47.25,46.3,47.0,175.0,8196.0,0.0,0.2873,133.0,19.0,0.0,3.0,22.0,4134.0,39.0,68.0,15.0,364.0,9.0,68.12,2.79,2.13
2012/12/26,47.8,47.8,46.9,47.2,161.0,7615.0,0.4255,0.2643,112.0,24.0,0.0,0.0,24.0,4126.0,28.0,36.0,6.0,362.0,4.0,68.41,2.8,2.12
2012/12/27,47.8,47.8,46.65,46.7,155.0,7335.0,-1.0593,0.2545,110.0,-8.0,0.0,-1.0,-9.0,4143.0,64.0,47.0,6.0,366.0,10.0,67.68,2.77,2.14
2012/12/28,46.0,46.9,46.0,46.35,138.0,6414.0,-0.7495,0.2266,85.0,15.0,0.0,0.0,15.0,4120.0,23.0,46.0,15.0,351.0,0.0,67.17,2.75,2.16
2013/01/02,46.35,46.65,45.8,46.5,114.0,5308.0,0.3236,0.1872,109.0,5.0,0.0,0.0,5.0,4092.0,7.0,35.0,12.0,339.0,0.0,67.39,2.76,2.15
2013/01/03,46.5,47.05,46.5,46.7,142.0,6676.0,0.4301,0.2331,104.0,12.0,0.0,0.0,12.0,4102.0,36.0,26.0,3.0,337.0,1.0,67.68,2.77,2.14
2013/01/04,46.7,46.8,46.0,46.8,99.0,4622.0,0.2141,0.1625,67.0,-1.0,0.0,-1.0,-2.0,4079.0,25.0,18.0,1.0,336.0,0.0,67.83,2.78,2.14
2013/01/07,46.8,46.9,46.1,46.1,106.0,4944.0,-1.4957,0.174,88.0,4.0,0.0,-1.0,3.0,4070.0,20.0,28.0,4.0,332.0,0.0,66.81,2.74,2.17
2013/01/08,46.25,46.35,45.55,45.65,114.0,5230.0,-0.9761,0.1872,72.0,-1.0,0.0,0.0,-1.0,4058.0,17.0,24.0,24.0,308.0,0.0,66.16,2.71,2.19
2013/01/09,45.0,45.65,45.0,45.65,63.0,2871.0,0.0,0.1034,47.0,12.0,0.0,0.0,12.0,4055.0,11.0,14.0,1.0,307.0,0.0,66.16,2.71,2.19
2013/01/10,45.6,46.0,45.0,45.1,98.0,4455.0,-1.2048,0.1609,77.0,1.0,0.0,1.0,2.0,4049.0,27.0,32.0,7.0,301.0,1.0,65.36,2.68,2.22
2013/01/11,45.4,45.65,45.1,45.1,114.0,5204.0,0.0,0.1872,73.0,-2.0,0.0,0.0,-2.0,4071.0,33.0,11.0,8.0,293.0,0.0,65.36,2.68,2.22
2013/01/14,45.1,47.95,45.0,47.65,501.0,23591.0,5.6541,0.8225,340.0,-4.0,0.0,-2.0,-6.0,4210.0,221.0,82.0,17.0,290.0,14.0,69.06,2.83,2.1
2013/01/15,48.1,48.1,46.6,46.8,337.0,15983.0,-1.7838,0.5533,206.0,-22.0,0.0,-1.0,-23.0,4225.0,93.0,78.0,3.0,287.0,0.0,67.83,2.78,2.14
2013/01/16,46.8,47.25,46.0,46.2,144.0,6667.0,-1.2821,0.2364,104.0,-16.0,0.0,0.0,-16.0,4247.0,42.0,20.0,2.0,285.0,0.0,66.96,2.74,2.16
2013/01/17,46.25,46.5,44.8,44.8,251.0,11512.0,-3.0303,0.4121,155.0,-16.0,0.0,0.0,-16.0,4287.0,140.0,100.0,4.0,283.0,2.0,64.93,2.66,2.23
2013/01/18,44.8,45.65,44.8,45.2,94.0,4256.0,0.8929,0.1543,64.0,-7.0,0.0,0.0,-7.0,4253.0,23.0,54.0,6.0,277.0,0.0,65.51,2.68,2.21
2013/01/21,45.05,45.8,45.05,45.3,84.0,3829.0,0.2212,0.1379,57.0,4.0,0.0,0.0,4.0,4232.0,29.0,49.0,1.0,276.0,0.0,65.65,2.69,2.21
2013/01/22,45.2,46.2,44.8,45.1,147.0,6639.0,-0.4415,0.2413,108.0,6.0,0.0,0.0,6.0,4254.0,45.0,23.0,4.0,272.0,0.0,65.36,2.68,2.22
2013/01/23,45.2,45.5,44.8,45.0,52.0,2343.0,-0.2217,0.0854,43.0,4.0,0.0,0.0,4.0,4252.0,13.0,14.0,2.0,270.0,0.0,65.22,2.67,2.22
2013/01/24,45.0,45.0,44.3,44.3,106.0,4728.0,-1.5556,0.174,84.0,-5.0,0.0,0.0,-5.0,4218.0,27.0,58.0,18.0,252.0,0.0,64.2,2.63,2.26
2013/01/25,44.3,44.3,43.8,43.8,94.0,4137.0,-1.1287,0.1543,58.0,7.0,0.0,0.0,7.0,4219.0,28.0,27.0,5.0,247.0,0.0,63.48,2.6,2.28
2013/01/28,43.8,44.3,43.8,43.95,42.0,1848.0,0.3425,0.069,33.0,5.0,0.0,0.0,5.0,4207.0,5.0,16.0,3.0,247.0,3.0,63.7,2.61,2.28
2013/01/29,44.0,44.9,44.0,44.5,104.0,4625.0,1.2514,0.1707,61.0,7.0,0.0,0.0,7.0,4223.0,55.0,34.0,5.0,242.0,0.0,64.49,2.64,2.25
2013/01/30,44.5,45.0,44.5,44.8,79.0,3550.0,0.6742,0.1297,52.0,8.0,0.0,0.0,8.0,4216.0,25.0,32.0,0.0,242.0,0.0,64.93,2.66,2.23
2013/01/31,44.9,45.3,44.5,44.8,75.0,3364.0,0.0,0.1231,51.0,5.0,0.0,0.0,5.0,4232.0,43.0,27.0,2.0,240.0,0.0,64.93,2.66,2.23
2013/02/01,45.0,45.0,44.5,44.8,59.0,2652.0,0.0,0.0969,44.0,-2.0,0.0,0.0,-2.0,4234.0,32.0,26.0,0.0,240.0,0.0,64.93,2.66,2.23
2013/02/04,44.6,44.75,44.2,44.3,80.0,3551.0,-1.1161,0.1313,55.0,-1.0,0.0,0.0,-1.0,4210.0,23.0,33.0,1.0,239.0,0.0,64.2,2.63,2.26
2013/02/05,43.9,44.0,43.7,44.0,62.0,2718.0,-0.6772,0.1018,47.0,1.0,0.0,1.0,2.0,4198.0,15.0,25.0,13.0,226.0,0.0,63.77,2.61,2.27
2013/02/06,44.0,44.25,43.8,44.0,94.0,4146.0,0.0,0.1543,59.0,7.0,0.0,0.0,7.0,4189.0,22.0,26.0,4.0,228.0,6.0,63.77,2.61,2.27
2013/02/18,45.0,45.0,44.0,44.05,85.0,3783.0,0.1136,0.1395,57.0,-1.0,0.0,0.0,-1.0,4068.0,27.0,61.0,1.0,227.0,0.0,63.84,2.62,2.27
2013/02/19,45.0,45.0,44.3,44.95,148.0,6647.0,2.0431,0.243,88.0,-3.0,0.0,0.0,-3.0,4023.0,40.0,85.0,9.0,219.0,1.0,65.14,2.67,2.22
2013/02/20,45.2,45.9,45.1,45.65,210.0,9585.0,1.5573,0.3448,152.0,-2.0,0.0,0.0,-2.0,4047.0,70.0,46.0,0.0,219.0,0.0,66.16,2.71,2.19
2013/02/21,45.65,46.65,45.3,46.0,224.0,10311.0,0.7667,0.3677,149.0,-9.0,0.0,0.0,-9.0,4076.0,58.0,23.0,1.0,218.0,0.0,66.67,2.73,2.17
2013/02/22,46.0,46.3,45.5,46.1,213.0,9775.0,0.2174,0.3497,133.0,5.0,0.0,0.0,5.0,4084.0,65.0,57.0,1.0,217.0,0.0,66.81,2.74,2.17
2013/02/23,46.5,47.4,46.0,46.4,433.0,20301.0,0.6508,0.7109,315.0,0.0,0.0,0.0,0.0,4066.0,111.0,128.0,4.0,215.0,2.0,67.25,2.76,2.16
2013/02/25,46.8,46.8,45.4,45.8,158.0,7265.0,-1.2931,0.2594,109.0,10.0,0.0,-1.0,9.0,4081.0,58.0,43.0,1.0,214.0,0.0,66.38,2.72,2.18
2013/02/26,45.4,45.6,44.6,44.9,151.0,6813.0,-1.9651,0.2479,93.0,6.0,0.0,0.0,6.0,4060.0,40.0,61.0,0.0,214.0,0.0,65.07,2.67,2.23
2013/02/27,45.1,46.5,45.1,45.6,266.0,12194.0,1.559,0.4367,202.0,3.0,0.0,0.0,3.0,4117.0,103.0,46.0,0.0,214.0,0.0,66.09,2.71,2.19
2013/03/01,45.8,48.75,45.8,48.75,2118.0,101891.0,6.9079,3.4772,888.0,-3.0,0.0,0.0,-3.0,4454.0,779.0,393.0,1.0,236.0,23.0,70.65,2.89,2.05
2013/03/04,50.0,50.6,48.05,49.5,4329.0,214778.0,1.5385,7.1071,2224.0,-23.0,0.0,-1.0,-24.0,4566.0,1267.0,1155.0,7.0,332.0,103.0,71.74,2.94,2.02
2013/03/05,49.5,49.9,48.05,49.5,1503.0,74060.0,0.0,2.4675,841.0,6.0,0.0,1.0,7.0,4530.0,527.0,553.0,67.0,270.0,5.0,71.74,2.94,2.02
2013/03/06,49.75,50.4,47.5,47.7,881.0,43305.0,-3.6364,1.4464,557.0,12.0,0.0,0.0,12.0,4444.0,283.0,368.0,25.0,244.0,0.0,69.13,2.83,2.1
2013/03/07,47.7,48.5,47.5,47.8,331.0,15873.0,0.2096,0.5434,226.0,6.0,0.0,0.0,6.0,4375.0,110.0,178.0,5.0,241.0,2.0,69.28,2.84,2.09
2013/03/08,48.0,48.85,47.5,48.4,547.0,26321.0,1.2552,0.898,337.0,12.0,0.0,0.0,12.0,4297.0,86.0,164.0,3.0,266.0,28.0,70.14,2.87,2.07
2013/03/11,49.0,49.45,48.1,48.15,383.0,18648.0,-0.5165,0.6288,224.0,-1.0,0.0,0.0,-1.0,4280.0,78.0,95.0,8.0,259.0,1.0,69.78,2.86,2.08
2013/03/12,48.15,49.4,47.65,49.0,521.0,25378.0,1.7653,0.8553,307.0,-25.0,0.0,-2.0,-27.0,4265.0,169.0,184.0,4.0,265.0,10.0,71.01,2.91,2.04
2013/03/13,49.9,51.0,49.0,49.25,1455.0,72653.0,0.5102,2.3887,781.0,-45.0,0.0,1.0,-44.0,4576.0,600.0,289.0,7.0,276.0,18.0,71.38,2.92,2.03
2013/03/14,49.5,49.9,48.3,48.9,350.0,17136.0,-0.7107,0.5746,197.0,0.0,0.0,0.0,0.0,4514.0,79.0,141.0,2.0,274.0,0.0,70.87,2.9,2.04
2013/03/15,49.7,49.7,48.4,48.4,283.0,13877.0,-1.0225,0.4646,170.0,-18.0,0.0,0.0,-18.0,4536.0,64.0,42.0,19.0,254.0,0.0,70.14,2.87,2.07
2013/03/18,48.0,48.7,47.7,47.7,301.0,14482.0,-1.4463,0.4942,181.0,-7.0,0.0,0.0,-7.0,4500.0,61.0,97.0,6.0,250.0,2.0,69.13,2.83,2.1
2013/03/19,47.8,48.6,47.8,47.85,257.0,12417.0,0.3145,0.4219,158.0,-3.0,0.0,0.0,-3.0,4495.0,103.0,108.0,1.0,252.0,3.0,69.35,2.84,2.09
2013/03/20,48.6,48.6,47.5,47.95,232.0,11173.0,0.209,0.3809,169.0,6.0,0.0,0.0,6.0,4478.0,60.0,77.0,9.0,243.0,0.0,69.49,2.85,2.09
2013/03/21,48.0,48.6,47.6,48.1,203.0,9756.0,0.3128,0.3333,149.0,18.0,0.0,0.0,18.0,4462.0,58.0,74.0,2.0,241.0,0.0,69.71,2.86,2.08
2013/03/22,47.5,48.4,47.5,47.85,228.0,10908.0,-0.5198,0.3743,125.0,0.0,0.0,0.0,0.0,4462.0,47.0,47.0,0.0,241.0,0.0,69.35,2.84,2.09
2013/03/25,47.85,48.5,47.85,47.85,189.0,9145.0,0.0,0.3103,143.0,8.0,0.0,0.0,8.0,4515.0,98.0,45.0,1.0,242.0,2.0,69.35,2.84,2.09
2013/03/26,48.0,48.35,47.4,47.4,204.0,9762.0,-0.9404,0.3349,129.0,-6.0,0.0,0.0,-6.0,4518.0,62.0,59.0,3.0,240.0,1.0,68.7,2.81,2.11
2013/03/27,47.45,47.85,46.7,46.8,337.0,15945.0,-1.2658,0.5533,192.0,31.0,0.0,0.0,31.0,4595.0,151.0,74.0,5.0,236.0,1.0,67.83,2.78,1.07
2013/03/28,47.0,47.05,46.4,46.7,122.0,5731.0,-0.2137,0.2003,89.0,1.0,0.0,0.0,1.0,4587.0,29.0,37.0,14.0,225.0,3.0,67.68,2.77,1.07
2013/03/29,46.85,47.0,46.5,46.55,150.0,7004.0,-0.3212,0.2463,86.0,3.0,0.0,0.0,3.0,4590.0,69.0,66.0,6.0,219.0,0.0,67.46,2.76,1.07
2013/04/01,46.6,46.85,45.5,45.5,203.0,9386.0,-2.2556,0.3333,128.0,-22.0,0.0,0.0,-22.0,4619.0,82.0,53.0,28.0,191.0,0.0,65.94,2.7,1.1
2013/04/02,45.5,45.85,45.05,45.7,137.0,6249.0,0.4396,0.2249,106.0,-1.0,0.0,0.0,-1.0,4615.0,28.0,32.0,1.0,190.0,0.0,66.23,2.74,1.09
2013/04/03,46.3,46.4,45.8,46.35,145.0,6709.0,1.4223,0.2381,104.0,4.0,0.0,0.0,4.0,4631.0,46.0,30.0,10.0,181.0,1.0,98.62,2.78,1.08
2013/04/08,46.5,46.5,45.1,45.2,131.0,5969.0,-2.4811,0.2151,96.0,-12.0,0.0,0.0,-12.0,4657.0,60.0,34.0,5.0,176.0,0.0,96.17,2.71,1.11
2013/04/09,45.0,45.5,44.7,44.7,178.0,8013.0,-1.1062,0.2922,118.0,2.0,0.0,0.0,2.0,4661.0,54.0,50.0,15.0,161.0,0.0,95.11,2.68,1.12
2013/04/10,44.6,44.9,44.2,44.25,85.0,3770.0,-1.0067,0.1395,79.0,-7.0,0.0,0.0,-7.0,4696.0,40.0,5.0,5.0,156.0,0.0,94.15,2.65,1.13
2013/04/11,45.0,45.0,44.3,44.6,85.0,3792.0,0.791,0.1395,55.0,-10.0,0.0,0.0,-10.0,4704.0,27.0,19.0,0.0,156.0,0.0,94.89,2.67,1.12
2013/04/12,44.7,45.1,44.7,44.7,83.0,3751.0,0.2242,0.1363,60.0,1.0,0.0,0.0,1.0,4735.0,46.0,15.0,0.0,156.0,0.0,95.11,2.68,1.12
2013/04/15,45.0,45.0,43.0,43.35,242.0,10604.0,-3.0201,0.3973,128.0,-1.0,0.0,0.0,-1.0,4728.0,43.0,46.0,60.0,96.0,0.0,92.23,2.6,1.15
2013/04/16,43.0,43.2,41.8,42.7,195.0,8292.0,-1.4994,0.3201,127.0,5.0,0.0,0.0,5.0,4678.0,30.0,80.0,24.0,72.0,0.0,90.85,2.56,1.17
2013/04/17,43.0,43.2,42.1,42.8,116.0,4940.0,0.2342,0.1904,63.0,9.0,0.0,-1.0,8.0,4695.0,29.0,12.0,11.0,61.0,0.0,91.06,2.57,1.17
2013/04/18,42.5,43.8,42.5,43.6,100.0,4350.0,1.8692,0.1642,75.0,-3.0,0.0,0.0,-3.0,4670.0,7.0,32.0,56.0,0.0,0.0,92.77,2.61,1.15
2013/04/19,43.6,43.8,43.1,43.1,77.0,3352.0,-1.1468,0.1264,56.0,-1.0,0.0,0.0,-1.0,4661.0,0.0,9.0,0.0,0.0,0.0,91.7,2.58,1.16
2013/04/22,43.1,43.1,42.2,42.65,113.0,4805.0,-1.0441,0.1855,66.0,8.0,0.0,0.0,8.0,4652.0,0.0,9.0,0.0,0.0,0.0,90.74,2.56,1.17
2013/04/23,42.6,42.6,42.3,42.45,58.0,2482.0,-0.4689,0.0952,49.0,8.0,0.0,0.0,8.0,4635.0,0.0,17.0,0.0,0.0,0.0,90.32,2.54,1.18
2013/04/24,42.95,42.95,42.5,42.5,96.0,4093.0,0.1178,0.1576,63.0,3.0,0.0,0.0,3.0,4629.0,23.0,28.0,0.0,2.0,2.0,90.43,2.55,1.18
2013/04/25,42.5,43.4,42.5,43.0,59.0,2548.0,1.1765,0.0969,52.0,2.0,0.0,0.0,2.0,4630.0,15.0,14.0,0.0,6.0,4.0,91.49,2.58,1.16
2013/04/26,43.0,43.4,43.0,43.2,79.0,3412.0,0.4651,0.1297,55.0,-6.0,0.0,0.0,-6.0,4637.0,25.0,18.0,0.0,6.0,0.0,91.91,2.59,1.16
2013/04/29,43.0,43.3,42.1,42.6,78.0,3315.0,-1.3889,0.1281,50.0,-2.0,0.0,0.0,-2.0,4594.0,11.0,54.0,0.0,6.0,0.0,90.64,2.55,1.17
2013/04/30,42.6,42.75,42.4,42.5,47.0,2000.0,-0.2347,0.0772,41.0,1.0,0.0,0.0,1.0,4594.0,12.0,7.0,0.0,6.0,0.0,90.43,2.55,1.18
2013/05/02,42.6,43.0,42.6,43.0,84.0,3609.0,1.1765,0.1379,59.0,7.0,0.0,0.0,7.0,4620.0,28.0,2.0,0.0,7.0,1.0,91.49,2.58,1.16
2013/05/03,43.0,43.0,42.5,42.5,93.0,3980.0,-1.1628,0.1527,51.0,1.0,0.0,0.0,1.0,4588.0,30.0,29.0,0.0,7.0,0.0,90.43,2.55,1.18
2013/05/06,42.9,43.0,42.5,43.0,116.0,4978.0,1.1765,0.1904,82.0,3.0,0.0,0.0,3.0,4606.0,31.0,13.0,0.0,7.0,0.0,91.49,2.58,1.16
2013/05/07,43.0,44.4,42.9,43.9,241.0,10554.0,2.093,0.3957,170.0,3.0,0.0,0.0,3.0,4671.0,100.0,35.0,0.0,8.0,1.0,93.4,2.63,1.14
2013/05/08,44.4,44.7,43.5,43.65,218.0,9665.0,-0.5695,0.3579,135.0,2.0,0.0,0.0,2.0,4707.0,98.0,62.0,0.0,9.0,1.0,92.87,2.62,1.15
2013/05/09,43.7,44.0,43.5,43.7,99.0,4329.0,0.1145,0.1625,52.0,2.0,0.0,0.0,2.0,4712.0,22.0,10.0,1.0,8.0,0.0,92.98,2.62,1.14
2013/05/10,43.7,43.7,43.5,43.6,42.0,1867.0,-0.2288,0.069,36.0,5.0,0.0,0.0,5.0,4699.0,1.0,14.0,0.0,8.0,0.0,92.77,2.61,1.15
2013/05/13,44.2,44.2,43.1,43.1,66.0,2867.0,-1.1468,0.1084,39.0,3.0,0.0,0.0,3.0,4710.0,13.0,2.0,0.0,8.0,0.0,91.7,2.58,1.16
2013/05/14,43.3,43.35,42.9,42.9,40.0,1735.0,-0.464,0.0657,30.0,3.0,0.0,1.0,4.0,4712.0,11.0,9.0,0.0,8.0,0.0,91.28,2.57,1.17
2013/05/15,43.5,43.7,43.1,43.2,80.0,3469.0,0.6993,0.1313,61.0,14.0,0.0,1.0,15.0,4718.0,22.0,16.0,0.0,8.0,0.0,91.91,2.98,1.16
2013/05/16,43.6,43.6,42.7,43.5,80.0,3490.0,0.6944,0.1313,60.0,5.0,0.0,2.0,7.0,4709.0,7.0,16.0,0.0,8.0,0.0,46.77,3.0,1.15
2013/05/17,43.5,43.8,43.5,43.6,59.0,2579.0,0.2299,0.0969,53.0,7.0,0.0,0.0,7.0,4706.0,14.0,17.0,0.0,8.0,0.0,46.88,3.01,1.15
2013/05/20,43.25,44.0,43.25,43.6,78.0,3409.0,0.0,0.1281,60.0,1.0,0.0,0.0,1.0,4717.0,18.0,7.0,0.0,8.0,0.0,46.88,3.01,1.15
2013/05/21,43.6,44.0,43.3,43.6,95.0,4148.0,0.0,0.156,68.0,0.0,0.0,0.0,0.0,4748.0,41.0,10.0,0.0,8.0,0.0,46.88,3.01,1.15
2013/05/22,44.1,44.1,43.2,43.2,89.0,3874.0,-0.9174,0.1461,63.0,2.0,0.0,0.0,2.0,4740.0,8.0,16.0,0.0,8.0,0.0,46.45,2.98,1.16
2013/05/23,42.9,43.5,42.55,42.55,62.0,2658.0,-1.5046,0.1018,50.0,2.0,0.0,-4.0,-2.0,4739.0,10.0,11.0,0.0,8.0,0.0,45.75,2.94,1.18
2013/05/24,42.6,43.25,42.3,43.25,82.0,3521.0,1.6451,0.1346,69.0,-3.0,0.0,0.0,-3.0,4712.0,1.0,16.0,0.0,8.0,0.0,46.51,2.98,1.16
2013/05/27,43.5,44.0,43.25,43.7,82.0,3581.0,1.0405,0.1346,48.0,0.0,0.0,0.0,0.0,4701.0,10.0,21.0,0.0,10.0,2.0,46.99,3.02,1.14
2013/05/28,43.5,43.9,43.3,43.3,53.0,2310.0,-0.9153,0.087,36.0,0.0,0.0,0.0,0.0,4651.0,16.0,16.0,2.0,8.0,0.0,46.56,2.99,1.15
2013/05/29,43.5,43.5,43.1,43.1,51.0,2211.0,-0.4619,0.0837,40.0,-1.0,0.0,0.0,-1.0,4642.0,4.0,13.0,0.0,8.0,0.0,46.34,2.97,1.16
2013/05/30,42.8,43.6,42.7,42.7,83.0,3564.0,-0.9281,0.1363,48.0,1.0,0.0,0.0,1.0,4653.0,15.0,4.0,1.0,7.0,0.0,45.91,2.95,1.17
2013/05/31,42.9,43.0,42.6,42.6,86.0,3685.0,-0.2342,0.1412,37.0,2.0,0.0,0.0,2.0,4642.0,9.0,20.0,0.0,7.0,0.0,45.81,2.94,1.17
2013/06/03,42.6,42.8,42.2,42.4,99.0,4195.0,-0.4695,0.1625,52.0,2.0,0.0,0.0,2.0,4647.0,10.0,3.0,0.0,7.0,0.0,45.59,2.93,1.18
2013/06/04,42.4,42.5,42.15,42.3,82.0,3483.0,-0.2358,0.1346,46.0,0.0,0.0,0.0,0.0,4657.0,27.0,17.0,0.0,7.0,0.0,45.48,2.92,1.18
2013/06/05,42.1,43.0,42.1,42.45,134.0,5711.0,0.3546,0.22,54.0,-1.0,0.0,0.0,-1.0,4685.0,34.0,6.0,0.0,7.0,0.0,45.65,2.93,1.18
2013/06/06,42.45,42.6,42.4,42.4,52.0,2209.0,-0.1178,0.0854,34.0,0.0,0.0,0.0,0.0,4681.0,4.0,8.0,0.0,18.0,11.0,45.59,2.93,1.18
2013/06/07,42.4,42.75,42.1,42.4,55.0,2350.0,0.0,0.0903,48.0,2.0,0.0,0.0,2.0,4682.0,10.0,9.0,0.0,18.0,0.0,45.59,2.93,1.18
2013/06/10,42.1,43.15,42.1,43.1,95.0,4071.0,1.6509,0.156,67.0,10.0,0.0,0.0,10.0,4679.0,9.0,12.0,0.0,18.0,0.0,46.34,2.97,1.16
2013/06/11,44.0,44.5,43.5,43.7,462.0,20367.0,1.3921,0.7585,276.0,1.0,0.0,0.0,1.0,4699.0,105.0,85.0,0.0,18.0,0.0,46.99,3.02,1.14
2013/06/13,43.6,46.75,43.5,45.95,1474.0,67863.0,5.1487,2.4199,819.0,20.0,0.0,0.0,20.0,4997.0,543.0,245.0,0.0,52.0,34.0,49.41,3.17,1.09
2013/06/14,45.95,49.15,45.45,48.7,3461.0,167194.0,5.9848,5.6821,1783.0,-28.0,0.0,51.0,23.0,5142.0,1014.0,869.0,2.0,144.0,94.0,52.37,3.36,1.03
2013/06/17,49.0,50.9,48.5,49.2,3721.0,184693.0,1.0267,6.1089,1740.0,-11.0,0.0,49.0,38.0,5568.0,1082.0,656.0,27.0,192.0,76.0,52.9,3.4,1.02
2013/06/18,49.5,49.65,48.3,48.75,1050.0,51382.0,-0.9146,1.7238,627.0,-11.0,0.0,0.0,-11.0,5577.0,392.0,383.0,40.0,157.0,5.0,52.42,3.36,1.03
2013/06/19,49.1,50.8,48.8,49.95,1937.0,96896.0,2.4615,3.18,1057.0,-10.0,0.0,0.0,-10.0,5850.0,941.0,668.0,2.0,231.0,89.0,53.71,3.45,1.0
2013/06/20,49.7,51.2,48.35,50.6,3520.0,177348.0,1.3013,5.7789,1726.0,-26.0,0.0,1.0,-25.0,6120.0,1503.0,1233.0,47.0,285.0,101.0,54.41,3.49,0.99
2013/06/21,49.4,50.6,48.5,49.5,1323.0,65432.0,-2.1739,2.172,728.0,-15.0,0.0,20.0,5.0,6004.0,560.0,676.0,96.0,198.0,9.0,53.23,3.42,1.01
2013/06/24,50.0,51.5,49.05,49.05,2945.0,149099.0,-0.9091,4.8349,1592.0,18.0,0.0,10.0,28.0,6079.0,1048.0,973.0,6.0,245.0,53.0,52.74,3.39,1.02
2013/06/25,48.1,48.5,45.65,45.65,1684.0,77959.0,-6.9317,2.7647,822.0,35.0,0.0,10.0,45.0,5664.0,356.0,771.0,187.0,57.0,0.0,49.09,3.15,1.1
2013/06/26,46.35,46.8,45.2,45.7,638.0,29308.0,0.1095,1.0474,413.0,-2.0,0.0,0.0,-2.0,5592.0,195.0,267.0,7.0,70.0,20.0,49.14,3.15,1.09
2013/06/27,46.35,47.8,46.0,46.5,839.0,39506.0,1.7505,1.3774,479.0,-11.0,0.0,10.0,-1.0,5492.0,190.0,290.0,25.0,67.0,22.0,50.0,3.21,1.08
2013/06/28,47.2,47.2,45.75,46.0,499.0,23029.0,-1.0753,0.8192,307.0,-24.0,0.0,-1.0,-25.0,5536.0,155.0,111.0,13.0,54.0,0.0,49.46,3.17,1.09
2013/07/01,46.0,47.0,46.0,46.3,465.0,21611.0,0.6522,0.7634,316.0,-13.0,0.0,1.0,-12.0,5642.0,205.0,99.0,18.0,36.0,0.0,49.78,3.2,1.08
2013/07/02,46.6,46.8,45.8,45.8,244.0,11292.0,-1.0799,0.4006,178.0,-9.0,0.0,0.0,-9.0,5635.0,94.0,101.0,5.0,30.0,0.0,49.25,3.16,1.09
2013/07/03,45.8,46.45,45.8,45.9,257.0,11868.0,0.2183,0.4219,192.0,5.0,0.0,0.0,5.0,5591.0,66.0,110.0,2.0,52.0,24.0,49.35,3.17,1.09
2013/07/04,46.0,46.0,44.55,44.55,265.0,12000.0,-2.9412,0.4351,162.0,18.0,0.0,1.0,19.0,5465.0,31.0,157.0,6.0,46.0,0.0,47.9,3.07,1.12
2013/07/05,45.2,47.65,45.0,47.65,971.0,45819.0,6.9585,1.5941,528.0,43.0,0.0,1.0,44.0,5643.0,447.0,269.0,20.0,73.0,47.0,51.24,3.29,1.05
2013/07/08,48.9,49.5,47.8,48.7,1395.0,67972.0,2.2036,2.2902,833.0,-60.0,0.0,0.0,-60.0,5698.0,653.0,598.0,6.0,86.0,19.0,52.37,3.36,1.03
2013/07/09,49.5,50.0,48.75,49.0,1322.0,65450.0,0.616,2.1704,721.0,-3.0,0.0,0.0,-3.0,5844.0,614.0,468.0,10.0,88.0,12.0,52.69,3.38,1.02
2013/07/10,49.3,49.6,48.6,49.05,434.0,21267.0,0.102,0.7125,259.0,-6.0,0.0,0.0,-6.0,5791.0,142.0,195.0,6.0,86.0,4.0,52.74,3.39,1.02
2013/07/11,49.05,49.2,48.05,49.05,612.0,29811.0,0.0,1.0047,358.0,0.0,0.0,1.0,1.0,5782.0,256.0,265.0,11.0,83.0,9.0,52.74,3.39,1.02
2013/07/12,49.3,50.2,49.05,49.1,982.0,48644.0,0.1019,1.6122,540.0,0.0,0.0,0.0,0.0,5822.0,407.0,367.0,3.0,98.0,18.0,52.8,3.39,1.02
2013/07/15,49.8,49.8,48.7,49.15,445.0,21931.0,0.1018,0.7306,294.0,0.0,0.0,0.0,0.0,5803.0,168.0,187.0,24.0,75.0,1.0,52.85,3.39,1.02
2013/07/16,49.4,49.4,48.35,48.4,256.0,12488.0,-1.5259,0.4203,168.0,0.0,0.0,1.0,1.0,5797.0,103.0,103.0,3.0,73.0,1.0,52.04,3.34,1.03
2013/07/17,48.0,48.9,48.0,48.2,199.0,9632.0,-0.4132,0.3267,139.0,1.0,0.0,1.0,2.0,5819.0,102.0,80.0,1.0,79.0,7.0,51.83,3.33,1.04
2013/07/18,48.3,48.8,46.8,46.8,389.0,18394.0,-2.9046,0.6386,240.0,0.0,0.0,-21.0,-21.0,5695.0,147.0,241.0,29.0,50.0,0.0,50.32,3.23,1.07
2013/07/19,46.8,47.8,46.15,46.15,280.0,13152.0,-1.3889,0.4597,164.0,0.0,0.0,-129.0,-129.0,5729.0,96.0,62.0,5.0,45.0,0.0,49.62,3.18,1.08
2013/07/22,46.2,46.85,46.15,46.2,176.0,8169.0,0.1083,0.2889,110.0,-15.0,0.0,0.0,-15.0,5726.0,66.0,69.0,11.0,34.0,0.0,49.68,3.19,1.08
2013/07/23,46.3,47.3,46.2,47.2,242.0,11322.0,2.1645,0.3973,160.0,5.0,0.0,40.0,45.0,5690.0,65.0,101.0,4.0,31.0,2.0,50.75,3.26,1.06
2013/07/24,47.6,47.9,46.7,47.0,193.0,9159.0,-0.4237,0.3169,133.0,1.0,0.0,15.0,16.0,5723.0,93.0,60.0,2.0,29.0,0.0,50.54,3.24,1.06
2013/07/25,46.7,47.5,46.6,46.6,108.0,5077.0,-0.8511,0.1773,78.0,-1.0,0.0,1.0,0.0,5717.0,53.0,58.0,0.0,29.0,0.0,50.11,3.22,1.07
2013/07/26,46.6,46.6,45.85,46.1,214.0,9873.0,-1.073,0.3513,127.0,6.0,0.0,0.0,6.0,5751.0,75.0,41.0,8.0,21.0,0.0,49.57,3.18,1.08
2013/07/29,45.8,46.5,45.8,46.1,98.0,4532.0,0.0,0.1609,81.0,4.0,0.0,0.0,4.0,5749.0,31.0,33.0,1.0,20.0,0.0,49.57,3.18,1.08
2013/07/30,46.5,48.0,46.5,47.2,244.0,11581.0,2.3861,0.4006,188.0,1.0,0.0,31.0,32.0,5727.0,81.0,103.0,9.0,11.0,0.0,50.75,3.26,1.06
2013/07/31,47.2,47.55,46.55,46.55,99.0,4674.0,-1.3771,0.1625,85.0,-17.0,0.0,0.0,-17.0,5744.0,56.0,39.0,9.0,0.0,0.0,50.05,3.21,1.07
2013/08/01,46.3,46.95,46.0,46.0,134.0,6221.0,-1.1815,0.22,101.0,6.0,0.0,1.0,7.0,5669.0,0.0,68.0,0.0,0.0,0.0,49.46,3.17,1.09
2013/08/02,46.4,47.2,46.4,47.0,239.0,11196.0,2.1739,0.3924,172.0,21.0,0.0,15.0,36.0,5547.0,0.0,52.0,0.0,0.0,0.0,50.54,3.24,1.06
2013/08/05,47.4,47.4,46.0,46.1,356.0,16538.0,-1.9149,0.5845,248.0,16.0,0.0,11.0,27.0,5389.0,0.0,158.0,0.0,0.0,0.0,49.57,3.18,1.08
2013/08/06,45.95,46.65,45.7,45.9,369.0,16983.0,0.6508,0.6058,218.0,2.0,0.0,8.0,10.0,5380.0,136.0,143.0,0.0,4.0,4.0,49.35,3.17,1.09
2013/08/07,45.9,46.1,45.5,45.75,212.0,9691.0,-0.3268,0.348,116.0,-4.0,0.0,-1.0,-5.0,5303.0,41.0,118.0,0.0,7.0,3.0,49.19,3.16,1.09
2013/08/08,45.95,46.25,45.8,46.15,101.0,4658.0,0.8743,0.1658,70.0,-6.0,0.0,-1.0,-7.0,5299.0,33.0,26.0,0.0,7.0,0.0,49.62,3.18,1.08
2013/08/09,46.0,46.0,45.7,45.7,109.0,5004.0,-0.9751,0.1789,68.0,-1.0,0.0,-4.0,-5.0,5292.0,26.0,33.0,0.0,7.0,0.0,49.14,3.15,1.09
2013/08/12,46.2,46.3,45.9,46.0,79.0,3639.0,0.6565,0.1297,64.0,0.0,0.0,0.0,0.0,5298.0,33.0,26.0,0.0,10.0,3.0,49.46,3.17,1.09
2013/08/13,46.2,46.3,45.75,45.8,142.0,6518.0,-0.4348,0.2331,83.0,0.0,0.0,0.0,0.0,5266.0,23.0,53.0,0.0,11.0,1.0,49.25,3.16,1.09
2013/08/14,45.8,46.1,45.75,45.8,291.0,13351.0,0.0,0.4777,131.0,16.0,0.0,-1.0,15.0,5117.0,34.0,183.0,1.0,11.0,1.0,49.25,3.23,1.09
2013/08/15,45.7,46.2,45.7,45.85,60.0,2760.0,0.1092,0.0985,46.0,7.0,0.0,0.0,7.0,5138.0,31.0,10.0,0.0,11.0,0.0,35.82,3.23,1.09
2013/08/16,45.5,45.9,45.5,45.7,107.0,4887.0,-0.3272,0.1757,71.0,9.0,0.0,0.0,9.0,5114.0,29.0,52.0,0.0,11.0,0.0,35.7,3.22,1.09
2013/08/19,45.7,46.15,45.6,45.95,160.0,7334.0,0.547,0.2627,87.0,4.0,0.0,0.0,4.0,5121.0,35.0,28.0,0.0,11.0,0.0,35.9,3.24,1.09
2013/08/20,45.95,47.6,45.7,46.0,538.0,25190.0,0.1088,0.8833,326.0,1.0,0.0,1.0,2.0,5200.0,168.0,89.0,3.0,38.0,30.0,35.94,3.24,1.09
2013/08/22,45.95,46.9,45.8,46.2,192.0,8917.0,0.4348,0.3152,135.0,5.0,0.0,-1.0,4.0,5184.0,50.0,38.0,0.0,42.0,4.0,36.09,3.26,1.08
2013/08/23,46.65,46.65,46.05,46.25,114.0,5276.0,0.1082,0.1872,86.0,2.0,0.0,0.0,2.0,5180.0,31.0,35.0,15.0,27.0,0.0,36.13,3.26,1.08
2013/08/26,47.4,47.4,46.1,46.4,123.0,5735.0,0.3243,0.2019,91.0,10.0,0.0,0.0,10.0,5176.0,41.0,45.0,0.0,27.0,0.0,36.25,3.27,1.08
2013/08/27,46.4,46.8,45.8,45.8,158.0,7281.0,-1.2931,0.2594,99.0,-4.0,0.0,-1.0,-5.0,5108.0,54.0,82.0,15.0,12.0,0.0,35.78,3.23,1.09
2013/08/28,45.5,46.2,45.5,45.7,213.0,9776.0,-0.2183,0.3497,110.0,2.0,0.0,0.0,2.0,5068.0,44.0,84.0,0.0,12.0,0.0,35.7,3.22,1.09
2013/08/29,45.7,46.25,45.7,45.85,141.0,6506.0,0.3282,0.2315,90.0,17.0,0.0,0.0,17.0,5067.0,35.0,36.0,0.0,12.0,0.0,35.82,3.23,1.09
2013/08/30,45.65,45.9,45.65,45.9,183.0,8379.0,0.1091,0.3004,98.0,12.0,0.0,0.0,12.0,5074.0,46.0,36.0,3.0,9.0,0.0,35.86,3.24,1.09
2013/09/02,45.9,46.7,45.75,46.3,234.0,10799.0,0.8715,0.3842,154.0,17.0,0.0,0.0,17.0,5117.0,97.0,54.0,0.0,9.0,0.0,36.17,3.27,1.08
2013/09/03,46.8,47.45,46.4,46.65,463.0,21758.0,0.7559,0.7601,267.0,6.0,0.0,0.0,6.0,5147.0,179.0,144.0,2.0,7.0,0.0,36.45,3.29,1.07
2013/09/04,46.7,46.8,46.1,46.1,145.0,6736.0,-1.179,0.2381,118.0,4.0,0.0,0.0,4.0,5135.0,51.0,58.0,0.0,7.0,0.0,36.02,3.25,1.08
2013/09/05,46.15,46.5,46.15,46.35,133.0,6165.0,0.5423,0.2184,94.0,9.0,0.0,0.0,9.0,5119.0,48.0,40.0,0.0,7.0,0.0,36.21,3.27,1.08
2013/09/06,46.5,49.0,46.5,48.0,1232.0,59058.0,3.5599,2.0226,808.0,7.0,0.0,30.0,37.0,5222.0,518.0,412.0,0.0,16.0,9.0,37.5,3.39,1.04
2013/09/09,48.0,48.15,46.35,46.75,535.0,25244.0,-2.6042,0.8783,316.0,-10.0,0.0,0.0,-10.0,5100.0,161.0,283.0,9.0,8.0,1.0,36.52,3.3,1.07
2013/09/10,46.75,46.85,45.3,45.3,537.0,24632.0,-3.1016,0.8816,299.0,-9.0,0.0,1.0,-8.0,5119.0,165.0,146.0,1.0,7.0,0.0,35.39,3.19,1.1
2013/09/11,45.3,45.6,44.3,45.2,399.0,17955.0,-0.2208,0.6551,225.0,-4.0,0.0,0.0,-4.0,5144.0,112.0,86.0,0.0,6.0,0.0,35.31,3.19,1.11
2013/09/12,45.3,45.9,45.2,45.85,117.0,5333.0,1.4381,0.1921,82.0,4.0,0.0,-1.0,3.0,5151.0,39.0,32.0,0.0,6.0,0.0,35.82,3.23,1.09
2013/09/13,45.85,45.85,45.0,45.05,218.0,9879.0,-1.7448,0.3579,102.0,1.0,0.0,0.0,1.0,5032.0,43.0,162.0,0.0,6.0,0.0,35.2,3.18,1.11
2013/09/14,44.55,45.5,44.55,45.3,208.0,9373.0,0.5549,0.3415,100.0,0.0,0.0,0.0,0.0,4932.0,39.0,139.0,0.0,6.0,0.0,35.39,3.19,1.1
2013/09/16,45.8,45.85,45.35,45.5,121.0,5516.0,0.4415,0.1987,85.0,6.0,0.0,0.0,6.0,4909.0,20.0,43.0,0.0,7.0,1.0,35.55,3.21,1.1
2013/09/17,45.5,45.75,45.1,45.45,74.0,3356.0,-0.1099,0.1215,48.0,15.0,0.0,0.0,15.0,4885.0,8.0,32.0,0.0,7.0,0.0,35.51,3.21,1.1
2013/09/18,45.45,45.8,45.4,45.4,144.0,6569.0,-0.11,0.2364,102.0,16.0,0.0,0.0,16.0,4892.0,61.0,54.0,0.0,7.0,0.0,35.47,3.2,1.1
2013/09/23,45.4,45.8,45.2,45.2,195.0,8847.0,-0.4405,0.3201,127.0,14.0,0.0,0.0,14.0,4785.0,37.0,38.0,1.0,6.0,0.0,35.31,3.19,1.11
2013/09/24,45.5,45.8,45.2,45.2,135.0,6146.0,0.0,0.2216,92.0,8.0,0.0,0.0,8.0,4766.0,28.0,46.0,3.0,3.0,0.0,35.31,3.19,1.11
2013/09/25,45.2,46.9,45.2,46.9,360.0,16529.0,3.7611,0.591,238.0,9.0,0.0,0.0,9.0,4732.0,107.0,141.0,0.0,5.0,2.0,36.64,3.31,1.07
2013/09/26,47.0,48.0,46.05,46.05,829.0,39093.0,-1.8124,1.361,557.0,-27.0,0.0,1.0,-26.0,4662.0,274.0,344.0,2.0,3.0,0.0,35.98,3.25,1.09
2013/09/27,46.25,46.6,46.0,46.0,191.0,8837.0,-0.1086,0.3136,137.0,-7.0,0.0,0.0,-7.0,4616.0,57.0,103.0,0.0,3.0,0.0,35.94,3.24,1.09
2013/09/30,46.0,47.5,45.6,46.8,260.0,12127.0,1.7391,0.4269,191.0,2.0,0.0,-1.0,1.0,4644.0,100.0,72.0,0.0,3.0,0.0,36.56,3.3,1.07
2013/10/01,47.35,47.35,46.3,46.3,240.0,11235.0,-1.0684,0.394,145.0,-17.0,0.0,1.0,-16.0,4687.0,105.0,62.0,0.0,3.0,0.0,36.17,3.27,1.08
2013/10/02,46.7,46.7,45.55,45.8,199.0,9145.0,-1.0799,0.3267,152.0,0.0,0.0,-1.0,-1.0,4668.0,53.0,72.0,0.0,3.0,0.0,35.78,3.23,1.09
2013/10/03,45.5,46.2,45.5,45.6,311.0,14245.0,-0.4367,0.5106,171.0,2.0,0.0,0.0,2.0,4559.0,84.0,193.0,0.0,4.0,1.0,35.63,3.22,1.1
2013/10/04,45.6,46.4,45.6,46.0,203.0,9326.0,0.8772,0.3333,125.0,26.0,0.0,0.0,26.0,4482.0,45.0,112.0,0.0,4.0,0.0,35.94,3.24,1.09
2013/10/07,46.45,46.5,46.1,46.4,200.0,9301.0,0.8696,0.3283,146.0,7.0,0.0,0.0,7.0,4447.0,69.0,104.0,0.0,4.0,0.0,36.25,3.27,1.08
2013/10/08,46.4,46.55,45.6,45.8,199.0,9145.0,-1.2931,0.3267,136.0,6.0,0.0,0.0,6.0,4405.0,30.0,72.0,0.0,14.0,10.0,35.78,3.23,1.09
2013/10/09,45.5,46.2,45.5,45.6,256.0,11722.0,-0.4367,0.4203,119.0,3.0,0.0,0.0,3.0,4362.0,25.0,48.0,0.0,15.0,1.0,35.63,3.22,1.1
2013/10/11,46.4,46.4,45.5,45.5,133.0,6134.0,-0.2193,0.2184,101.0,5.0,0.0,0.0,5.0,4264.0,33.0,23.0,10.0,5.0,0.0,35.55,3.21,1.1
2013/10/14,45.6,45.6,45.4,45.4,193.0,8779.0,-0.2198,0.3169,104.0,-6.0,0.0,0.0,-6.0,4164.0,9.0,89.0,0.0,5.0,0.0,35.47,3.2,1.1
2013/10/15,45.6,46.05,45.55,45.8,74.0,3391.0,0.8811,0.1215,53.0,3.0,0.0,0.0,3.0,4153.0,15.0,26.0,2.0,3.0,0.0,35.78,3.23,1.09
2013/10/16,45.5,45.95,45.5,45.55,106.0,4842.0,-0.5459,0.174,69.0,0.0,0.0,0.0,0.0,4150.0,22.0,24.0,0.0,3.0,0.0,35.59,3.21,1.1
2013/10/17,45.55,46.0,45.55,45.65,68.0,3133.0,0.2195,0.1116,57.0,4.0,0.0,0.0,4.0,4142.0,17.0,25.0,0.0,3.0,0.0,35.66,3.22,1.1
2013/10/18,45.75,47.4,45.75,46.45,464.0,21684.0,1.7525,0.7618,291.0,8.0,0.0,0.0,8.0,4157.0,149.0,134.0,0.0,4.0,1.0,36.29,3.28,1.08
2013/10/21,46.65,46.8,46.1,46.1,156.0,7252.0,-0.7535,0.2561,103.0,-5.0,0.0,0.0,-5.0,4125.0,23.0,55.0,1.0,3.0,0.0,36.02,3.25,1.08
2013/10/22,46.7,46.7,46.25,46.5,120.0,5569.0,0.8677,0.197,78.0,1.0,0.0,0.0,1.0,4102.0,24.0,37.0,0.0,3.0,0.0,36.33,3.28,1.08
2013/10/23,46.7,47.7,46.65,46.85,506.0,23857.0,0.7527,0.8307,328.0,-7.0,0.0,0.0,-7.0,4056.0,215.0,161.0,0.0,3.0,0.0,36.6,3.3,1.07
2013/10/24,46.85,47.75,46.85,47.05,384.0,18214.0,0.4269,0.6304,280.0,-9.0,0.0,0.0,-9.0,4053.0,149.0,152.0,0.0,4.0,1.0,36.76,3.32,1.06
2013/10/25,47.0,47.6,47.0,47.0,372.0,17582.0,-0.1063,0.6107,225.0,-1.0,0.0,0.0,-1.0,4043.0,94.0,104.0,1.0,9.0,6.0,36.72,3.31,1.06
2013/10/28,47.2,47.45,46.35,46.35,309.0,14453.0,-1.383,0.5073,191.0,-10.0,0.0,0.0,-10.0,4023.0,160.0,179.0,6.0,3.0,0.0,36.21,3.27,1.08
2013/10/29,46.5,46.95,46.05,46.1,149.0,6921.0,-0.5394,0.2446,125.0,12.0,0.0,0.0,12.0,4008.0,46.0,61.0,0.0,3.0,0.0,36.02,3.25,1.08
2013/10/30,46.3,46.7,46.05,46.65,255.0,11819.0,1.1931,0.4186,109.0,6.0,0.0,0.0,6.0,4033.0,140.0,115.0,0.0,3.0,0.0,36.45,3.29,1.07
2013/10/31,46.6,46.65,46.15,46.15,110.0,5138.0,-1.0718,0.1806,76.0,3.0,0.0,0.0,3.0,4004.0,28.0,51.0,0.0,3.0,0.0,36.05,3.25,1.08
2013/11/01,46.2,46.55,45.7,46.0,236.0,10879.0,-0.325,0.3875,140.0,-8.0,0.0,0.0,-8.0,3979.0,40.0,65.0,0.0,14.0,11.0,35.94,3.24,1.09
2013/11/04,46.0,46.6,45.8,46.3,241.0,11142.0,0.6522,0.3957,137.0,-11.0,0.0,0.0,-11.0,3974.0,86.0,91.0,0.0,15.0,1.0,36.17,3.27,1.08
2013/11/05,46.1,46.2,45.35,45.35,310.0,14145.0,-2.0518,0.5089,177.0,-17.0,0.0,0.0,-17.0,3908.0,83.0,149.0,2.0,18.0,5.0,35.43,3.2,1.1
2013/11/06,45.5,45.6,42.3,43.3,956.0,41358.0,-4.5204,1.5695,455.0,-7.0,0.0,-149.0,-156.0,3703.0,169.0,374.0,0.0,35.0,17.0,33.83,3.05,1.15
2013/11/07,43.3,43.6,43.0,43.2,130.0,5632.0,-0.2309,0.2134,90.0,10.0,0.0,0.0,10.0,3691.0,13.0,18.0,3.0,36.0,4.0,33.75,3.05,1.16
2013/11/08,42.7,43.6,42.7,43.1,121.0,5238.0,-0.2315,0.1987,88.0,-1.0,0.0,0.0,-1.0,3663.0,9.0,37.0,6.0,30.0,0.0,33.67,3.04,1.16
2013/11/11,43.2,43.5,42.5,43.5,116.0,4997.0,0.9281,0.1904,73.0,-9.0,0.0,0.0,-9.0,3694.0,42.0,11.0,6.0,24.0,0.0,33.98,3.07,1.15
2013/11/12,44.1,44.1,42.75,43.05,246.0,10599.0,-1.0345,0.4039,100.0,-19.0,0.0,0.0,-19.0,3594.0,18.0,118.0,4.0,21.0,1.0,33.63,3.04,1.16
2013/11/13,42.9,43.8,42.9,43.8,179.0,7790.0,1.7422,0.2939,95.0,2.0,0.0,-1.0,1.0,3531.0,15.0,78.0,9.0,14.0,2.0,34.22,3.09,1.14
2013/11/14,43.0,43.7,43.0,43.7,64.0,2774.0,-0.2283,0.1051,58.0,-5.0,0.0,0.0,-5.0,3523.0,17.0,25.0,2.0,15.0,3.0,34.14,3.08,1.14
2013/11/15,43.6,43.8,43.25,43.6,77.0,3374.0,-0.2288,0.1264,103.0,-7.0,0.0,1.0,-6.0,3532.0,21.0,6.0,2.0,15.0,2.0,53.83,3.07,1.15
2013/11/18,43.7,43.8,43.4,43.5,62.0,2716.0,-0.2294,0.1018,43.0,-3.0,0.0,0.0,-3.0,3542.0,16.0,6.0,0.0,15.0,0.0,53.7,3.07,1.15
2013/11/19,43.6,43.75,43.5,43.7,51.0,2236.0,0.4598,0.0837,41.0,0.0,0.0,0.0,0.0,3544.0,3.0,0.0,0.0,15.0,0.0,53.95,3.08,1.14
2013/11/20,43.6,43.85,43.4,43.4,78.0,3414.0,-0.6865,0.1281,47.0,9.0,0.0,0.0,9.0,3543.0,17.0,18.0,0.0,15.0,0.0,53.58,3.06,1.15
2013/11/21,42.8,43.3,42.8,43.1,51.0,2192.0,-0.6912,0.0837,39.0,4.0,0.0,0.0,4.0,3533.0,10.0,20.0,0.0,16.0,1.0,53.21,3.04,1.16
2013/11/22,43.15,43.15,42.9,43.05,88.0,3792.0,-0.116,0.1445,58.0,-9.0,0.0,0.0,-9.0,3525.0,14.0,22.0,1.0,19.0,4.0,53.15,3.03,1.16
2013/11/25,43.05,43.3,42.95,43.0,117.0,5039.0,-0.1161,0.1921,53.0,3.0,0.0,0.0,3.0,3534.0,13.0,4.0,3.0,16.0,0.0,53.09,3.03,1.16
2013/11/26,43.3,43.3,42.5,43.3,103.0,4415.0,0.6977,0.1691,48.0,2.0,0.0,0.0,2.0,3515.0,10.0,29.0,1.0,15.0,0.0,53.46,3.05,1.15
2013/11/27,43.45,43.6,43.35,43.4,40.0,1743.0,0.2309,0.0657,26.0,0.0,0.0,0.0,0.0,3522.0,19.0,11.0,5.0,10.0,0.0,53.58,3.06,1.15
2013/11/28,43.6,43.75,43.4,43.45,82.0,3566.0,0.1152,0.1346,53.0,8.0,0.0,0.0,8.0,3535.0,16.0,3.0,1.0,9.0,0.0,53.64,3.06,1.15
2013/11/29,43.5,43.8,43.4,43.75,98.0,4277.0,0.6904,0.1609,63.0,4.0,0.0,0.0,4.0,3562.0,31.0,4.0,0.0,9.0,0.0,54.01,3.08,1.14
2013/12/02,43.4,43.75,43.4,43.7,89.0,3875.0,-0.1143,0.1461,52.0,-6.0,0.0,0.0,-6.0,3533.0,5.0,34.0,0.0,17.0,8.0,53.95,3.08,1.14
2013/12/03,43.7,43.85,43.55,43.6,84.0,3666.0,-0.2288,0.1379,49.0,2.0,0.0,0.0,2.0,3527.0,11.0,17.0,0.0,17.0,0.0,53.83,3.07,1.15
2013/12/04,44.45,44.45,43.6,43.6,157.0,6899.0,0.0,0.2578,89.0,-11.0,0.0,0.0,-11.0,3547.0,39.0,19.0,0.0,17.0,0.0,53.83,3.07,1.15
2013/12/05,44.0,44.2,43.5,43.5,54.0,2359.0,-0.2294,0.0887,40.0,0.0,0.0,0.0,0.0,3562.0,18.0,3.0,0.0,17.0,0.0,53.7,3.07,1.15
2013/12/06,43.55,43.85,43.4,43.4,215.0,9377.0,-0.2299,0.353,70.0,-1.0,0.0,0.0,-1.0,3532.0,43.0,73.0,3.0,14.0,0.0,53.58,3.06,1.15
2013/12/09,43.4,43.4,43.1,43.1,114.0,4932.0,-0.6912,0.1872,67.0,-6.0,0.0,0.0,-6.0,3527.0,17.0,21.0,0.0,14.0,0.0,53.21,3.04,1.16
2013/12/10,43.2,43.2,42.75,42.9,91.0,3906.0,-0.464,0.1494,48.0,1.0,0.0,0.0,1.0,3504.0,11.0,34.0,0.0,14.0,0.0,52.96,3.02,1.17
2013/12/11,43.0,43.25,42.7,43.25,87.0,3759.0,0.8159,0.1428,56.0,-5.0,0.0,0.0,-5.0,3517.0,26.0,13.0,5.0,9.0,0.0,53.4,3.05,1.16
2013/12/12,43.0,43.0,42.6,42.6,80.0,3428.0,-1.5029,0.1313,49.0,-4.0,0.0,0.0,-4.0,3527.0,30.0,20.0,0.0,14.0,5.0,52.59,3.0,1.17
2013/12/13,42.4,42.75,42.3,42.4,116.0,4925.0,-0.4695,0.1904,73.0,-1.0,0.0,0.0,-1.0,3558.0,35.0,4.0,5.0,9.0,0.0,52.35,2.99,1.18
2013/12/16,42.2,42.4,40.5,40.75,218.0,9029.0,-3.8915,0.3579,135.0,-13.0,0.0,0.0,-13.0,3562.0,64.0,60.0,1.0,21.0,13.0,50.31,2.87,1.23
2013/12/17,40.5,40.5,40.2,40.5,141.0,5702.0,-0.6135,0.2315,94.0,0.0,0.0,0.0,0.0,3572.0,18.0,2.0,3.0,20.0,2.0,50.0,2.85,1.23
2013/12/18,40.5,42.0,40.5,41.95,149.0,6172.0,3.5802,0.2446,97.0,-3.0,0.0,0.0,-3.0,3603.0,44.0,13.0,9.0,11.0,0.0,51.79,2.96,1.19
2013/12/19,42.1,42.1,41.45,41.45,114.0,4761.0,-1.1919,0.1872,65.0,-4.0,0.0,0.0,-4.0,3664.0,64.0,3.0,0.0,11.0,0.0,51.17,2.92,1.21
2013/12/20,41.4,41.8,41.2,41.7,109.0,4524.0,0.6031,0.1789,46.0,-7.0,0.0,0.0,-7.0,3701.0,72.0,35.0,0.0,11.0,0.0,51.48,2.94,1.2
2013/12/23,42.0,42.6,41.95,42.05,116.0,4908.0,0.8393,0.1904,74.0,-1.0,0.0,0.0,-1.0,3739.0,51.0,13.0,0.0,11.0,0.0,51.91,2.96,1.19
2013/12/24,42.1,42.2,41.7,42.2,37.0,1563.0,0.3567,0.0607,32.0,0.0,0.0,0.0,0.0,3731.0,1.0,9.0,0.0,11.0,0.0,52.1,2.97,1.18
2013/12/25,42.1,42.4,41.5,41.65,70.0,2921.0,-1.3033,0.1149,45.0,4.0,0.0,0.0,4.0,3746.0,21.0,6.0,1.0,10.0,0.0,51.42,2.94,1.2
2013/12/26,42.0,42.0,41.55,41.55,25.0,1050.0,-0.2401,0.041,25.0,2.0,0.0,0.0,2.0,3742.0,7.0,11.0,0.0,10.0,0.0,51.3,2.93,1.2
2013/12/27,41.55,41.8,41.55,41.65,32.0,1337.0,0.2407,0.0525,29.0,2.0,0.0,0.0,2.0,3747.0,13.0,8.0,0.0,10.0,0.0,51.42,2.94,1.2
2013/12/30,42.6,42.8,41.8,42.6,142.0,6000.0,2.2809,0.2331,103.0,10.0,0.0,0.0,10.0,3781.0,58.0,24.0,1.0,9.0,0.0,52.59,3.0,1.17
2013/12/31,43.1,43.25,42.2,42.2,142.0,6099.0,-0.939,0.2331,95.0,4.0,0.0,1.0,5.0,3792.0,63.0,52.0,0.0,9.0,0.0,52.1,2.97,1.18
2014/01/02,42.8,43.4,41.9,42.0,204.0,8604.0,-0.4739,0.3349,164.0,4.0,0.0,0.0,4.0,3709.0,53.0,136.0,0.0,12.0,3.0,51.85,2.96,1.19
2014/01/03,41.9,42.05,41.2,41.4,275.0,11408.0,-1.4286,0.4515,157.0,-9.0,0.0,0.0,-9.0,3660.0,65.0,114.0,0.0,12.0,0.0,51.11,2.92,1.21
2014/01/06,41.0,41.5,40.5,40.75,296.0,12082.0,-1.57,0.486,157.0,-4.0,0.0,0.0,-4.0,3520.0,49.0,189.0,0.0,12.0,0.0,50.31,2.87,1.23
2014/01/07,40.75,41.35,40.5,40.6,123.0,5016.0,-0.3681,0.2019,95.0,2.0,0.0,0.0,2.0,3475.0,11.0,56.0,0.0,12.0,0.0,50.12,2.86,1.23
2014/01/08,40.95,41.0,40.5,40.9,147.0,6016.0,0.7389,0.2413,70.0,4.0,0.0,0.0,4.0,3444.0,8.0,39.0,0.0,17.0,5.0,50.49,2.88,1.22
2014/01/09,40.6,42.65,40.6,42.0,411.0,17232.0,2.6895,0.6748,251.0,0.0,0.0,0.0,0.0,3617.0,231.0,58.0,0.0,17.0,0.0,51.85,2.96,1.19
2014/01/10,42.0,42.0,41.3,41.5,80.0,3322.0,-1.1905,0.1313,62.0,-1.0,0.0,0.0,-1.0,3598.0,5.0,24.0,0.0,17.0,0.0,51.23,2.92,1.2
2014/01/13,41.8,41.9,40.8,41.0,103.0,4246.0,-1.2048,0.1691,75.0,-2.0,0.0,0.0,-2.0,3547.0,10.0,60.0,0.0,17.0,0.0,50.62,2.89,1.22
2014/01/14,41.5,41.5,40.65,40.65,110.0,4492.0,-0.8537,0.1806,66.0,-3.0,0.0,0.0,-3.0,3469.0,9.0,37.0,5.0,12.0,0.0,50.19,2.86,1.23
2014/01/15,41.0,41.0,40.5,40.6,207.0,8409.0,-0.123,0.3398,130.0,3.0,0.0,0.0,3.0,3440.0,32.0,61.0,0.0,12.0,0.0,50.12,2.86,1.23
2014/01/16,40.8,40.9,40.5,40.6,80.0,3254.0,0.0,0.1313,53.0,20.0,0.0,0.0,20.0,3427.0,7.0,13.0,1.0,11.0,0.0,50.12,2.86,1.23
2014/01/17,40.8,40.85,40.3,40.35,153.0,6196.0,-0.6158,0.2512,80.0,1.0,0.0,0.0,1.0,3420.0,7.0,14.0,0.0,11.0,0.0,49.81,2.84,1.24
2014/01/20,40.35,40.7,40.25,40.4,76.0,3067.0,0.1239,0.1248,49.0,0.0,0.0,0.0,0.0,3418.0,11.0,13.0,0.0,11.0,0.0,49.88,2.85,1.24
2014/01/21,40.8,40.8,40.35,40.7,155.0,6292.0,0.7426,0.2545,63.0,0.0,0.0,0.0,0.0,3373.0,7.0,52.0,0.0,11.0,0.0,50.25,2.87,1.23
2014/01/22,40.75,41.15,40.7,40.8,285.0,11662.0,0.2457,0.4679,124.0,11.0,0.0,0.0,11.0,3387.0,58.0,43.0,0.0,11.0,0.0,50.37,2.88,1.23
2014/01/23,41.5,41.5,40.1,40.2,199.0,8058.0,-1.4706,0.3267,110.0,13.0,0.0,0.0,13.0,3342.0,29.0,74.0,0.0,11.0,0.0,49.63,2.83,1.24
2014/01/24,40.2,41.05,40.2,40.5,248.0,10122.0,0.7463,0.4072,133.0,68.0,0.0,0.0,68.0,3325.0,96.0,113.0,0.0,11.0,0.0,50.0,2.85,1.23
2014/01/27,40.8,41.9,40.5,41.9,362.0,14929.0,3.4568,0.5943,189.0,14.0,0.0,0.0,14.0,3352.0,100.0,71.0,3.0,10.0,2.0,51.73,2.95,1.19
2014/02/05,42.3,44.8,42.0,44.8,753.0,33522.0,6.9212,1.2362,338.0,6.0,0.0,-1.0,5.0,3565.0,349.0,136.0,0.0,24.0,14.0,55.31,3.16,1.12
2014/02/06,47.9,47.9,46.05,47.9,3133.0,148717.0,6.9196,5.1436,1552.0,-26.0,0.0,0.0,-26.0,3846.0,1118.0,837.0,5.0,73.0,54.0,59.14,3.38,1.04
2014/02/07,48.6,48.9,46.5,48.9,1606.0,77071.0,2.0877,2.6366,885.0,-8.0,0.0,1.0,-7.0,4021.0,503.0,328.0,11.0,121.0,59.0,60.37,3.45,1.02
2014/02/10,49.6,49.6,47.9,47.9,1230.0,60140.0,-2.045,2.0193,640.0,0.0,0.0,0.0,0.0,4121.0,340.0,240.0,18.0,112.0,9.0,59.14,3.38,1.04
2014/02/11,47.9,51.2,47.9,49.3,1513.0,75260.0,2.9228,2.484,874.0,-25.0,0.0,-1.0,-26.0,4446.0,616.0,291.0,4.0,143.0,35.0,60.86,3.47,1.01
2014/02/12,49.0,49.85,48.0,48.3,787.0,38355.0,-2.0284,1.292,469.0,-11.0,0.0,1.0,-10.0,4386.0,293.0,353.0,10.0,136.0,3.0,59.63,3.4,1.04
2014/02/13,48.8,49.3,47.7,47.7,586.0,28434.0,-1.2422,0.9621,381.0,-5.0,0.0,0.0,-5.0,4353.0,212.0,245.0,36.0,102.0,2.0,58.89,3.36,1.05
2014/02/14,48.5,48.5,46.85,46.85,594.0,28333.0,-1.782,0.9752,356.0,32.0,0.0,0.0,32.0,4330.0,194.0,217.0,50.0,55.0,3.0,57.84,3.3,1.07
2014/02/17,47.2,49.2,46.85,49.2,843.0,40497.0,5.016,1.384,457.0,-88.0,0.0,0.0,-88.0,4448.0,427.0,309.0,5.0,53.0,3.0,60.74,3.47,1.02
2014/02/18,49.5,50.8,48.3,49.7,2346.0,117027.0,1.0163,3.8515,1071.0,-84.0,0.0,0.0,-84.0,4961.0,1062.0,549.0,19.0,35.0,2.0,61.36,3.5,1.01
2014/02/19,49.7,50.8,48.6,48.7,1712.0,85058.0,-2.0121,2.8107,888.0,-16.0,0.0,0.0,-16.0,4816.0,636.0,779.0,13.0,20.0,0.0,60.12,3.43,1.03
2014/02/20,48.75,49.2,48.0,48.0,612.0,29567.0,-1.4374,1.0047,378.0,-5.0,0.0,0.0,-5.0,4634.0,175.0,357.0,16.0,2.0,0.0,59.26,3.38,1.04
2014/02/21,48.2,48.8,47.2,48.7,583.0,28002.0,1.4583,0.9571,327.0,22.0,0.0,0.0,22.0,4414.0,0.0,220.0,0.0,0.0,0.0,60.12,3.43,1.03
2014/02/24,49.7,49.7,48.6,48.9,734.0,36030.0,0.4107,1.205,348.0,-9.0,0.0,0.0,-9.0,4220.0,0.0,193.0,0.0,0.0,0.0,60.37,3.45,1.02
2014/02/25,49.2,49.4,48.7,48.8,543.0,26612.0,-0.2045,0.8915,269.0,-13.0,0.0,0.0,-13.0,4031.0,0.0,189.0,0.0,0.0,0.0,60.25,3.44,1.02
2014/02/26,49.0,49.1,47.55,47.6,822.0,39521.0,-2.459,1.3495,475.0,-17.0,0.0,0.0,-17.0,4061.0,222.0,157.0,0.0,0.0,0.0,58.77,3.35,1.05
2014/02/27,48.0,48.3,47.4,47.75,386.0,18511.0,0.3151,0.6337,257.0,43.0,0.0,0.0,43.0,4033.0,66.0,94.0,0.0,2.0,2.0,58.95,3.37,1.05
2014/03/03,47.4,47.6,46.5,46.7,724.0,34024.0,-2.199,1.1886,402.0,12.0,0.0,-1.0,11.0,3779.0,154.0,408.0,0.0,3.0,1.0,57.65,3.29,1.07
2014/03/04,46.3,46.7,45.75,45.8,835.0,38485.0,-1.9272,1.3709,427.0,9.0,0.0,0.0,9.0,3913.0,222.0,88.0,1.0,2.0,1.0,56.54,3.23,1.09
2014/03/05,46.3,47.5,46.0,47.05,647.0,30396.0,2.7293,1.0622,390.0,47.0,0.0,0.0,47.0,3826.0,221.0,308.0,1.0,13.0,12.0,58.09,3.32,1.06
2014/03/06,47.35,49.3,47.3,48.4,752.0,36449.0,2.8693,1.2346,482.0,-17.0,0.0,0.0,-17.0,3720.0,199.0,305.0,0.0,21.0,8.0,59.75,3.41,1.03
2014/03/07,48.8,49.2,47.1,47.1,725.0,34747.0,-2.686,1.1903,407.0,-39.0,0.0,0.0,-39.0,3613.0,196.0,301.0,0.0,21.0,0.0,58.15,3.32,1.06
2014/03/10,48.0,48.0,47.2,47.6,155.0,7389.0,1.0616,0.2545,121.0,12.0,0.0,0.0,12.0,3612.0,38.0,39.0,0.0,23.0,2.0,58.77,3.35,1.05
2014/03/11,49.3,49.6,48.25,48.3,1296.0,63224.0,1.4706,2.1277,678.0,-52.0,0.0,0.0,-52.0,3799.0,440.0,253.0,1.0,26.0,4.0,59.63,3.4,1.04
2014/03/12,48.6,49.0,48.05,48.2,503.0,24425.0,-0.207,0.8258,305.0,-35.0,0.0,0.0,-35.0,3809.0,162.0,152.0,3.0,23.0,0.0,59.51,3.4,1.04
2014/03/13,48.5,48.9,48.2,48.3,370.0,17983.0,0.2075,0.6074,245.0,-9.0,0.0,0.0,-9.0,3785.0,112.0,136.0,0.0,25.0,2.0,59.63,3.4,1.04
2014/03/14,48.3,49.55,48.0,48.65,2014.0,98987.0,0.7246,3.3065,949.0,-36.0,0.0,0.0,-36.0,4083.0,705.0,407.0,2.0,43.0,20.0,60.06,3.43,1.03
2014/03/17,49.0,52.0,48.85,52.0,4122.0,209984.0,6.8859,6.7673,1834.0,32.0,0.0,1.0,33.0,4944.0,1549.0,688.0,0.0,175.0,132.0,64.2,3.66,0.96
2014/03/18,53.1,53.5,51.0,51.0,4069.0,213587.0,-1.9231,6.6802,2123.0,-70.0,0.0,0.0,-70.0,4664.0,1300.0,1580.0,49.0,183.0,57.0,62.96,3.59,0.98
2014/03/19,51.0,52.0,49.9,50.1,1568.0,79859.0,-1.7647,2.5742,898.0,-40.0,0.0,0.0,-40.0,4913.0,700.0,451.0,33.0,159.0,10.0,61.85,3.53,1.0
2014/03/20,50.1,50.8,49.55,49.55,1167.0,58525.0,-1.0978,1.9159,636.0,-13.0,0.0,0.0,-13.0,4907.0,299.0,305.0,14.0,150.0,5.0,61.17,3.49,1.01
2014/03/21,49.9,50.8,49.0,49.5,1029.0,51207.0,-0.1009,1.6894,571.0,-18.0,0.0,0.0,-18.0,4727.0,291.0,471.0,51.0,104.0,5.0,61.11,3.49,1.01
2014/03/24,48.5,49.5,47.0,48.5,661.0,31858.0,-2.0202,1.0852,415.0,41.0,0.0,0.0,41.0,4615.0,166.0,278.0,50.0,58.0,4.0,59.88,3.42,1.03
2014/03/25,48.3,49.3,48.3,49.05,405.0,19895.0,1.134,0.6649,244.0,-32.0,0.0,0.0,-32.0,4539.0,81.0,157.0,0.0,63.0,5.0,60.56,3.46,1.02
2014/03/26,49.05,49.8,48.5,48.5,530.0,25912.0,-1.1213,0.8701,337.0,-23.0,0.0,0.0,-23.0,4511.0,172.0,200.0,10.0,54.0,1.0,59.88,3.42,1.03
2014/03/27,48.5,49.65,48.5,48.6,447.0,21962.0,0.2062,0.7339,248.0,-20.0,0.0,0.0,-20.0,4556.0,159.0,114.0,5.0,50.0,1.0,60.0,3.42,1.03
2014/03/28,48.5,49.2,48.0,48.1,336.0,16284.0,-1.0288,0.5516,236.0,-2.0,0.0,0.0,-2.0,4502.0,94.0,148.0,5.0,49.0,4.0,59.38,3.39,1.04
2014/03/31,47.9,47.95,47.1,47.55,356.0,16927.0,-1.1435,0.5845,266.0,14.0,0.0,0.0,14.0,4394.0,36.0,144.0,3.0,49.0,3.0,58.7,3.46,1.05
2014/04/01,48.0,48.2,47.55,47.8,249.0,11915.0,0.5258,0.4088,177.0,-3.0,0.0,0.0,-3.0,4340.0,50.0,104.0,4.0,46.0,1.0,93.73,3.48,1.05
2014/04/02,47.8,48.3,47.8,47.9,193.0,9269.0,0.2092,0.3169,148.0,-2.0,0.0,0.0,-2.0,4330.0,63.0,73.0,0.0,47.0,1.0,93.92,3.48,1.04
2014/04/03,48.0,48.15,48.0,48.1,155.0,7451.0,0.4175,0.2545,104.0,-14.0,0.0,0.0,-14.0,4305.0,29.0,54.0,6.0,41.0,0.0,94.31,3.5,1.04
2014/04/07,48.1,48.75,48.0,48.3,276.0,13346.0,0.4158,0.4531,186.0,-13.0,0.0,-1.0,-14.0,4282.0,62.0,85.0,2.0,46.0,7.0,94.71,3.51,1.04
2014/04/08,48.5,49.5,48.0,49.4,649.0,31894.0,2.2774,1.0655,360.0,-45.0,0.0,0.0,-45.0,4333.0,251.0,199.0,0.0,47.0,1.0,96.86,3.59,1.01
2014/04/09,49.9,50.0,48.8,48.9,572.0,28262.0,-1.0121,0.9391,308.0,-15.0,0.0,-1.0,-16.0,4367.0,192.0,158.0,7.0,47.0,7.0,95.88,3.56,1.02
2014/04/10,48.3,49.2,48.3,48.5,323.0,15675.0,-0.818,0.5303,189.0,-11.0,0.0,1.0,-10.0,4355.0,127.0,138.0,6.0,41.0,0.0,95.1,3.53,1.03
2014/04/11,48.7,48.9,48.3,48.8,396.0,19240.0,0.6186,0.6501,253.0,-5.0,0.0,0.0,-5.0,4398.0,164.0,119.0,2.0,43.0,4.0,95.69,3.55,1.02
2014/04/14,49.2,49.35,48.1,48.1,332.0,16112.0,-1.4344,0.5451,188.0,-8.0,0.0,0.0,-8.0,4464.0,188.0,122.0,5.0,38.0,0.0,94.31,3.5,1.04
2014/04/15,48.5,48.5,48.0,48.1,213.0,10281.0,0.0,0.3497,118.0,-8.0,0.0,0.0,-8.0,4388.0,41.0,117.0,13.0,26.0,1.0,94.31,3.5,1.04
2014/04/16,48.45,48.45,47.6,47.7,169.0,8096.0,-0.8316,0.2775,119.0,17.0,0.0,-1.0,16.0,4386.0,54.0,56.0,0.0,26.0,0.0,93.53,3.47,1.05
2014/04/17,47.7,50.0,47.7,48.9,612.0,30102.0,2.5157,1.0047,334.0,-5.0,0.0,0.0,-5.0,4542.0,298.0,142.0,0.0,36.0,10.0,95.88,3.56,1.02
2014/04/18,49.1,49.4,48.2,48.2,220.0,10715.0,-1.4315,0.3612,138.0,-11.0,0.0,0.0,-11.0,4534.0,69.0,77.0,5.0,31.0,0.0,94.51,3.51,1.04
2014/04/21,48.7,48.95,48.05,48.3,191.0,9236.0,0.2075,0.3136,131.0,0.0,0.0,0.0,0.0,4467.0,49.0,115.0,10.0,21.0,0.0,94.71,3.51,1.04
2014/04/22,48.5,48.5,48.0,48.05,190.0,9148.0,-0.5176,0.3119,97.0,1.0,0.0,0.0,1.0,4467.0,55.0,55.0,5.0,16.0,0.0,94.22,3.49,1.04
2014/04/23,48.05,48.5,47.65,48.2,259.0,12448.0,0.3122,0.4252,144.0,3.0,0.0,0.0,3.0,4411.0,64.0,120.0,0.0,16.0,0.0,94.51,3.51,1.04
2014/04/24,48.4,49.95,48.2,48.8,1008.0,49600.0,1.2448,1.6549,556.0,14.0,0.0,0.0,14.0,4492.0,350.0,247.0,0.0,16.0,0.0,95.69,3.55,1.02
2014/04/25,49.0,49.2,45.6,47.4,633.0,30149.0,-2.8689,1.0392,368.0,-20.0,0.0,1.0,-19.0,4329.0,112.0,273.0,1.0,36.0,21.0,92.94,3.45,1.05
2014/04/28,46.5,47.0,45.8,46.1,313.0,14550.0,-2.7426,0.5139,204.0,-2.0,0.0,0.0,-2.0,4287.0,56.0,98.0,10.0,27.0,1.0,90.39,3.35,1.08
2014/04/29,46.1,46.9,46.1,46.7,265.0,12344.0,1.3015,0.4351,164.0,9.0,0.0,0.0,9.0,4214.0,51.0,122.0,0.0,27.0,0.0,91.57,3.4,1.07
2014/04/30,46.9,46.9,45.8,45.95,355.0,16435.0,-1.606,0.5828,173.0,-8.0,0.0,0.0,-8.0,4158.0,98.0,151.0,0.0,35.0,8.0,90.1,3.34,1.09
2014/05/02,45.7,47.5,45.7,46.5,322.0,15087.0,1.197,0.5286,200.0,31.0,0.0,0.0,31.0,4074.0,58.0,142.0,5.0,40.0,10.0,91.18,3.38,1.08
2014/05/05,46.55,46.8,46.2,46.5,150.0,6981.0,0.0,0.2463,93.0,2.0,0.0,0.0,2.0,4042.0,27.0,59.0,0.0,40.0,0.0,91.18,3.38,1.08
2014/05/06,46.8,48.45,46.55,48.35,445.0,21114.0,3.9785,0.7306,312.0,17.0,0.0,-1.0,16.0,4145.0,210.0,107.0,28.0,12.0,0.0,94.8,3.52,1.03
2014/05/07,47.6,48.6,47.05,47.1,308.0,14677.0,-2.5853,0.5057,201.0,-15.0,0.0,1.0,-14.0,4078.0,53.0,120.0,0.0,12.0,0.0,92.35,3.43,1.06
2014/05/08,47.6,49.2,47.4,48.15,729.0,35350.0,2.2293,1.1968,405.0,-5.0,0.0,0.0,-5.0,4213.0,239.0,104.0,0.0,17.0,5.0,94.41,3.5,1.04
2014/05/09,48.55,48.55,47.55,47.6,209.0,9989.0,-1.1423,0.3431,120.0,-8.0,0.0,0.0,-8.0,4167.0,55.0,101.0,0.0,18.0,1.0,93.33,3.46,1.05
2014/05/12,47.5,47.95,46.95,46.95,285.0,13463.0,-1.3655,0.4679,159.0,-20.0,0.0,-1.0,-21.0,4145.0,64.0,86.0,6.0,12.0,0.0,92.06,3.41,1.06
2014/05/13,47.3,47.4,46.6,46.65,103.0,4853.0,-0.639,0.1691,72.0,0.0,0.0,0.0,0.0,4149.0,38.0,34.0,3.0,9.0,0.0,91.47,3.41,1.07
2014/05/14,46.4,46.6,46.05,46.4,271.0,12562.0,-0.5359,0.4449,153.0,12.0,0.0,1.0,13.0,4077.0,29.0,100.0,1.0,22.0,14.0,1546.67,3.39,0.0
2014/05/15,46.1,46.9,46.1,46.4,159.0,7379.0,0.0,0.261,101.0,14.0,0.0,0.0,14.0,4065.0,34.0,46.0,0.0,28.0,6.0,1546.67,3.39,0.0
2014/05/16,46.5,46.7,46.2,46.5,118.0,5477.0,0.2155,0.1937,66.0,13.0,0.0,0.0,13.0,4021.0,7.0,51.0,20.0,8.0,0.0,1550.0,3.39,0.0
2014/05/19,46.5,46.95,46.3,46.55,56.0,2603.0,0.1075,0.0919,40.0,8.0,0.0,0.0,8.0,3998.0,9.0,32.0,1.0,7.0,0.0,1551.67,3.4,0.0
2014/05/20,46.55,46.95,46.0,46.3,199.0,9226.0,-0.5371,0.3267,88.0,5.0,0.0,1.0,6.0,3891.0,38.0,145.0,0.0,7.0,0.0,1543.33,3.38,0.0
2014/05/21,46.35,46.7,46.0,46.05,126.0,5824.0,-0.54,0.2069,67.0,1.0,0.0,0.0,1.0,3865.0,15.0,41.0,0.0,7.0,0.0,1535.0,3.36,0.0
2014/05/22,46.05,46.45,46.05,46.3,128.0,5928.0,0.5429,0.2101,62.0,14.0,0.0,0.0,14.0,3837.0,3.0,31.0,0.0,10.0,3.0,1543.33,3.38,0.0
2014/05/23,46.7,47.3,46.4,46.4,144.0,6751.0,0.216,0.2364,101.0,10.0,0.0,0.0,10.0,3819.0,42.0,37.0,0.0,12.0,2.0,1546.67,3.39,0.0
2014/05/26,46.3,46.9,46.3,46.55,125.0,5826.0,0.3233,0.2052,68.0,16.0,0.0,0.0,16.0,3796.0,27.0,50.0,0.0,12.0,0.0,1551.67,3.4,0.0
2014/05/27,46.55,47.2,46.55,47.2,142.0,6673.0,1.3963,0.2331,112.0,12.0,0.0,0.0,12.0,3826.0,51.0,21.0,1.0,12.0,1.0,1573.33,3.45,0.0
2014/05/28,47.2,47.6,46.6,47.1,180.0,8468.0,-0.2119,0.2955,115.0,7.0,0.0,0.0,7.0,3791.0,23.0,58.0,1.0,11.0,0.0,1570.0,3.44,0.0
2014/05/29,47.1,47.1,46.7,46.7,77.0,3604.0,-0.8493,0.1264,57.0,6.0,1.0,0.0,7.0,3786.0,9.0,14.0,0.0,11.0,0.0,1556.67,3.41,0.0
2014/05/30,46.7,46.9,46.5,46.6,143.0,6676.0,-0.2141,0.2348,76.0,7.0,0.0,0.0,7.0,3753.0,9.0,42.0,0.0,11.0,0.0,1553.33,3.4,0.0
2014/06/03,46.6,47.2,46.6,46.9,97.0,4561.0,0.6438,0.1592,67.0,16.0,0.0,0.0,16.0,3740.0,11.0,24.0,0.0,11.0,0.0,1563.33,3.42,0.0
2014/06/04,47.2,47.2,46.6,46.8,154.0,7191.0,-0.2132,0.2528,81.0,-3.0,0.0,0.0,-3.0,3734.0,20.0,26.0,1.0,10.0,0.0,1560.0,3.42,0.0
2014/06/05,46.9,46.9,46.6,46.65,106.0,4945.0,-0.3205,0.174,59.0,-6.0,0.0,0.0,-6.0,3724.0,13.0,23.0,0.0,10.0,0.0,1555.0,3.41,0.0
2014/06/06,46.65,46.8,46.0,46.35,309.0,14348.0,-0.6431,0.5073,122.0,-6.0,0.0,0.0,-6.0,3754.0,53.0,23.0,1.0,10.0,1.0,1545.0,3.38,0.0
2014/06/09,46.35,46.5,46.15,46.5,201.0,9310.0,0.3236,0.33,78.0,1.0,0.0,0.0,1.0,3725.0,9.0,38.0,0.0,10.0,0.0,1550.0,3.39,0.0
2014/06/10,46.3,46.6,46.2,46.6,131.0,6083.0,0.2151,0.2151,65.0,-1.0,0.0,0.0,-1.0,3739.0,26.0,12.0,0.0,10.0,0.0,1553.33,3.4,0.0
2014/06/11,47.2,49.85,47.2,49.85,1091.0,53943.0,6.9742,1.7911,442.0,1.0,0.0,0.0,1.0,4507.0,919.0,151.0,1.0,10.0,1.0,1661.67,3.64,0.0
2014/06/12,50.5,52.6,49.9,49.9,4167.0,213926.0,0.1003,6.8411,2050.0,18.0,-1.0,0.0,17.0,4467.0,1387.0,1427.0,0.0,22.0,12.0,1663.33,3.64,0.0
2014/06/13,49.9,50.6,48.5,49.5,834.0,41428.0,-0.8016,1.3692,548.0,10.0,0.0,0.0,10.0,4549.0,221.0,139.0,5.0,26.0,9.0,1650.0,3.61,0.0
2014/06/16,50.0,50.4,49.5,49.55,555.0,27749.0,0.101,0.9112,368.0,1.0,0.0,0.0,1.0,4595.0,173.0,127.0,1.0,32.0,7.0,1651.67,3.62,0.0
2014/06/17,50.0,50.0,48.5,48.55,522.0,25547.0,-2.0182,0.857,338.0,-3.0,0.0,1.0,-2.0,4503.0,115.0,207.0,9.0,23.0,0.0,1618.33,3.54,0.0
2014/06/18,48.5,49.4,47.65,47.8,392.0,18989.0,-1.5448,0.6436,275.0,4.0,0.0,0.0,4.0,4469.0,118.0,152.0,1.0,24.0,2.0,1593.33,3.49,0.0
2014/06/19,47.85,48.65,47.85,48.3,151.0,7290.0,1.046,0.2479,107.0,8.0,0.0,0.0,8.0,4449.0,49.0,64.0,1.0,23.0,0.0,1610.0,3.53,0.0
2014/06/20,48.4,48.6,48.0,48.15,196.0,9440.0,-0.3106,0.3218,113.0,-2.0,0.0,0.0,-2.0,4507.0,93.0,34.0,2.0,22.0,1.0,1605.0,3.51,0.0
2014/06/23,48.5,49.7,47.6,47.95,479.0,23369.0,-0.4154,0.7864,319.0,-26.0,0.0,0.0,-26.0,4491.0,164.0,180.0,0.0,23.0,1.0,1598.33,3.5,0.0
2014/06/24,47.6,49.0,47.6,48.5,258.0,12469.0,1.147,0.4236,179.0,8.0,0.0,0.0,8.0,4546.0,128.0,73.0,0.0,37.0,14.0,1616.67,3.54,0.0
2014/06/25,49.0,50.0,48.8,49.45,934.0,46254.0,1.9588,1.5334,522.0,-15.0,0.0,0.0,-15.0,4742.0,396.0,197.0,0.0,76.0,39.0,1648.33,3.61,0.0
2014/06/26,50.0,50.0,48.85,49.0,554.0,27343.0,-0.91,0.9095,337.0,-28.0,0.0,1.0,-27.0,4668.0,172.0,246.0,37.0,39.0,0.0,1633.33,3.58,0.0
2014/06/27,49.5,49.5,48.7,48.7,389.0,19049.0,-0.6122,0.6386,195.0,-7.0,0.0,0.0,-7.0,4574.0,120.0,214.0,0.0,40.0,1.0,1623.33,3.55,0.0
2014/06/30,48.7,49.8,48.7,49.1,683.0,33708.0,0.8214,1.1213,329.0,19.0,0.0,0.0,19.0,4575.0,198.0,197.0,2.0,68.0,30.0,1636.67,3.58,0.0
2014/07/01,49.5,49.5,48.5,48.85,569.0,27858.0,-0.5092,0.9341,259.0,-27.0,0.0,0.0,-27.0,4754.0,286.0,107.0,32.0,36.0,0.0,1628.33,3.57,0.0
2014/07/02,49.05,49.05,47.8,47.9,459.0,22203.0,-1.9447,0.7536,232.0,-24.0,0.0,1.0,-23.0,4705.0,133.0,177.0,10.0,26.0,0.0,1596.67,3.5,0.0
2014/07/03,44.55,46.7,44.55,46.15,1084.0,49960.0,-3.6534,1.7796,516.0,27.0,0.0,0.0,27.0,4624.0,230.0,309.0,11.0,39.0,24.0,1538.33,3.37,0.0
2014/07/04,46.0,46.0,45.4,45.5,685.0,31302.0,-1.4085,1.1246,371.0,13.0,0.0,0.0,13.0,4481.0,108.0,251.0,2.0,38.0,1.0,1516.67,3.32,0.0
2014/07/07,45.5,46.6,45.5,45.7,312.0,14362.0,0.4396,0.5122,194.0,-39.0,0.0,0.0,-39.0,4450.0,47.0,78.0,5.0,36.0,3.0,1523.33,3.34,0.0
2014/07/08,45.75,46.8,45.75,46.3,421.0,19517.0,1.3129,0.6912,225.0,-43.0,0.0,0.0,-43.0,4488.0,72.0,34.0,4.0,36.0,4.0,1543.33,3.38,0.0
2014/07/09,46.0,46.0,45.7,46.0,259.0,11875.0,-0.6479,0.4252,109.0,0.0,0.0,0.0,0.0,4418.0,32.0,102.0,9.0,27.0,0.0,1533.33,3.36,0.0
2014/07/10,46.05,47.0,46.0,46.0,397.0,18370.0,0.0,0.6518,177.0,-33.0,0.0,0.0,-33.0,4407.0,46.0,57.0,1.0,33.0,7.0,1533.33,3.36,0.0
2014/07/11,46.0,47.0,45.1,45.1,554.0,25548.0,-1.9565,0.9095,310.0,22.0,0.0,0.0,22.0,4457.0,208.0,122.0,2.0,48.0,17.0,1503.33,3.29,0.0
2014/07/14,45.1,46.2,45.1,45.35,169.0,7738.0,0.5543,0.2775,108.0,5.0,0.0,0.0,5.0,4439.0,14.0,32.0,11.0,37.0,0.0,1511.67,3.31,0.0
2014/07/15,46.2,46.2,45.6,46.05,117.0,5415.0,1.5436,0.1921,82.0,0.0,0.0,0.0,0.0,4451.0,25.0,13.0,0.0,38.0,1.0,1535.0,3.36,0.0
2014/07/16,45.8,45.8,45.1,45.8,326.0,14843.0,-0.5429,0.5352,117.0,5.0,0.0,0.0,5.0,4307.0,50.0,194.0,1.0,87.0,50.0,1526.67,3.34,0.0
2014/07/17,45.15,46.4,45.15,45.85,152.0,6988.0,0.1092,0.2495,104.0,2.0,0.0,0.0,2.0,4317.0,70.0,60.0,0.0,87.0,0.0,1528.33,3.35,0.0
2014/07/18,45.5,46.3,45.5,46.1,183.0,8434.0,0.5453,0.3004,94.0,-4.0,0.0,0.0,-4.0,4370.0,90.0,37.0,3.0,89.0,5.0,1536.67,3.36,0.0
2014/07/21,45.3,45.95,45.1,45.25,295.0,13402.0,-1.8438,0.4843,188.0,13.0,0.0,0.0,13.0,4406.0,54.0,18.0,17.0,74.0,2.0,1508.33,3.3,0.0
2014/07/22,45.8,45.8,45.15,45.35,65.0,2948.0,0.221,0.1067,66.0,13.0,0.0,0.0,13.0,4395.0,15.0,26.0,0.0,74.0,0.0,1511.67,3.31,0.0
2014/07/24,45.35,45.8,45.15,45.55,119.0,5404.0,0.441,0.1954,90.0,10.0,0.0,0.0,10.0,4340.0,20.0,50.0,1.0,73.0,0.0,1518.33,3.32,0.0
2014/07/25,45.5,45.6,45.3,45.3,75.0,3404.0,-0.5488,0.1231,64.0,-1.0,0.0,0.0,-1.0,4318.0,5.0,27.0,0.0,76.0,3.0,1510.0,3.31,0.0
2014/07/28,45.3,45.4,44.6,44.6,190.0,8521.0,-1.5453,0.3119,147.0,-5.0,0.0,1.0,-4.0,4317.0,41.0,44.0,3.0,79.0,6.0,1486.67,3.26,0.0
2014/07/29,44.6,44.6,42.1,42.65,581.0,24940.0,-4.3722,0.9539,318.0,-3.0,0.0,2.0,-1.0,4318.0,130.0,129.0,2.0,124.0,47.0,1421.67,3.11,0.0
2014/07/30,42.6,43.0,42.15,42.8,203.0,8656.0,0.3517,0.3333,152.0,13.0,0.0,0.0,13.0,4308.0,18.0,28.0,43.0,87.0,6.0,1426.67,3.12,0.0
2014/07/31,42.95,43.35,42.5,43.35,91.0,3903.0,1.285,0.1494,72.0,8.0,0.0,0.0,8.0,4298.0,7.0,16.0,20.0,67.0,0.0,1445.0,3.16,0.0
2014/08/01,43.3,43.5,42.65,43.0,103.0,4434.0,-0.8074,0.1691,62.0,12.0,0.0,0.0,12.0,4299.0,15.0,14.0,29.0,38.0,0.0,1433.33,3.14,0.0
2014/08/04,43.3,43.45,43.3,43.35,57.0,2469.0,0.814,0.0936,33.0,1.0,0.0,0.0,1.0,4278.0,0.0,13.0,0.0,38.0,0.0,1445.0,3.16,0.0
2014/08/05,43.1,43.35,42.55,42.65,81.0,3477.0,-1.6148,0.133,63.0,-12.0,0.0,-1.0,-13.0,4266.0,5.0,12.0,3.0,40.0,5.0,1421.67,3.11,0.0
2014/08/06,42.95,42.95,41.2,42.2,209.0,8774.0,-1.0551,0.3431,154.0,7.0,0.0,0.0,7.0,4271.0,51.0,46.0,11.0,31.0,2.0,1406.67,3.08,0.0
2014/08/07,42.2,42.6,41.6,42.25,82.0,3461.0,0.1185,0.1346,54.0,4.0,0.0,0.0,4.0,4285.0,23.0,9.0,2.0,30.0,1.0,1408.33,3.08,0.0
2014/08/08,42.0,42.45,41.2,41.85,127.0,5307.0,-0.9467,0.2085,65.0,1.0,0.0,0.0,1.0,4268.0,6.0,23.0,3.0,27.0,0.0,1395.0,3.05,0.0
2014/08/11,42.0,42.3,41.85,41.95,53.0,2227.0,0.2389,0.087,51.0,7.0,0.0,0.0,7.0,4264.0,3.0,6.0,5.0,22.0,0.0,1398.33,3.06,0.0
2014/08/12,42.0,42.0,41.55,41.55,61.0,2548.0,-0.9535,0.1001,50.0,2.0,0.0,-3.0,-1.0,4268.0,14.0,10.0,0.0,24.0,2.0,1385.0,3.03,0.0
2014/08/13,41.6,41.95,41.5,41.95,50.0,2079.0,0.9627,0.0821,33.0,6.0,0.0,0.0,6.0,4283.0,16.0,1.0,3.0,21.0,0.0,1398.33,3.16,0.0
2014/08/14,41.95,42.1,40.5,40.5,173.0,7162.0,-3.4565,0.284,99.0,-14.0,0.0,-1.0,-15.0,4288.0,23.0,18.0,2.0,22.0,3.0,0.0,3.05,0.0
2014/08/15,40.55,40.7,39.05,39.3,384.0,15247.0,-2.963,0.6304,192.0,1.0,0.0,1.0,2.0,4292.0,98.0,93.0,5.0,24.0,7.0,0.0,2.96,0.0
2014/08/18,39.6,39.6,36.55,36.95,735.0,27151.0,-5.9796,1.2067,357.0,12.0,0.0,-2.0,10.0,4142.0,175.0,275.0,0.0,84.0,60.0,0.0,2.78,0.0
2014/08/19,37.0,38.8,37.0,38.75,244.0,9308.0,4.8714,0.4006,155.0,24.0,0.0,0.0,24.0,4153.0,61.0,46.0,40.0,52.0,8.0,0.0,2.92,0.0
2014/08/20,41.35,41.45,41.35,41.45,375.0,15550.0,6.9677,0.6157,160.0,5.0,0.0,0.0,5.0,4217.0,115.0,51.0,0.0,60.0,8.0,0.0,3.12,0.0
2014/08/21,41.5,43.0,41.5,42.65,1036.0,43684.0,2.8951,1.7008,566.0,-16.0,0.0,0.0,-16.0,4279.0,271.0,209.0,15.0,94.0,49.0,0.0,3.21,0.0
2014/08/22,43.0,43.1,42.2,42.2,366.0,15611.0,-1.0551,0.6009,240.0,9.0,0.0,0.0,9.0,4231.0,41.0,89.0,16.0,88.0,10.0,0.0,3.18,0.0
2014/08/25,42.25,42.45,41.65,41.8,119.0,4993.0,-0.9479,0.1954,88.0,6.0,0.0,0.0,6.0,4225.0,15.0,19.0,21.0,68.0,1.0,0.0,3.15,0.0
2014/08/26,41.8,42.6,41.8,41.85,141.0,5977.0,0.1196,0.2315,102.0,4.0,0.0,0.0,4.0,4215.0,29.0,39.0,23.0,45.0,0.0,0.0,3.15,0.0
2014/08/27,42.0,42.05,41.2,41.2,186.0,7725.0,-1.5532,0.3054,128.0,12.0,0.0,0.0,12.0,4186.0,33.0,62.0,16.0,30.0,1.0,0.0,3.1,0.0
2014/08/28,41.65,41.8,41.2,41.2,71.0,2951.0,0.0,0.1166,63.0,4.0,0.0,0.0,4.0,4179.0,18.0,25.0,10.0,20.0,0.0,0.0,3.1,0.0
2014/08/29,41.3,42.15,41.3,42.1,136.0,5736.0,2.1845,0.2233,93.0,20.0,0.0,0.0,20.0,4183.0,30.0,26.0,9.0,11.0,0.0,0.0,3.17,0.0
2014/09/01,42.5,42.5,41.25,42.0,70.0,2943.0,-0.2375,0.1149,47.0,3.0,0.0,1.0,4.0,4180.0,0.0,3.0,2.0,0.0,0.0,0.0,3.16,0.0
2014/09/02,41.9,41.9,40.9,41.35,116.0,4778.0,-1.5476,0.1904,71.0,0.0,0.0,0.0,0.0,4106.0,0.0,74.0,0.0,0.0,0.0,0.0,3.11,0.0
2014/09/03,41.7,41.7,41.05,41.05,112.0,4617.0,-0.7255,0.1839,68.0,5.0,0.0,0.0,5.0,4069.0,0.0,37.0,0.0,0.0,0.0,0.0,3.09,0.0
2014/09/04,41.0,41.65,40.9,41.5,154.0,6390.0,1.7963,0.1732,97.0,28.0,0.0,0.0,28.0,4103.0,65.0,31.0,0.0,5.0,5.0,0.0,3.12,0.0
2014/09/05,40.8,41.55,40.8,41.1,175.0,7177.0,-0.9639,0.1968,96.0,15.0,0.0,-1.0,14.0,4002.0,11.0,112.0,0.0,7.0,2.0,0.0,3.09,0.0
2014/09/09,41.1,41.5,41.0,41.5,86.0,3539.0,0.9732,0.0967,52.0,9.0,0.0,0.0,9.0,3967.0,8.0,43.0,0.0,9.0,2.0,0.0,3.12,0.0
2014/09/10,41.3,41.3,40.6,41.2,69.0,2830.0,-0.7229,0.0776,49.0,0.0,0.0,1.0,1.0,3942.0,14.0,39.0,2.0,7.0,0.0,0.0,3.1,0.0
2014/09/11,42.6,42.6,41.05,41.2,175.0,7294.0,0.0,0.1968,117.0,-16.0,0.0,-1.0,-17.0,3953.0,42.0,31.0,0.0,11.0,4.0,0.0,3.1,0.0
2014/09/12,41.0,41.0,40.55,40.65,128.0,5211.0,-1.335,0.144,71.0,-24.0,0.0,0.0,-24.0,3923.0,42.0,51.0,1.0,10.0,0.0,0.0,3.06,0.0
2014/09/15,40.25,40.7,40.25,40.7,44.0,1782.0,0.123,0.0495,30.0,-11.0,0.0,1.0,-10.0,3924.0,4.0,3.0,0.0,10.0,0.0,0.0,3.06,0.0
2014/09/16,40.7,41.0,40.6,40.6,66.0,2689.0,-0.2457,0.0742,47.0,-7.0,0.0,-1.0,-8.0,3924.0,7.0,7.0,0.0,11.0,1.0,0.0,3.05,0.0
2014/09/17,41.5,41.5,40.85,41.05,193.0,7958.0,1.1084,0.2171,121.0,32.0,0.0,0.0,32.0,3947.0,49.0,26.0,0.0,12.0,1.0,0.0,3.09,0.0
2014/09/18,41.05,41.05,40.8,40.9,47.0,1928.0,-0.3654,0.0529,37.0,0.0,0.0,0.0,0.0,3907.0,3.0,28.0,1.0,11.0,0.0,0.0,3.08,0.0
2014/09/19,40.9,41.0,40.75,40.8,65.0,2660.0,-0.2445,0.0731,50.0,1.0,0.0,0.0,1.0,3909.0,18.0,15.0,2.0,9.0,0.0,0.0,3.07,0.0
2014/09/22,40.5,41.0,40.5,40.95,101.0,4128.0,0.3676,0.1136,48.0,0.0,0.0,0.0,0.0,3884.0,3.0,28.0,0.0,9.0,0.0,0.0,3.08,0.0
2014/09/23,40.95,40.95,40.7,40.7,44.0,1804.0,-0.6105,0.0495,41.0,-2.0,0.0,0.0,-2.0,3877.0,8.0,15.0,0.0,8.0,0.0,0.0,3.06,0.0
2014/09/24,40.6,40.85,40.6,40.7,62.0,2556.0,0.0,0.0697,53.0,15.0,0.0,0.0,15.0,3886.0,16.0,7.0,0.0,8.0,0.0,0.0,3.06,0.0
2014/09/25,40.8,40.8,40.4,40.6,48.0,1954.0,-0.2457,0.054,52.0,-7.0,0.0,-1.0,-8.0,3874.0,6.0,18.0,1.0,7.0,0.0,0.0,3.05,0.0
2014/09/26,40.5,40.6,40.0,40.4,71.0,2866.0,-0.4926,0.0799,46.0,-2.0,0.0,0.0,-2.0,3855.0,4.0,23.0,0.0,7.0,0.0,0.0,3.04,0.0
2014/09/29,40.4,40.9,40.4,40.75,45.0,1824.0,0.8663,0.0506,35.0,0.0,0.0,0.0,0.0,3852.0,8.0,11.0,0.0,7.0,0.0,0.0,3.07,0.0
2014/09/30,40.7,40.75,40.2,40.65,68.0,2753.0,-0.2454,0.0765,61.0,31.0,0.0,1.0,32.0,3829.0,4.0,27.0,0.0,7.0,0.0,0.0,3.06,0.0
2014/10/01,40.3,40.75,40.3,40.5,81.0,3284.0,-0.369,0.0911,55.0,2.0,0.0,-1.0,1.0,3819.0,13.0,23.0,0.0,7.0,0.0,0.0,3.05,0.0
2014/10/02,40.5,40.8,40.3,40.3,71.0,2875.0,-0.4938,0.0799,44.0,3.0,0.0,1.0,4.0,3800.0,14.0,33.0,0.0,7.0,0.0,0.0,3.03,0.0
2014/10/03,40.5,40.7,40.3,40.7,84.0,3413.0,0.9926,0.0945,59.0,2.0,0.0,-1.0,1.0,3784.0,15.0,31.0,0.0,7.0,0.0,0.0,3.06,0.0
2014/10/06,40.9,40.9,40.5,40.7,137.0,5564.0,0.0,0.1541,82.0,0.0,0.0,0.0,0.0,3672.0,22.0,37.0,0.0,7.0,0.0,0.0,3.06,0.0
2014/10/07,40.55,40.7,40.55,40.7,102.0,4143.0,0.0,0.1147,44.0,-1.0,0.0,0.0,-1.0,3659.0,8.0,21.0,0.0,7.0,0.0,0.0,3.06,0.0
2014/10/08,40.9,41.8,40.7,41.25,350.0,14387.0,1.3514,0.3937,147.0,12.0,0.0,-1.0,11.0,3786.0,155.0,28.0,0.0,10.0,3.0,0.0,3.1,0.0
2014/10/09,41.5,41.75,41.0,41.0,182.0,7517.0,-0.6061,0.2047,125.0,-24.0,0.0,0.0,-24.0,3768.0,35.0,53.0,1.0,14.0,5.0,0.0,3.09,0.0
2014/10/13,40.6,40.9,40.0,40.75,201.0,8173.0,-0.6098,0.2261,106.0,-2.0,0.0,2.0,0.0,3438.0,17.0,33.0,3.0,14.0,3.0,0.0,3.07,0.0
2014/10/14,40.5,40.75,40.35,40.35,201.0,8138.0,-0.9816,0.2261,117.0,-7.0,0.0,0.0,-7.0,3486.0,58.0,9.0,2.0,13.0,1.0,0.0,3.04,0.0
2014/10/15,40.35,40.35,39.8,39.8,303.0,12140.0,-1.3631,0.3408,197.0,-15.0,0.0,0.0,-15.0,3497.0,43.0,31.0,3.0,17.0,9.0,0.0,2.99,0.0
2014/10/16,39.8,40.0,39.35,39.5,298.0,11835.0,-0.7538,0.3352,180.0,-9.0,0.0,0.0,-9.0,3517.0,47.0,27.0,1.0,20.0,4.0,0.0,2.97,0.0
2014/10/17,39.5,39.8,39.25,39.25,218.0,8604.0,-0.6329,0.2452,150.0,-20.0,0.0,-1.0,-21.0,3517.0,14.0,14.0,1.0,51.0,32.0,0.0,2.95,0.0
2014/10/20,39.0,39.6,39.0,39.3,134.0,5266.0,0.1274,0.1507,100.0,0.0,0.0,0.0,0.0,3520.0,11.0,8.0,9.0,53.0,11.0,0.0,2.96,0.0
2014/10/21,39.3,40.25,39.3,40.0,122.0,4869.0,1.7812,0.1372,85.0,-4.0,0.0,0.0,-4.0,3540.0,38.0,17.0,1.0,88.0,36.0,0.0,3.01,0.0
2014/10/22,39.3,40.1,39.3,39.6,81.0,3225.0,-1.0,0.0911,64.0,-25.0,0.0,0.0,-25.0,3529.0,6.0,17.0,3.0,106.0,21.0,0.0,2.98,0.0
2014/10/23,39.6,40.5,39.5,40.2,129.0,5172.0,1.5152,0.1451,94.0,-20.0,0.0,-1.0,-21.0,3597.0,75.0,7.0,6.0,126.0,26.0,0.0,3.02,0.0
2014/10/24,40.0,40.2,39.85,39.95,149.0,5962.0,-0.6219,0.1676,108.0,-16.0,0.0,0.0,-16.0,3644.0,57.0,10.0,1.0,213.0,88.0,0.0,3.01,0.0
2014/10/27,39.55,40.0,38.4,39.0,551.0,21769.0,-2.378,0.6197,464.0,-20.0,0.0,0.0,-20.0,3693.0,82.0,33.0,137.0,62.0,4.0,0.0,2.93,0.0
2014/10/28,39.0,39.15,36.55,38.45,536.0,20538.0,-1.4103,0.6029,383.0,-3.0,0.0,-30.0,-33.0,3715.0,74.0,50.0,9.0,95.0,49.0,0.0,2.89,0.0
2014/10/29,38.7,40.0,38.7,39.9,307.0,12141.0,3.7711,0.3453,234.0,-7.0,0.0,-30.0,-37.0,3865.0,175.0,25.0,45.0,49.0,1.0,0.0,3.0,0.0
2014/10/30,40.0,40.15,39.8,39.9,111.0,4471.0,0.0,0.1248,103.0,5.0,0.0,0.0,5.0,3868.0,25.0,20.0,9.0,41.0,3.0,0.0,3.0,0.0
2014/10/31,40.0,40.25,40.0,40.25,180.0,7249.0,0.8772,0.2024,164.0,4.0,0.0,0.0,4.0,3963.0,100.0,5.0,0.0,42.0,1.0,0.0,3.03,0.0
2014/11/03,40.5,42.7,40.5,42.4,978.0,41047.0,5.3416,1.1,723.0,-11.0,0.0,-10.0,-21.0,4328.0,485.0,120.0,13.0,36.0,7.0,0.0,3.19,0.0
2014/11/04,43.0,43.0,41.2,41.2,325.0,13674.0,-2.8302,0.3655,271.0,-37.0,0.0,-4.0,-41.0,4449.0,139.0,18.0,10.0,26.0,0.0,0.0,3.1,0.0
2014/11/05,41.25,41.5,40.1,40.1,182.0,7421.0,-2.6699,0.2047,145.0,-8.0,0.0,-9.0,-17.0,4465.0,59.0,43.0,0.0,27.0,1.0,0.0,3.02,0.0
2014/11/06,40.15,40.3,39.35,39.5,139.0,5536.0,-1.4963,0.1563,90.0,-18.0,0.0,-3.0,-21.0,4444.0,17.0,34.0,2.0,25.0,0.0,0.0,2.97,0.0
2014/11/07,39.5,40.15,39.3,39.5,110.0,4379.0,0.0,0.1237,79.0,-21.0,0.0,0.0,-21.0,4481.0,43.0,6.0,2.0,24.0,1.0,0.0,2.97,0.0
2014/11/10,39.5,39.75,39.1,39.1,111.0,4371.0,-1.0127,0.1248,74.0,-14.0,0.0,0.0,-14.0,4485.0,15.0,10.0,3.0,21.0,0.0,0.0,2.94,0.0
2014/11/11,39.1,39.45,39.0,39.0,71.0,2816.0,-0.2558,0.0799,67.0,-4.0,0.0,2.0,-2.0,4496.0,12.0,1.0,0.0,21.0,0.0,0.0,2.93,0.0
2014/11/12,39.0,39.2,38.5,39.2,96.0,3720.0,0.5128,0.108,71.0,-23.0,0.0,-9.0,-32.0,4482.0,17.0,31.0,3.0,23.0,5.0,0.0,2.95,0.0
2014/11/13,39.2,39.2,38.1,38.15,210.0,8109.0,-2.6786,0.2362,88.0,-19.0,0.0,-12.0,-31.0,4485.0,3.0,0.0,3.0,47.0,27.0,0.0,3.05,0.0
2014/11/14,38.3,38.55,38.0,38.2,121.0,4649.0,0.1311,0.1361,75.0,-11.0,0.0,-18.0,-29.0,4474.0,11.0,12.0,2.0,47.0,2.0,0.0,3.06,0.0
2014/11/17,38.2,38.2,37.75,38.0,199.0,7560.0,-0.5236,0.2238,73.0,33.0,0.0,-6.0,27.0,4463.0,11.0,14.0,4.0,46.0,3.0,0.0,3.04,0.0
2014/11/18,38.0,38.2,36.3,36.85,237.0,8804.0,-3.0263,0.2666,109.0,-18.0,0.0,-4.0,-22.0,4440.0,45.0,68.0,19.0,57.0,30.0,0.0,2.95,0.0
2014/11/19,36.9,37.6,36.5,36.7,228.0,8451.0,-0.4071,0.2564,124.0,-9.0,0.0,-28.0,-37.0,4345.0,25.0,48.0,7.0,51.0,1.0,0.0,2.94,0.0
2014/11/20,36.7,37.4,36.7,37.4,75.0,2790.0,1.9074,0.0844,55.0,-2.0,0.0,-25.0,-27.0,4345.0,5.0,4.0,7.0,44.0,0.0,0.0,2.99,0.0
2014/11/21,37.05,37.1,36.95,37.0,69.0,2553.0,-1.0695,0.0776,53.0,-2.0,0.0,-3.0,-5.0,4346.0,13.0,12.0,1.0,43.0,0.0,0.0,2.96,0.0
2014/11/24,36.95,37.0,35.8,36.2,401.0,14493.0,-2.1622,0.451,163.0,5.0,0.0,-1.0,4.0,4304.0,101.0,138.0,1.0,49.0,7.0,0.0,2.9,0.0
2014/11/25,35.9,36.4,35.9,36.0,122.0,4402.0,-0.5525,0.1372,80.0,-1.0,0.0,-9.0,-10.0,4333.0,46.0,8.0,3.0,46.0,0.0,0.0,2.88,0.0
2014/11/26,36.0,36.65,35.9,36.35,100.0,3632.0,0.9722,0.1125,84.0,20.0,0.0,-8.0,12.0,4315.0,17.0,35.0,2.0,44.0,0.0,0.0,2.91,0.0
2014/11/27,36.35,36.7,36.35,36.6,99.0,3623.0,0.6878,0.1113,56.0,11.0,0.0,-16.0,-5.0,4304.0,20.0,31.0,0.0,44.0,0.0,0.0,2.93,0.0
2014/11/28,36.45,36.5,36.1,36.1,51.0,1849.0,-1.3661,0.0574,37.0,-2.0,0.0,-4.0,-6.0,4308.0,5.0,1.0,2.0,43.0,1.0,0.0,2.89,0.0
2014/12/01,34.0,36.3,34.0,35.4,110.0,3912.0,-1.9391,0.1237,117.0,-9.0,0.0,-1.0,-10.0,4338.0,39.0,9.0,3.0,55.0,15.0,0.0,2.83,0.0
2014/12/02,35.75,36.4,35.25,36.0,212.0,7593.0,1.6949,0.2384,129.0,11.0,0.0,-8.0,3.0,4397.0,80.0,21.0,1.0,69.0,15.0,0.0,2.88,0.0
2014/12/03,36.2,37.5,36.2,37.05,260.0,9606.0,2.9167,0.2924,170.0,0.0,0.0,-26.0,-26.0,4491.0,128.0,34.0,1.0,71.0,3.0,0.0,2.96,0.0
2014/12/04,37.2,38.2,37.2,37.5,122.0,4608.0,1.2146,0.1372,86.0,-2.0,0.0,-19.0,-21.0,4464.0,9.0,25.0,0.0,71.0,0.0,0.0,3.0,0.0
2014/12/05,37.45,37.45,36.85,37.0,140.0,5191.0,-1.3333,0.1575,83.0,-4.0,0.0,-15.0,-19.0,4466.0,33.0,31.0,2.0,71.0,2.0,0.0,2.96,0.0
2014/12/08,36.8,37.3,36.8,36.85,97.0,3603.0,-0.4054,0.1091,78.0,0.0,0.0,-12.0,-12.0,4495.0,30.0,1.0,0.0,71.0,0.0,0.0,2.95,0.0
2014/12/09,36.5,36.6,35.8,36.0,195.0,7077.0,-2.3066,0.2193,110.0,-7.0,0.0,-21.0,-28.0,4440.0,16.0,71.0,0.0,72.0,1.0,0.0,2.88,0.0
2014/12/10,35.75,35.9,35.55,35.7,58.0,2072.0,-0.8333,0.0652,46.0,0.0,0.0,-25.0,-25.0,4444.0,8.0,4.0,1.0,71.0,0.0,0.0,2.86,0.0
2014/12/11,35.4,36.0,35.4,35.6,53.0,1894.0,-0.2801,0.0596,37.0,-6.0,0.0,-27.0,-33.0,4456.0,12.0,0.0,0.0,71.0,0.0,0.0,2.85,0.0
2014/12/12,35.7,36.2,35.2,35.2,108.0,3866.0,-1.1236,0.1215,64.0,-3.0,0.0,-22.0,-25.0,4471.0,21.0,5.0,2.0,69.0,0.0,0.0,2.82,0.0
2014/12/15,35.2,35.7,35.15,35.45,79.0,2791.0,0.7102,0.0889,80.0,-4.0,0.0,1.0,-3.0,4466.0,17.0,22.0,2.0,70.0,3.0,0.0,2.84,0.0
2014/12/16,35.4,35.95,35.4,35.6,77.0,2777.0,0.4231,0.0866,73.0,16.0,0.0,1.0,17.0,4467.0,14.0,12.0,4.0,67.0,1.0,0.0,2.85,0.0
2014/12/17,35.7,35.75,35.0,35.15,78.0,2760.0,-1.264,0.0877,67.0,-2.0,0.0,2.0,0.0,4474.0,20.0,13.0,0.0,67.0,0.0,0.0,2.81,0.0
2014/12/18,35.2,35.65,35.0,35.25,62.0,2184.0,0.2845,0.0697,47.0,0.0,0.0,-1.0,-1.0,4487.0,21.0,8.0,0.0,68.0,1.0,0.0,2.82,0.0
2014/12/19,35.3,35.6,35.3,35.3,80.0,2831.0,0.1418,0.09,53.0,10.0,0.0,-3.0,7.0,4492.0,29.0,24.0,0.0,68.0,0.0,0.0,2.82,0.0
2014/12/22,35.3,35.5,35.2,35.25,29.0,1029.0,-0.1416,0.0326,25.0,-1.0,0.0,0.0,-1.0,4489.0,6.0,9.0,0.0,69.0,1.0,0.0,2.82,0.0
2014/12/23,35.6,35.6,35.05,35.5,64.0,2257.0,0.7092,0.072,52.0,4.0,0.0,-5.0,-1.0,4505.0,21.0,5.0,0.0,72.0,3.0,0.0,2.84,0.0
2014/12/24,35.5,36.1,35.4,35.5,107.0,3831.0,0.0,0.1203,90.0,8.0,0.0,0.0,8.0,4511.0,29.0,23.0,0.0,78.0,6.0,0.0,2.84,0.0
2014/12/25,35.5,35.65,35.35,35.5,48.0,1711.0,0.0,0.054,44.0,2.0,0.0,-1.0,1.0,4499.0,5.0,16.0,0.0,79.0,1.0,0.0,2.84,0.0
2014/12/26,35.75,35.9,35.6,35.65,55.0,1966.0,0.4225,0.0619,41.0,6.0,0.0,-2.0,4.0,4487.0,8.0,17.0,0.0,80.0,1.0,0.0,2.85,0.0
2014/12/27,35.75,35.9,35.65,35.75,57.0,2039.0,0.2805,0.0641,44.0,0.0,0.0,-8.0,-8.0,4494.0,21.0,14.0,0.0,80.0,0.0,0.0,2.86,0.0
2014/12/29,35.8,36.75,35.8,36.1,143.0,5190.0,0.979,0.1608,99.0,2.0,0.0,0.0,2.0,4471.0,36.0,34.0,0.0,85.0,5.0,0.0,2.89,0.0
2014/12/30,36.2,36.3,35.85,36.3,61.0,2203.0,0.554,0.0686,48.0,2.0,0.0,0.0,2.0,4485.0,23.0,9.0,0.0,85.0,0.0,0.0,2.9,0.0
2014/12/31,36.3,36.3,35.8,35.85,40.0,1444.0,-1.2397,0.045,47.0,3.0,0.0,0.0,3.0,4480.0,3.0,8.0,0.0,85.0,0.0,0.0,2.87,0.0
2015/01/05,35.6,35.8,35.3,35.65,63.0,2242.0,-0.5579,0.0709,45.0,-11.0,0.0,0.0,-11.0,4477.0,9.0,12.0,0.0,85.0,0.0,0.0,2.85,0.0
2015/01/06,35.65,35.7,35.5,35.7,57.0,2027.0,0.1403,0.0641,41.0,0.0,0.0,0.0,0.0,4468.0,5.0,14.0,0.0,87.0,2.0,0.0,2.86,0.0
2015/01/07,35.7,35.7,35.3,35.3,111.0,3926.0,-1.1204,0.1248,66.0,9.0,0.0,0.0,9.0,4401.0,6.0,73.0,0.0,87.0,0.0,0.0,2.82,0.0
2015/01/08,35.5,35.5,35.1,35.1,116.0,4106.0,-0.5666,0.1305,75.0,-12.0,0.0,0.0,-12.0,4387.0,9.0,23.0,0.0,87.0,0.0,0.0,2.81,0.0
2015/01/09,35.2,35.2,35.0,35.2,67.0,2350.0,0.2849,0.0754,52.0,3.0,0.0,0.0,3.0,4399.0,12.0,0.0,1.0,96.0,10.0,0.0,2.82,0.0
2015/01/12,36.0,36.0,35.0,35.35,69.0,2459.0,0.4261,0.0776,61.0,5.0,0.0,0.0,5.0,4404.0,14.0,9.0,3.0,96.0,3.0,0.0,2.83,0.0
2015/01/13,35.15,35.5,35.05,35.15,80.0,2826.0,-0.5658,0.09,73.0,4.0,0.0,0.0,4.0,4412.0,27.0,17.0,0.0,97.0,1.0,0.0,2.81,0.0
2015/01/14,35.15,35.3,35.0,35.1,73.0,2572.0,-0.1422,0.0821,68.0,7.0,0.0,0.0,7.0,4392.0,4.0,24.0,0.0,97.0,0.0,0.0,2.81,0.0
2015/01/15,35.05,35.25,35.05,35.1,69.0,2456.0,0.0,0.0776,61.0,2.0,0.0,0.0,2.0,4386.0,6.0,12.0,0.0,97.0,0.0,0.0,2.81,0.0
2015/01/16,35.0,35.3,34.55,34.6,152.0,5292.0,-1.4245,0.171,84.0,-9.0,0.0,-1.0,-10.0,4359.0,9.0,12.0,3.0,105.0,11.0,0.0,2.77,0.0
2015/01/19,34.7,34.95,33.85,33.85,98.0,3347.0,-2.1676,0.1102,75.0,-6.0,0.0,0.0,-6.0,4338.0,14.0,35.0,0.0,109.0,4.0,0.0,2.71,0.0
2015/01/20,33.8,34.0,32.8,33.55,369.0,12320.0,-0.8863,0.415,219.0,6.0,0.0,0.0,6.0,4289.0,50.0,97.0,3.0,113.0,7.0,0.0,2.68,0.0
2015/01/21,33.55,33.8,33.3,33.6,193.0,6480.0,0.149,0.2171,85.0,2.0,0.0,0.0,2.0,4284.0,16.0,21.0,1.0,117.0,5.0,0.0,2.69,0.0
2015/01/22,33.6,34.15,33.5,34.0,272.0,9176.0,1.1905,0.3059,87.0,6.0,0.0,0.0,6.0,4277.0,13.0,20.0,24.0,93.0,0.0,0.0,2.72,0.0
2015/01/23,34.8,34.8,34.05,34.1,106.0,3634.0,0.2941,0.1192,83.0,1.0,0.0,1.0,2.0,4312.0,58.0,22.0,1.0,92.0,0.0,0.0,2.73,0.0
2015/01/26,34.2,34.4,34.0,34.0,53.0,1810.0,-0.2933,0.0596,40.0,-4.0,0.0,0.0,-4.0,4296.0,1.0,17.0,12.0,80.0,0.0,0.0,2.72,0.0
2015/01/27,34.05,34.35,33.75,34.0,105.0,3593.0,0.0,0.1181,74.0,-2.0,0.0,-1.0,-3.0,4272.0,17.0,41.0,0.0,85.0,5.0,0.0,2.72,0.0
2015/01/28,33.8,33.9,33.55,33.65,58.0,1954.0,-1.0294,0.0652,39.0,4.0,0.0,0.0,4.0,4276.0,8.0,4.0,0.0,85.0,0.0,0.0,2.69,0.0
2015/01/29,33.65,33.75,33.15,33.2,84.0,2804.0,-1.3373,0.0945,63.0,3.0,0.0,1.0,4.0,4299.0,34.0,11.0,0.0,86.0,1.0,0.0,2.66,0.0
2015/01/30,33.2,33.3,33.15,33.3,65.0,2164.0,0.3012,0.0731,53.0,0.0,0.0,0.0,0.0,4294.0,18.0,23.0,13.0,75.0,2.0,0.0,2.66,0.0
2015/02/02,33.0,33.4,33.0,33.1,113.0,3743.0,-0.6006,0.1271,53.0,0.0,0.0,0.0,0.0,4307.0,34.0,6.0,16.0,68.0,9.0,0.0,2.65,0.0
2015/02/03,33.1,33.3,33.0,33.3,83.0,2758.0,0.6042,0.0934,64.0,1.0,0.0,0.0,1.0,4326.0,25.0,6.0,4.0,69.0,5.0,0.0,2.66,0.0
2015/02/04,33.0,33.35,33.0,33.15,66.0,2187.0,-0.4505,0.0742,44.0,0.0,0.0,0.0,0.0,4342.0,28.0,12.0,0.0,69.0,0.0,0.0,2.65,0.0
2015/02/05,33.0,33.1,33.0,33.0,78.0,2588.0,-0.4525,0.0877,54.0,0.0,0.0,0.0,0.0,4369.0,28.0,1.0,0.0,69.0,0.0,0.0,2.64,0.0
2015/02/06,33.0,33.1,32.85,32.85,138.0,4551.0,-0.4545,0.1552,87.0,-20.0,0.0,0.0,-20.0,4357.0,30.0,42.0,0.0,71.0,2.0,0.0,2.63,0.0
2015/02/09,32.5,32.75,32.3,32.3,125.0,4076.0,-1.6743,0.1406,89.0,0.0,0.0,0.0,0.0,4354.0,16.0,13.0,0.0,76.0,5.0,0.0,2.58,0.0
2015/02/10,32.25,32.25,31.5,31.7,349.0,11107.0,-1.8576,0.3925,219.0,-4.0,0.0,3.0,-1.0,4308.0,63.0,106.0,0.0,84.0,8.0,0.0,2.54,0.0
2015/02/11,31.9,31.9,31.1,31.1,231.0,7264.0,-1.8927,0.2598,141.0,0.0,0.0,0.0,0.0,4309.0,39.0,23.0,11.0,79.0,6.0,0.0,2.49,0.0
2015/02/12,30.8,31.1,30.6,30.6,188.0,5785.0,-1.6077,0.2114,141.0,0.0,0.0,0.0,0.0,4321.0,47.0,32.0,0.0,86.0,7.0,0.0,2.45,0.0
2015/02/13,30.6,31.0,30.6,30.8,180.0,5550.0,0.6536,0.2024,146.0,-17.0,0.0,-1.0,-18.0,4374.0,73.0,18.0,7.0,80.0,1.0,0.0,2.46,0.0
2015/02/24,31.7,32.3,31.5,31.9,235.0,7497.0,3.5714,0.2643,183.0,21.0,0.0,0.0,21.0,4388.0,96.0,71.0,2.0,88.0,10.0,0.0,2.55,0.0
2015/02/25,32.5,34.1,32.4,34.1,690.0,23199.0,6.8966,0.7761,380.0,38.0,0.0,1.0,39.0,4451.0,221.0,158.0,1.0,95.0,8.0,0.0,2.73,0.0
2015/02/26,34.85,35.95,34.45,35.95,992.0,34904.0,5.4252,1.1157,673.0,23.0,0.0,-1.0,22.0,4455.0,244.0,229.0,5.0,160.0,70.0,0.0,2.88,0.0
2015/03/02,35.95,35.95,34.3,34.5,510.0,17818.0,-4.0334,0.5736,371.0,-20.0,0.0,0.0,-20.0,4416.0,159.0,198.0,20.0,143.0,3.0,0.0,2.76,0.0
2015/03/03,34.5,35.7,34.4,35.25,357.0,12545.0,2.1739,0.4015,243.0,-9.0,0.0,0.0,-9.0,4498.0,139.0,57.0,3.0,155.0,16.0,0.0,2.82,0.0
2015/03/04,35.55,35.55,34.9,35.0,263.0,9230.0,-0.7092,0.2958,166.0,-10.0,0.0,0.0,-10.0,4504.0,96.0,89.0,7.0,151.0,3.0,0.0,2.8,0.0
2015/03/05,35.0,35.1,34.2,34.2,253.0,8738.0,-2.2857,0.2846,140.0,-1.0,0.0,-1.0,-2.0,4404.0,47.0,147.0,7.0,145.0,1.0,0.0,2.74,0.0
2015/03/06,34.6,35.0,34.5,34.55,137.0,4757.0,1.0234,0.1541,95.0,-10.0,0.0,-1.0,-11.0,4423.0,46.0,18.0,0.0,150.0,5.0,0.0,2.76,0.0
2015/03/09,34.35,34.9,34.3,34.35,106.0,3645.0,-0.5789,0.1192,64.0,3.0,0.0,0.0,3.0,4404.0,34.0,53.0,6.0,144.0,0.0,0.0,2.75,0.0
2015/03/10,34.35,34.6,34.25,34.35,77.0,2654.0,0.0,0.0866,99.0,-5.0,0.0,0.0,-5.0,4397.0,19.0,24.0,1.0,143.0,0.0,0.0,2.75,0.0
2015/03/11,34.25,34.4,33.95,34.0,171.0,5829.0,-1.0189,0.1923,104.0,-27.0,0.0,-1.0,-28.0,4422.0,49.0,24.0,34.0,109.0,0.0,0.0,2.72,0.0
2015/03/12,34.3,34.3,34.0,34.0,153.0,5212.0,0.0,0.1721,66.0,-19.0,0.0,0.0,-19.0,4452.0,35.0,5.0,36.0,72.0,0.0,0.0,2.72,0.0
2015/03/13,33.95,34.5,33.8,33.8,197.0,6706.0,-0.5882,0.2216,107.0,-36.0,0.0,-2.0,-38.0,4465.0,53.0,40.0,0.0,76.0,4.0,0.0,2.7,0.0
2015/03/16,34.1,34.1,32.9,32.9,367.0,12176.0,-2.6627,0.4128,199.0,-58.0,0.0,6.0,-52.0,4519.0,110.0,56.0,11.0,70.0,5.0,0.0,2.63,0.0
2015/03/17,33.2,33.25,32.6,32.6,157.0,5169.0,-0.9119,0.1766,159.0,-6.0,0.0,0.0,-6.0,4480.0,17.0,56.0,3.0,77.0,10.0,0.0,2.61,0.0
2015/03/18,32.9,32.95,32.5,32.75,123.0,4035.0,0.4601,0.1383,120.0,-17.0,0.0,-1.0,-18.0,4478.0,21.0,23.0,3.0,78.0,4.0,0.0,2.62,0.0
2015/03/19,32.6,33.5,32.6,33.3,163.0,5406.0,1.6794,0.1833,113.0,23.0,0.0,0.0,23.0,4500.0,35.0,13.0,0.0,80.0,2.0,0.0,2.66,0.0
2015/03/20,33.4,34.05,33.3,33.7,231.0,7757.0,1.2012,0.2598,148.0,-14.0,0.0,0.0,-14.0,4541.0,66.0,25.0,0.0,94.0,14.0,0.0,2.7,0.0
2015/03/23,33.7,33.8,33.1,33.1,88.0,2937.0,-1.7804,0.099,102.0,-3.0,0.0,0.0,-3.0,4505.0,6.0,42.0,4.0,92.0,2.0,0.0,2.65,0.0
2015/03/24,33.2,33.2,32.4,32.4,165.0,5382.0,-2.1148,0.1856,129.0,0.0,0.0,-1.0,-1.0,4514.0,17.0,8.0,0.0,99.0,7.0,0.0,2.59,0.0
2015/03/25,32.0,32.0,31.4,31.45,314.0,9936.0,-2.9321,0.3532,158.0,-15.0,0.0,0.0,-15.0,4500.0,47.0,60.0,3.0,96.0,0.0,0.0,2.52,0.0
2015/03/26,31.05,31.9,30.5,31.05,215.0,6693.0,-1.2719,0.2418,101.0,-8.0,0.0,6.0,-2.0,4521.0,31.0,10.0,1.0,154.0,59.0,0.0,2.48,0.0
2015/03/27,31.05,31.75,31.05,31.5,147.0,4622.0,1.4493,0.1653,146.0,8.0,0.0,-4.0,4.0,4521.0,27.0,18.0,3.0,172.0,21.0,0.0,2.52,0.0
2015/03/30,31.5,31.75,30.65,30.85,202.0,6286.0,-2.0635,0.2272,150.0,-5.0,0.0,3.0,-2.0,4520.0,29.0,30.0,60.0,128.0,16.0,0.0,1.72,0.0
2015/03/31,29.9,30.45,29.7,30.2,428.0,12879.0,-2.107,0.4814,235.0,16.0,0.0,-2.0,14.0,4398.0,62.0,180.0,27.0,139.0,38.0,0.0,1.68,0.0
2015/04/01,29.85,30.2,29.85,30.2,136.0,4113.0,0.0,0.153,102.0,0.0,0.0,0.0,0.0,4410.0,23.0,11.0,17.0,131.0,9.0,0.0,1.68,0.0
2015/04/02,30.25,31.0,30.25,30.55,185.0,5693.0,1.1589,0.2081,131.0,-3.0,0.0,0.0,-3.0,4436.0,58.0,22.0,5.0,126.0,0.0,0.0,1.7,0.0
2015/04/07,30.55,31.45,30.05,31.45,111.0,3384.0,2.946,0.1248,95.0,3.0,0.0,1.0,4.0,4449.0,19.0,6.0,11.0,118.0,3.0,0.0,1.75,0.0
2015/04/08,31.4,31.4,30.75,30.9,59.0,1828.0,-1.7488,0.0664,68.0,2.0,0.0,0.0,2.0,4461.0,22.0,10.0,1.0,117.0,0.0,0.0,1.72,0.0
2015/04/09,31.2,31.4,30.9,31.0,111.0,3466.0,0.3236,0.1248,176.0,-8.0,0.0,-1.0,-9.0,4500.0,52.0,12.0,1.0,117.0,1.0,0.0,1.73,0.0
2015/04/10,31.0,31.0,30.4,30.45,57.0,1749.0,-1.7742,0.0641,228.0,-5.0,0.0,1.0,-4.0,4477.0,2.0,25.0,11.0,106.0,0.0,0.0,1.69,0.0
2015/04/13,30.45,31.0,30.45,30.55,64.0,1974.0,0.3284,0.072,207.0,-10.0,0.0,0.0,-10.0,4489.0,20.0,8.0,0.0,106.0,0.0,0.0,1.7,0.0
2015/04/14,30.85,30.85,30.6,30.8,85.0,2616.0,0.8183,0.0956,132.0,-2.0,0.0,0.0,-2.0,4499.0,20.0,10.0,7.0,99.0,0.0,0.0,1.71,0.0
2015/04/15,30.65,30.75,30.5,30.75,90.0,2767.0,-0.1623,0.1012,137.0,-7.0,0.0,0.0,-7.0,4501.0,10.0,8.0,0.0,104.0,5.0,0.0,1.71,0.0
2015/04/16,30.7,30.85,30.5,30.7,88.0,2699.0,-0.1626,0.099,103.0,1.0,0.0,-6.0,-5.0,4464.0,11.0,5.0,17.0,87.0,0.0,0.0,1.71,0.0
2015/04/17,30.7,30.8,30.5,30.6,54.0,1659.0,-0.3257,0.0607,101.0,8.0,0.0,0.0,8.0,4461.0,11.0,14.0,5.0,82.0,0.0,0.0,1.7,0.0
2015/04/20,30.3,30.75,30.1,30.75,95.0,2890.0,0.4902,0.1068,197.0,23.0,0.0,1.0,24.0,4451.0,4.0,7.0,24.0,52.0,0.0,0.0,1.71,0.0
2015/04/21,30.75,30.75,30.05,30.2,137.0,4164.0,-1.7886,0.1541,155.0,-19.0,0.0,0.0,-19.0,4435.0,6.0,20.0,37.0,15.0,0.0,0.0,1.68,0.0
2015/04/22,30.1,30.1,29.05,29.1,299.0,8816.0,-3.6424,0.3363,204.0,-24.0,0.0,0.0,-24.0,4367.0,56.0,124.0,13.0,5.0,3.0,0.0,1.62,0.0
2015/04/23,29.5,29.6,29.15,29.5,80.0,2363.0,1.3746,0.09,85.0,4.0,0.0,1.0,5.0,4354.0,17.0,28.0,5.0,0.0,0.0,0.0,1.64,0.0
2015/04/24,29.7,29.95,29.2,29.5,70.0,2068.0,0.0,0.0787,84.0,11.0,0.0,3.0,14.0,4342.0,12.0,24.0,0.0,0.0,0.0,0.0,1.64,0.0
2015/04/27,29.45,29.8,29.45,29.65,178.0,5266.0,0.5085,0.2002,160.0,12.0,0.0,0.0,12.0,4346.0,30.0,26.0,0.0,0.0,0.0,0.0,1.65,0.0
2015/04/28,29.65,29.65,29.5,29.5,71.0,2103.0,-0.5059,0.0799,114.0,-5.0,0.0,1.0,-4.0,4325.0,10.0,31.0,0.0,0.0,0.0,0.0,1.64,0.0
2015/04/29,29.5,29.5,28.5,28.9,143.0,4149.0,-2.0339,0.1608,114.0,25.0,0.0,3.0,28.0,4309.0,26.0,42.0,0.0,4.0,4.0,0.0,1.61,0.0
2015/04/30,28.85,28.85,27.8,28.15,338.0,9525.0,-2.5952,0.3802,192.0,26.0,0.0,1.0,27.0,4243.0,65.0,131.0,0.0,5.0,1.0,0.0,1.57,0.0
2015/05/04,28.15,28.15,26.25,26.8,403.0,10841.0,-4.7957,0.4533,289.0,-1.0,0.0,0.0,-1.0,4260.0,148.0,129.0,1.0,6.0,2.0,0.0,1.49,0.0
2015/05/05,26.7,26.9,25.8,26.5,324.0,8560.0,-1.1194,0.3644,190.0,-27.0,0.0,0.0,-27.0,3999.0,40.0,161.0,2.0,6.0,2.0,0.0,1.47,0.0
2015/05/06,26.25,26.9,25.8,26.45,141.0,3710.0,-0.1887,0.1586,79.0,1.0,0.0,0.0,1.0,3977.0,15.0,37.0,2.0,4.0,0.0,0.0,1.47,0.0
2015/05/07,26.6,27.9,26.5,27.6,237.0,6481.0,4.3478,0.2666,161.0,35.0,0.0,0.0,35.0,3988.0,56.0,40.0,0.0,8.0,4.0,0.0,1.54,0.0
2015/05/08,27.9,27.9,26.85,27.0,121.0,3321.0,-2.1739,0.1361,80.0,-16.0,0.0,0.0,-16.0,3988.0,12.0,11.0,3.0,7.0,2.0,0.0,1.5,0.0
2015/05/11,27.0,27.0,26.0,26.2,157.0,4148.0,-2.963,0.1766,89.0,18.0,0.0,1.0,19.0,3981.0,27.0,34.0,1.0,6.0,0.0,0.0,1.46,0.0
2015/05/12,25.5,26.1,25.15,25.6,175.0,4474.0,-2.2901,0.1968,132.0,2.0,0.0,0.0,2.0,3950.0,35.0,66.0,0.0,6.0,0.0,0.0,1.42,0.0
2015/05/13,25.3,25.4,25.05,25.35,135.0,3403.0,-0.9766,0.1518,90.0,-23.0,0.0,0.0,-23.0,3973.0,35.0,12.0,0.0,6.0,0.0,0.0,1.41,0.0
2015/05/14,25.35,25.35,25.0,25.0,98.0,2455.0,-1.3807,0.1102,59.0,1.0,0.0,-4.0,-3.0,3966.0,6.0,13.0,1.0,15.0,10.0,0.0,1.41,0.0
2015/05/15,25.0,25.8,25.0,25.1,50.0,1270.0,0.4,0.0562,54.0,2.0,0.0,0.0,2.0,3968.0,7.0,5.0,1.0,14.0,0.0,0.0,1.42,0.0
2015/05/18,25.1,26.2,25.0,25.0,87.0,2213.0,-0.3984,0.0979,97.0,-2.0,0.0,0.0,-2.0,3963.0,11.0,16.0,1.0,15.0,2.0,0.0,1.41,0.0
2015/05/19,25.05,25.5,25.0,25.1,79.0,1990.0,0.4,0.0889,86.0,-9.0,0.0,-1.0,-10.0,3908.0,4.0,29.0,0.0,15.0,0.0,0.0,1.42,0.0
2015/05/20,25.1,25.2,25.0,25.0,62.0,1554.0,-0.3984,0.0697,36.0,2.0,0.0,-1.0,1.0,3885.0,5.0,26.0,0.0,15.0,0.0,0.0,1.41,0.0
2015/05/21,25.0,25.25,24.8,24.95,97.0,2422.0,-0.2,0.1091,67.0,-6.0,0.0,-4.0,-10.0,3881.0,30.0,34.0,4.0,13.0,2.0,0.0,1.41,0.0
2015/05/22,24.95,25.4,24.55,24.55,92.0,2301.0,-1.6032,0.1035,66.0,0.0,0.0,0.0,0.0,3857.0,15.0,34.0,0.0,13.0,0.0,0.0,1.39,0.0
2015/05/25,24.55,25.0,23.9,24.0,190.0,4610.0,-2.2403,0.2137,90.0,-3.0,0.0,-1.0,-4.0,3852.0,21.0,26.0,3.0,11.0,1.0,0.0,1.36,0.0
2015/05/26,24.1,24.4,23.95,23.95,136.0,3281.0,-0.2083,0.153,59.0,4.0,0.0,0.0,4.0,3848.0,4.0,8.0,3.0,8.0,0.0,0.0,1.35,0.0
2015/05/27,24.0,24.35,23.5,23.65,259.0,6156.0,-1.2526,0.2913,155.0,5.0,0.0,0.0,5.0,3867.0,93.0,74.0,0.0,8.0,0.0,0.0,1.34,0.0
2015/05/28,23.75,24.5,23.65,24.3,241.0,5770.0,2.7484,0.2711,140.0,13.0,0.0,0.0,13.0,3792.0,38.0,95.0,2.0,6.0,0.0,0.0,1.37,0.0
2015/05/29,24.5,24.5,24.0,24.4,149.0,3632.0,0.4115,0.1676,107.0,6.0,0.0,0.0,6.0,3795.0,50.0,45.0,1.0,5.0,0.0,0.0,1.38,0.0
2015/06/01,24.05,24.15,23.9,23.95,76.0,1824.0,-1.8443,0.0855,43.0,7.0,0.0,0.0,7.0,3789.0,30.0,28.0,0.0,5.0,0.0,0.0,1.35,0.0
2015/06/02,23.95,24.1,23.9,23.9,65.0,1557.0,-0.2088,0.0731,38.0,9.0,0.0,0.0,9.0,3794.0,20.0,15.0,0.0,5.0,0.0,0.0,1.35,0.0
2015/06/03,24.0,24.2,23.65,23.7,137.0,3281.0,-0.8368,0.1541,77.0,-7.0,0.0,0.0,-7.0,3772.0,26.0,44.0,0.0,5.0,0.0,0.0,1.34,0.0
2015/06/04,23.8,23.8,22.1,22.5,283.0,6504.0,-5.0633,0.3183,120.0,-14.0,0.0,0.0,-14.0,3813.0,146.0,104.0,0.0,21.0,16.0,0.0,1.27,0.0
2015/06/05,22.3,22.35,20.25,20.25,1563.0,31915.0,-10.0,1.7579,518.0,-20.0,0.0,0.0,-20.0,3823.0,355.0,322.0,2.0,78.0,59.0,0.0,1.15,0.0
2015/06/08,18.85,19.4,18.4,19.05,670.0,12738.0,-5.9259,0.7536,311.0,-2.0,0.0,0.0,-2.0,3628.0,173.0,329.0,26.0,52.0,0.0,0.0,1.08,0.0
2015/06/09,18.9,18.9,17.15,17.15,626.0,11193.0,-9.9738,0.7041,281.0,-9.0,0.0,0.0,-9.0,3540.0,139.0,222.0,0.0,71.0,19.0,0.0,0.97,0.0
2015/06/10,16.9,18.2,16.85,18.05,515.0,9118.0,5.2478,0.5792,207.0,36.0,0.0,0.0,36.0,3406.0,38.0,172.0,12.0,78.0,19.0,0.0,1.02,0.0
2015/06/11,18.0,18.0,17.0,17.45,285.0,4971.0,-3.3241,0.3205,168.0,24.0,0.0,0.0,24.0,3363.0,43.0,38.0,6.0,85.0,13.0,0.0,0.99,0.0
2015/06/12,17.6,19.15,17.5,19.15,657.0,12332.0,9.7421,0.7389,379.0,-5.0,0.0,0.0,-5.0,3474.0,235.0,124.0,9.0,82.0,6.0,0.0,1.08,0.0
2015/06/15,18.95,19.55,18.85,19.15,468.0,8955.0,0.0,0.5264,278.0,-30.0,0.0,0.0,-30.0,3442.0,90.0,122.0,4.0,84.0,6.0,0.0,1.08,0.0
2015/06/16,19.0,19.0,18.5,18.5,228.0,4240.0,-3.3943,0.2564,130.0,-57.0,0.0,0.0,-57.0,3469.0,72.0,45.0,5.0,80.0,1.0,0.0,1.05,0.0
2015/06/17,18.6,19.0,18.6,18.7,111.0,2081.0,1.0811,0.1248,86.0,-14.0,0.0,0.0,-14.0,3471.0,35.0,28.0,0.0,79.0,0.0,0.0,1.06,0.0
2015/06/18,18.8,20.55,18.7,20.55,686.0,13725.0,9.893,0.7716,359.0,-16.0,0.0,0.0,-16.0,3442.0,159.0,177.0,9.0,80.0,10.0,0.0,1.16,0.0
2015/06/22,20.8,22.6,20.75,22.6,1113.0,24330.0,9.9757,1.2518,565.0,-79.0,0.0,0.0,-79.0,3364.0,145.0,223.0,19.0,89.0,28.0,0.0,1.28,0.0
2015/06/23,23.8,24.85,23.6,24.85,1580.0,38984.0,9.9558,1.7771,793.0,-27.0,0.0,0.0,-27.0,3436.0,342.0,263.0,2.0,136.0,49.0,0.0,1.41,0.0
2015/06/24,25.8,26.5,24.6,25.15,1756.0,45031.0,1.2072,1.975,1055.0,-119.0,0.0,0.0,-119.0,3301.0,314.0,449.0,20.0,196.0,80.0,0.0,1.42,0.0
2015/06/25,25.15,25.4,23.6,24.45,830.0,20100.0,-2.7833,0.9335,541.0,-7.0,0.0,0.0,-7.0,3297.0,154.0,157.0,65.0,162.0,31.0,0.0,1.38,0.0
2015/06/26,24.7,26.85,24.4,26.85,1434.0,37596.0,9.816,1.6128,740.0,-11.0,0.0,0.0,-11.0,3497.0,539.0,339.0,19.0,189.0,46.0,0.0,1.52,0.0
2015/06/29,27.85,28.7,26.45,26.45,1967.0,54317.0,-1.4898,2.2123,1035.0,13.0,0.0,0.0,13.0,3326.0,309.0,479.0,40.0,220.0,72.0,0.0,1.5,0.0
2015/06/30,26.2,27.3,26.15,26.4,640.0,16970.0,-0.189,0.7198,379.0,17.0,0.0,0.0,17.0,3346.0,119.0,99.0,31.0,217.0,28.0,0.0,1.49,0.0
2015/07/01,26.4,28.8,26.4,27.5,1099.0,30535.0,4.1667,1.2361,687.0,0.0,0.0,0.0,0.0,3434.0,309.0,209.0,5.0,253.0,41.0,0.0,1.56,0.0
2015/07/02,27.5,28.25,27.5,27.6,513.0,14259.0,0.3636,0.577,276.0,-3.0,0.0,0.0,-3.0,3549.0,264.0,149.0,10.0,247.0,4.0,0.0,1.56,0.0
2015/07/03,26.8,27.3,26.75,27.3,526.0,14202.0,-1.087,0.5916,273.0,-6.0,0.0,0.0,-6.0,3632.0,190.0,107.0,33.0,231.0,17.0,0.0,1.54,0.0
2015/07/06,27.3,27.5,26.2,26.2,424.0,11265.0,-4.0293,0.4769,264.0,1.0,0.0,0.0,1.0,3548.0,72.0,156.0,61.0,184.0,14.0,0.0,1.48,0.0
2015/07/07,26.3,27.0,26.3,26.5,195.0,5181.0,1.145,0.2193,121.0,11.0,0.0,0.0,11.0,3508.0,28.0,68.0,17.0,173.0,6.0,0.0,1.5,0.0
2015/07/08,26.0,26.3,24.0,24.25,414.0,10345.0,-8.4906,0.4656,262.0,15.0,0.0,1.0,16.0,3486.0,65.0,87.0,43.0,135.0,5.0,0.0,1.37,0.0
2015/07/09,22.8,25.4,22.0,25.1,484.0,11492.0,3.5052,0.5444,275.0,63.0,0.0,1.0,64.0,3289.0,38.0,224.0,49.0,95.0,9.0,0.0,1.42,0.0
2015/07/13,25.4,26.2,25.4,25.6,330.0,8487.0,1.992,0.3712,175.0,11.0,0.0,-1.0,10.0,3322.0,74.0,39.0,4.0,98.0,7.0,0.0,1.45,0.0
2015/07/14,26.6,28.15,26.05,27.2,1140.0,31481.0,6.25,1.2822,723.0,-15.0,0.0,-1.0,-16.0,3637.0,437.0,118.0,2.0,170.0,74.0,0.0,1.54,0.0
2015/07/15,27.2,27.4,26.45,26.7,368.0,9887.0,-1.8382,0.4139,225.0,-21.0,0.0,0.0,-21.0,3603.0,53.0,87.0,9.0,178.0,17.0,0.0,1.51,0.0
2015/07/16,26.9,27.3,26.5,27.25,164.0,4421.0,2.0599,0.1845,128.0,-15.0,0.0,0.0,-15.0,3631.0,49.0,21.0,4.0,175.0,1.0,0.0,1.54,0.0
2015/07/17,27.4,27.7,26.7,27.1,262.0,7137.0,-0.5505,0.2947,165.0,31.0,0.0,0.0,31.0,3667.0,73.0,36.0,7.0,169.0,1.0,0.0,1.53,0.0
2015/07/20,27.4,29.1,27.35,27.4,881.0,24822.0,1.107,0.9909,526.0,-45.0,0.0,0.0,-45.0,3803.0,300.0,163.0,13.0,197.0,41.0,0.0,1.55,0.0
2015/07/21,27.15,27.7,26.5,26.95,315.0,8519.0,-1.6423,0.3543,210.0,59.0,0.0,0.0,59.0,3777.0,55.0,81.0,31.0,188.0,22.0,0.0,1.52,0.0
2015/07/22,26.9,27.25,26.8,26.8,109.0,2933.0,-0.5566,0.1226,89.0,-9.0,0.0,2.0,-7.0,3778.0,30.0,29.0,16.0,172.0,0.0,0.0,1.52,0.0
2015/07/23,26.8,26.8,25.2,26.1,225.0,5910.0,-2.6119,0.2531,127.0,4.0,0.0,1.0,5.0,3681.0,24.0,121.0,32.0,166.0,26.0,0.0,1.48,0.0
2015/07/24,26.1,26.9,25.0,25.0,148.0,3790.0,-4.2146,0.1665,112.0,-7.0,0.0,0.0,-7.0,3646.0,26.0,56.0,8.0,183.0,25.0,0.0,1.41,0.0
2015/07/27,24.8,25.3,23.0,23.0,374.0,8928.0,-8.0,0.4206,231.0,23.0,0.0,5.0,28.0,3538.0,61.0,156.0,46.0,153.0,16.0,0.0,1.3,0.0
2015/07/28,22.5,24.3,22.2,24.0,234.0,5474.0,4.3478,0.2632,178.0,25.0,0.0,2.0,27.0,3477.0,33.0,94.0,31.0,145.0,23.0,0.0,1.36,0.0
2015/07/29,24.5,24.9,23.6,23.85,134.0,3254.0,-0.625,0.1507,81.0,-17.0,0.0,0.0,-17.0,3457.0,17.0,37.0,7.0,154.0,16.0,0.0,1.35,0.0
2015/07/30,23.5,24.5,23.5,23.6,107.0,2576.0,-1.0482,0.1203,81.0,6.0,0.0,0.0,6.0,3462.0,24.0,13.0,16.0,141.0,3.0,0.0,1.33,0.0
2015/07/31,23.75,23.75,23.2,23.4,91.0,2131.0,-0.8475,0.1023,66.0,3.0,0.0,-2.0,1.0,3439.0,18.0,40.0,5.0,136.0,0.0,0.0,1.32,0.0
2015/08/03,23.4,23.7,22.6,23.1,88.0,2043.0,-1.2821,0.099,60.0,1.0,0.0,-1.0,0.0,3444.0,15.0,9.0,10.0,133.0,7.0,0.0,1.31,0.0
2015/08/04,23.35,23.9,21.5,22.6,219.0,4916.0,-2.1645,0.2463,140.0,-1.0,0.0,2.0,1.0,3440.0,38.0,42.0,21.0,138.0,26.0,0.0,1.28,0.0
2015/08/05,22.5,23.4,21.8,23.2,73.0,1657.0,2.6549,0.0821,57.0,7.0,0.0,2.0,9.0,3436.0,9.0,12.0,33.0,112.0,7.0,0.0,1.31,0.0
2015/08/06,22.9,22.9,22.3,22.65,43.0,964.0,-2.3707,0.0484,30.0,-3.0,0.0,0.0,-3.0,3444.0,8.0,0.0,5.0,113.0,6.0,0.0,1.28,0.0
2015/08/07,22.3,22.9,21.85,22.25,55.0,1229.0,-1.766,0.0619,45.0,8.0,0.0,-1.0,7.0,3441.0,10.0,13.0,11.0,105.0,3.0,0.0,1.26,0.0
2015/08/10,22.25,23.1,22.25,22.8,79.0,1791.0,2.4719,0.0889,54.0,6.0,0.0,0.0,6.0,3440.0,28.0,18.0,4.0,103.0,2.0,0.0,1.29,0.0
2015/08/11,22.9,23.0,22.0,22.0,88.0,1964.0,-3.5088,0.099,70.0,2.0,0.0,-5.0,-3.0,3429.0,17.0,11.0,13.0,94.0,4.0,0.0,1.24,0.0
2015/08/12,21.85,22.2,21.7,21.85,73.0,1600.0,-0.6818,0.0821,55.0,13.0,0.0,5.0,18.0,3430.0,6.0,5.0,15.0,79.0,0.0,0.0,1.27,0.0
2015/08/13,22.15,22.2,21.9,21.95,105.0,2308.0,0.4577,0.1181,70.0,43.0,0.0,0.0,43.0,3450.0,26.0,6.0,3.0,76.0,0.0,0.0,1.27,0.0
2015/08/14,22.1,22.1,21.55,21.9,97.0,2113.0,-0.2278,0.1091,64.0,8.0,0.0,4.0,12.0,3441.0,6.0,15.0,2.0,74.0,0.0,0.0,1.27,0.0
2015/08/17,21.85,21.9,20.65,21.2,144.0,3047.0,-3.1963,0.162,83.0,-6.0,0.0,-3.0,-9.0,3464.0,52.0,29.0,2.0,91.0,19.0,0.0,1.23,0.0
2015/08/18,21.3,21.45,20.5,20.5,68.0,1422.0,-3.3019,0.0765,55.0,-3.0,0.0,-4.0,-7.0,3457.0,8.0,15.0,13.0,81.0,3.0,0.0,1.19,0.0
2015/08/19,20.6,20.6,19.6,20.0,177.0,3552.0,-2.439,0.1991,113.0,-28.0,0.0,1.0,-27.0,3462.0,43.0,38.0,31.0,62.0,12.0,0.0,1.16,0.0
2015/08/20,20.05,20.9,19.7,20.6,76.0,1555.0,3.0,0.0855,67.0,24.0,0.0,-2.0,22.0,3456.0,6.0,7.0,0.0,67.0,5.0,0.0,1.19,0.0
2015/08/21,20.5,20.5,20.0,20.0,84.0,1695.0,-2.9126,0.0945,57.0,-7.0,0.0,0.0,-7.0,3461.0,23.0,15.0,11.0,56.0,0.0,0.0,1.16,0.0
2015/08/24,19.1,19.5,18.0,18.5,324.0,5932.0,-7.5,0.3644,157.0,-9.0,0.0,0.0,-9.0,3379.0,52.0,127.0,14.0,42.0,0.0,0.0,1.07,0.0
2015/08/25,17.0,19.5,17.0,19.4,222.0,4193.0,4.8649,0.2497,119.0,-5.0,0.0,-1.0,-6.0,3318.0,43.0,104.0,5.0,41.0,4.0,0.0,1.12,0.0
2015/08/26,19.2,19.2,18.35,19.2,75.0,1422.0,-1.0309,0.0844,56.0,-3.0,0.0,0.0,-3.0,3311.0,9.0,13.0,4.0,37.0,0.0,0.0,1.11,0.0
2015/08/27,19.0,19.6,18.9,19.5,173.0,3342.0,1.5625,0.1946,100.0,-10.0,0.0,-1.0,-11.0,3325.0,39.0,24.0,5.0,34.0,2.0,0.0,1.13,0.0
2015/08/28,19.65,20.2,19.5,20.2,171.0,3398.0,3.5897,0.1923,116.0,-15.0,0.0,-1.0,-16.0,3329.0,28.0,24.0,2.0,34.0,2.0,0.0,1.17,0.0
2015/08/31,20.2,20.2,19.5,20.0,106.0,2118.0,-0.9901,0.1192,54.0,2.0,0.0,-2.0,0.0,3316.0,15.0,28.0,15.0,19.0,0.0,0.0,1.16,0.0
2015/09/01,19.9,20.8,19.8,20.2,84.0,1710.0,1.0,0.0945,57.0,3.0,0.0,0.0,3.0,3348.0,42.0,10.0,0.0,22.0,3.0,0.0,1.17,0.0
2015/09/02,20.2,20.5,19.95,20.2,142.0,2877.0,0.0,0.1597,93.0,2.0,0.0,-1.0,1.0,3377.0,45.0,16.0,0.0,42.0,20.0,0.0,1.17,0.0
2015/09/03,20.25,20.4,20.15,20.25,73.0,1480.0,0.2475,0.0821,53.0,0.0,0.0,0.0,0.0,3402.0,35.0,10.0,1.0,41.0,0.0,0.0,1.17,0.0
2015/09/04,20.25,22.25,20.25,22.25,469.0,10247.0,9.8765,0.5275,250.0,-4.0,0.0,0.0,-4.0,3518.0,172.0,43.0,2.0,49.0,10.0,0.0,1.29,0.0
2015/09/07,22.35,24.1,22.35,22.7,712.0,16561.0,2.0225,0.8008,467.0,-21.0,0.0,0.0,-21.0,3529.0,213.0,202.0,4.0,54.0,9.0,0.0,1.32,0.0
2015/09/08,22.4,23.5,22.4,22.7,172.0,3940.0,0.0,0.1935,126.0,-11.0,0.0,0.0,-11.0,3525.0,66.0,69.0,5.0,51.0,2.0,0.0,1.32,0.0
2015/09/09,23.0,23.3,22.8,22.8,96.0,2212.0,0.4405,0.108,74.0,-1.0,0.0,1.0,0.0,3516.0,21.0,22.0,1.0,51.0,1.0,0.0,1.32,0.0
2015/09/10,22.55,23.9,22.55,23.4,189.0,4418.0,2.6316,0.2126,123.0,3.0,0.0,0.0,3.0,3556.0,113.0,70.0,0.0,53.0,2.0,0.0,1.36,0.0
2015/09/11,23.0,23.65,23.0,23.45,120.0,2791.0,0.2137,0.135,86.0,-12.0,0.0,0.0,-12.0,3599.0,70.0,21.0,0.0,53.0,0.0,0.0,1.36,0.0
2015/09/14,23.45,23.45,23.0,23.1,97.0,2245.0,-1.4925,0.1091,64.0,-2.0,0.0,-1.0,-3.0,3640.0,61.0,19.0,1.0,52.0,0.0,0.0,1.34,0.0
2015/09/15,23.6,23.6,22.5,22.6,119.0,2755.0,-2.1645,0.1338,62.0,2.0,0.0,0.0,2.0,3631.0,56.0,65.0,2.0,50.0,0.0,0.0,1.31,0.0
2015/09/16,22.65,23.4,22.65,23.05,218.0,5003.0,1.9912,0.2452,148.0,26.0,0.0,0.0,26.0,3548.0,48.0,122.0,1.0,49.0,0.0,0.0,1.34,0.0
2015/09/17,23.4,23.45,22.85,23.15,170.0,3924.0,0.4338,0.1912,103.0,23.0,0.0,0.0,23.0,3526.0,58.0,80.0,1.0,48.0,0.0,0.0,1.34,0.0
2015/09/18,23.25,24.7,23.25,23.8,298.0,7127.0,2.8078,0.3352,204.0,6.0,0.0,0.0,6.0,3615.0,123.0,33.0,2.0,50.0,4.0,0.0,1.38,0.0
2015/09/21,24.25,24.25,22.85,22.9,155.0,3629.0,-3.7815,0.1743,127.0,-11.0,0.0,0.0,-11.0,3608.0,48.0,55.0,2.0,48.0,0.0,0.0,1.33,0.0
2015/09/22,23.35,24.0,22.9,23.8,222.0,5234.0,3.9301,0.2497,151.0,2.0,0.0,0.0,2.0,3612.0,69.0,65.0,0.0,49.0,1.0,0.0,1.38,0.0
2015/09/23,23.3,26.15,23.3,24.1,907.0,22785.0,1.2605,1.0201,534.0,-18.0,0.0,0.0,-18.0,3697.0,233.0,133.0,11.0,44.0,6.0,0.0,1.4,0.0
2015/09/24,24.2,25.3,23.55,24.45,484.0,11776.0,1.4523,0.5444,297.0,-28.0,0.0,0.0,-28.0,3679.0,114.0,132.0,0.0,53.0,9.0,0.0,1.42,0.0
2015/09/25,24.45,25.75,24.45,25.2,370.0,9320.0,3.0675,0.4161,275.0,-21.0,0.0,0.0,-21.0,3749.0,141.0,71.0,3.0,58.0,8.0,0.0,1.46,0.0
2015/09/30,24.5,25.0,24.2,24.5,226.0,5574.0,-2.7778,0.2542,148.0,-20.0,0.0,0.0,-20.0,3720.0,41.0,70.0,2.0,56.0,0.0,0.0,1.42,0.0
2015/10/01,24.5,24.9,24.2,24.4,154.0,3770.0,-0.4082,0.1732,100.0,5.0,0.0,0.0,5.0,3724.0,40.0,36.0,1.0,55.0,0.0,0.0,1.41,0.0
2015/10/02,24.4,24.4,24.1,24.4,237.0,5751.0,0.0,0.2666,122.0,-2.0,0.0,0.0,-2.0,3642.0,73.0,154.0,1.0,57.0,3.0,0.0,1.41,0.0
2015/10/05,24.65,24.8,24.0,24.8,404.0,9853.0,1.6393,0.4544,134.0,-8.0,0.0,0.0,-8.0,3463.0,30.0,209.0,0.0,57.0,0.0,0.0,1.44,0.0
2015/10/06,25.2,25.2,24.1,24.1,240.0,5891.0,-2.8226,0.2699,132.0,-17.0,0.0,0.0,-17.0,3424.0,108.0,127.0,4.0,53.0,0.0,0.0,1.4,0.0
2015/10/07,24.1,24.45,24.1,24.2,144.0,3497.0,0.4149,0.162,91.0,5.0,0.0,0.0,5.0,3429.0,72.0,67.0,0.0,53.0,0.0,0.0,1.4,0.0
2015/10/08,24.2,24.2,23.1,23.75,133.0,3166.0,-1.8595,0.1496,99.0,-20.0,0.0,0.0,-20.0,3430.0,44.0,43.0,0.0,58.0,5.0,0.0,1.38,0.0
2015/10/12,24.75,24.75,24.0,24.0,85.0,2065.0,1.0526,0.0956,64.0,-1.0,0.0,0.0,-1.0,3434.0,31.0,27.0,0.0,58.0,0.0,0.0,1.39,0.0
2015/10/13,24.2,24.45,24.05,24.1,90.0,2182.0,0.4167,0.1012,55.0,6.0,0.0,0.0,6.0,3408.0,13.0,39.0,0.0,58.0,0.0,0.0,1.4,0.0
2015/10/14,24.5,24.8,23.35,23.9,314.0,7588.0,-0.8299,0.3532,166.0,7.0,0.0,0.0,7.0,3426.0,105.0,87.0,0.0,58.0,0.0,0.0,1.39,0.0
2015/10/15,23.9,24.35,23.8,23.9,124.0,2973.0,0.0,0.1395,64.0,7.0,0.0,0.0,7.0,3423.0,30.0,33.0,0.0,58.0,0.0,0.0,1.39,0.0
2015/10/16,24.3,24.3,23.6,23.65,116.0,2778.0,-1.046,0.1305,87.0,2.0,0.0,0.0,2.0,3419.0,47.0,51.0,0.0,58.0,0.0,0.0,1.37,0.0
2015/10/19,23.95,24.0,23.65,23.8,180.0,4275.0,0.6342,0.2024,86.0,12.0,0.0,0.0,12.0,3322.0,45.0,142.0,0.0,58.0,0.0,0.0,1.38,0.0
2015/10/20,24.3,26.15,24.2,26.15,976.0,25164.0,9.8739,1.0977,377.0,-4.0,0.0,0.0,-4.0,3571.0,457.0,207.0,0.0,65.0,7.0,0.0,1.52,0.0
2015/10/21,27.0,28.75,27.0,28.75,3131.0,87324.0,9.9426,3.5215,1456.0,33.0,0.0,0.0,33.0,3878.0,1000.0,693.0,0.0,142.0,77.0,0.0,1.67,0.0
2015/10/22,29.7,31.45,29.3,30.15,4402.0,134786.0,4.8696,4.951,2385.0,10.0,0.0,0.0,10.0,3758.0,955.0,1075.0,17.0,201.0,76.0,0.0,1.75,0.0
2015/10/23,30.35,30.65,29.5,29.95,1441.0,43293.0,-0.6633,1.6207,846.0,-60.0,0.0,0.0,-60.0,3858.0,427.0,315.0,26.0,196.0,21.0,0.0,1.74,0.0
2015/10/26,30.5,32.3,30.25,31.55,2421.0,76548.0,5.3422,2.7229,1370.0,-63.0,0.0,0.0,-63.0,4197.0,862.0,523.0,13.0,251.0,68.0,0.0,1.83,0.0
2015/10/27,31.6,31.95,30.3,30.8,944.0,29202.0,-2.3772,1.0617,612.0,-37.0,0.0,0.0,-37.0,4179.0,294.0,312.0,55.0,196.0,0.0,0.0,1.79,0.0
2015/10/28,31.2,32.9,31.0,31.9,1841.0,59172.0,3.5714,2.0706,1045.0,-51.0,0.0,0.0,-51.0,4235.0,532.0,476.0,9.0,236.0,49.0,0.0,1.85,0.0
2015/10/29,31.9,31.9,30.5,30.5,766.0,23665.0,-4.3887,0.8615,484.0,1.0,0.0,0.0,1.0,4114.0,167.0,281.0,57.0,185.0,6.0,0.0,1.77,0.0
2015/10/30,30.75,31.75,30.05,30.05,1167.0,35547.0,-1.4754,1.3125,664.0,31.0,0.0,0.0,31.0,3829.0,329.0,614.0,21.0,181.0,17.0,0.0,1.74,0.0
2015/11/02,30.2,30.85,30.0,30.5,742.0,22466.0,1.4975,0.8345,458.0,-2.0,0.0,0.0,-2.0,3888.0,339.0,280.0,21.0,174.0,14.0,0.0,1.77,0.0
2015/11/03,30.8,31.2,30.0,30.0,527.0,15999.0,-1.6393,0.5927,340.0,11.0,0.0,0.0,11.0,3880.0,189.0,197.0,13.0,162.0,1.0,0.0,1.74,0.0
2015/11/04,30.35,31.8,30.05,31.05,1961.0,61195.0,3.5,2.2056,1070.0,58.0,0.0,0.0,58.0,4091.0,741.0,530.0,3.0,170.0,11.0,0.0,1.8,0.0
2015/11/05,31.05,33.0,30.7,33.0,3067.0,99313.0,6.2802,3.4495,1632.0,-1.0,0.0,0.0,-1.0,4630.0,1161.0,621.0,10.0,246.0,86.0,0.0,1.91,0.0
2015/11/06,33.9,34.5,32.8,33.0,4172.0,139688.0,0.0,4.6923,2139.0,-82.0,0.0,0.0,-82.0,4418.0,1121.0,1333.0,6.0,244.0,5.0,0.0,1.91,0.0
2015/11/09,33.6,33.7,30.5,30.55,1795.0,57020.0,-7.4242,2.0189,1069.0,11.0,0.0,0.0,11.0,4150.0,409.0,677.0,32.0,231.0,19.0,0.0,1.77,0.0
2015/11/10,30.7,31.8,30.6,31.2,999.0,31156.0,2.1277,1.1236,587.0,-3.0,0.0,0.0,-3.0,4230.0,326.0,246.0,76.0,196.0,41.0,0.0,1.81,0.0
2015/11/11,31.75,32.35,30.5,30.55,1521.0,47737.0,-2.0833,1.7107,952.0,-27.0,0.0,0.0,-27.0,4086.0,292.0,434.0,17.0,205.0,26.0,0.0,1.77,0.0
2015/11/12,30.6,31.25,28.9,29.6,870.0,25905.0,-3.1097,0.9785,527.0,29.0,0.0,0.0,29.0,4058.0,277.0,305.0,32.0,197.0,24.0,0.0,1.72,0.0
2015/11/13,29.2,30.45,29.1,29.4,498.0,14821.0,-0.6757,0.5601,318.0,8.0,0.0,0.0,8.0,4069.0,175.0,164.0,18.0,202.0,26.0,0.0,1.69,0.0
2015/11/16,29.1,31.1,29.1,31.0,745.0,22639.0,5.4422,0.8379,516.0,59.0,0.0,0.0,59.0,4140.0,198.0,127.0,85.0,173.0,56.0,0.0,1.78,0.0
2015/11/17,31.9,31.9,30.3,30.95,680.0,21121.0,-0.1613,0.7648,429.0,-28.0,0.0,0.0,-28.0,4196.0,257.0,201.0,12.0,165.0,4.0,0.0,1.77,0.0
2015/11/18,30.9,31.8,30.7,31.55,1173.0,36762.0,1.9386,1.3193,736.0,-3.0,0.0,0.0,-3.0,4322.0,353.0,227.0,7.0,178.0,20.0,0.0,1.81,0.0
2015/11/19,31.65,31.9,31.2,31.2,881.0,27730.0,-1.1094,0.9909,547.0,-1.0,0.0,0.0,-1.0,4255.0,273.0,340.0,7.0,181.0,10.0,0.0,1.79,0.0
2015/11/20,31.5,32.3,31.25,31.3,1527.0,48553.0,0.3205,1.7174,853.0,-19.0,0.0,0.0,-19.0,4420.0,453.0,288.0,2.0,181.0,2.0,0.0,1.79,0.0
2015/11/23,31.85,31.9,30.7,30.7,431.0,13378.0,-1.9169,0.4848,304.0,9.0,0.0,0.0,9.0,4354.0,112.0,178.0,7.0,178.0,4.0,0.0,1.76,0.0
2015/11/24,31.2,31.35,30.3,30.35,583.0,18020.0,-1.1401,0.6557,368.0,34.0,0.0,2.0,36.0,4394.0,217.0,177.0,20.0,174.0,16.0,0.0,1.74,0.0
2015/11/25,30.4,31.2,30.3,30.45,472.0,14481.0,0.3295,0.5309,308.0,65.0,0.0,0.0,65.0,4380.0,133.0,147.0,12.0,174.0,12.0,0.0,1.75,0.0
2015/11/26,30.4,31.95,30.4,31.35,1351.0,42302.0,2.9557,1.5195,732.0,53.0,0.0,0.0,53.0,4614.0,436.0,202.0,12.0,177.0,15.0,0.0,1.8,0.0
2015/11/27,31.5,31.9,30.75,30.8,558.0,17352.0,-1.7544,0.6276,357.0,-69.0,0.0,-3.0,-72.0,4523.0,137.0,227.0,44.0,133.0,0.0,0.0,1.77,0.0
2015/11/30,30.75,31.05,29.6,29.6,571.0,17180.0,-3.8961,0.6422,388.0,-21.0,0.0,1.0,-20.0,4434.0,136.0,225.0,28.0,145.0,40.0,0.0,1.7,0.0
2015/12/01,30.3,30.3,29.7,29.75,435.0,13034.0,0.5068,0.4893,301.0,38.0,0.0,2.0,40.0,4333.0,88.0,189.0,1.0,144.0,0.0,0.0,1.71,0.0
2015/12/02,29.5,30.0,29.2,29.25,518.0,15299.0,-1.6807,0.5826,347.0,11.0,0.0,0.0,11.0,4348.0,156.0,141.0,3.0,152.0,11.0,0.0,1.68,0.0
2015/12/03,29.4,29.85,29.1,29.25,444.0,13112.0,0.0,0.4994,313.0,65.0,0.0,0.0,65.0,4325.0,81.0,104.0,9.0,149.0,6.0,0.0,1.68,0.0
2015/12/04,29.2,29.6,28.1,28.5,422.0,12220.0,-2.5641,0.4746,303.0,34.0,0.0,-3.0,31.0,4374.0,106.0,56.0,8.0,147.0,6.0,0.0,1.63,0.0
2015/12/07,28.9,29.25,28.6,28.65,411.0,11861.0,0.5263,0.4623,228.0,-1.0,0.0,0.0,-1.0,4382.0,103.0,95.0,12.0,154.0,19.0,0.0,1.64,0.0
2015/12/08,29.0,29.2,28.4,28.55,251.0,7229.0,-0.349,0.2823,169.0,-30.0,0.0,0.0,-30.0,4405.0,91.0,68.0,1.0,157.0,4.0,0.0,1.64,0.0
2015/12/09,28.9,28.9,25.85,25.85,791.0,21155.0,-9.4571,0.8897,459.0,24.0,0.0,1.0,25.0,4218.0,148.0,332.0,29.0,194.0,66.0,0.0,1.48,0.0
2015/12/10,25.85,26.45,24.3,26.4,328.0,8375.0,2.1277,0.3689,254.0,64.0,0.0,0.0,64.0,4155.0,45.0,106.0,20.0,183.0,9.0,0.0,1.51,0.0
2015/12/11,26.7,26.75,24.85,24.95,283.0,7221.0,-5.4924,0.3183,177.0,-56.0,0.0,-1.0,-57.0,4090.0,60.0,125.0,8.0,178.0,3.0,0.0,1.43,0.0
2015/12/14,24.95,25.85,23.9,25.3,287.0,7144.0,1.4028,0.3228,169.0,54.0,0.0,2.0,56.0,4044.0,47.0,91.0,62.0,124.0,8.0,0.0,1.45,0.0
2015/12/15,25.65,26.15,25.3,25.35,193.0,4929.0,0.1976,0.2171,144.0,-2.0,0.0,-1.0,-3.0,4055.0,51.0,40.0,7.0,122.0,5.0,0.0,1.45,0.0
2015/12/16,26.1,26.1,25.25,25.25,329.0,8437.0,-0.3945,0.37,195.0,-82.0,0.0,1.0,-81.0,4028.0,94.0,120.0,4.0,129.0,11.0,0.0,1.45,0.0
2015/12/17,26.0,26.0,25.4,25.45,251.0,6447.0,0.7921,0.2823,167.0,40.0,0.0,-2.0,38.0,4063.0,61.0,21.0,12.0,119.0,2.0,0.0,1.46,0.0
2015/12/18,25.5,26.45,25.4,26.0,537.0,14029.0,2.1611,0.604,301.0,6.0,0.0,0.0,6.0,4122.0,127.0,68.0,12.0,109.0,2.0,0.0,1.49,0.0
2015/12/21,25.6,25.8,25.45,25.6,266.0,6826.0,-1.5385,0.2992,165.0,7.0,0.0,0.0,7.0,4070.0,49.0,100.0,4.0,139.0,34.0,0.0,1.47,0.0
2015/12/22,25.9,25.95,25.7,25.95,144.0,3725.0,1.3672,0.162,84.0,-16.0,0.0,0.0,-16.0,4095.0,58.0,33.0,0.0,142.0,3.0,0.0,1.49,0.0
2015/12/23,26.15,26.25,25.5,25.5,149.0,3853.0,-1.7341,0.1676,111.0,-6.0,0.0,0.0,-6.0,4074.0,34.0,55.0,2.0,144.0,4.0,0.0,1.46,0.0
2015/12/24,25.75,25.75,24.7,24.7,296.0,7405.0,-3.1373,0.3329,199.0,10.0,0.0,1.0,11.0,4054.0,74.0,94.0,18.0,147.0,21.0,0.0,1.42,0.0
2015/12/25,24.7,25.3,24.45,24.95,157.0,3920.0,1.0121,0.1766,100.0,21.0,0.0,-5.0,16.0,4037.0,20.0,37.0,3.0,147.0,3.0,0.0,1.43,0.0
2015/12/28,24.75,25.1,24.75,25.0,107.0,2666.0,0.2004,0.1203,101.0,-18.0,0.0,0.0,-18.0,4023.0,16.0,29.0,4.0,143.0,0.0,0.0,1.43,0.0
2015/12/29,25.05,25.05,24.55,24.55,210.0,5198.0,-1.8,0.2362,137.0,-70.0,0.0,0.0,-70.0,3952.0,25.0,95.0,11.0,135.0,3.0,0.0,1.41,0.0
2015/12/30,24.55,24.85,24.5,24.7,151.0,3718.0,0.611,0.1698,90.0,5.0,0.0,0.0,5.0,3962.0,25.0,15.0,0.0,136.0,1.0,0.0,1.42,0.0
2015/12/31,24.9,24.9,24.0,24.25,192.0,4670.0,-1.8219,0.2159,127.0,16.0,0.0,8.0,24.0,3903.0,44.0,103.0,7.0,129.0,0.0,0.0,1.39,0.0
2016/01/04,24.3,24.35,24.0,24.05,181.0,4370.0,-0.8247,0.2036,117.0,1.0,0.0,-1.0,0.0,3886.0,20.0,37.0,12.0,120.0,3.0,0.0,1.38,0.0
2016/01/05,24.05,24.05,23.65,23.65,84.0,1998.0,-1.6632,0.0945,64.0,-3.0,0.0,2.0,-1.0,3882.0,25.0,14.0,4.0,116.0,0.0,0.0,1.36,0.0
2016/01/06,23.65,23.7,22.75,23.1,340.0,7837.0,-2.3256,0.3824,178.0,-1.0,0.0,-9.0,-10.0,3796.0,37.0,123.0,11.0,108.0,3.0,0.0,1.32,0.0
2016/01/07,23.05,23.05,21.1,21.5,280.0,6105.0,-6.9264,0.3149,176.0,-4.0,0.0,7.0,3.0,3706.0,58.0,138.0,12.0,103.0,7.0,0.0,1.23,0.0
2016/01/08,21.0,22.6,21.0,22.6,183.0,4037.0,5.1163,0.2058,149.0,36.0,0.0,-8.0,28.0,3702.0,49.0,53.0,8.0,96.0,1.0,0.0,1.3,0.0
2016/01/11,22.55,22.55,21.6,22.1,176.0,3878.0,-2.2124,0.198,105.0,7.0,0.0,5.0,12.0,3727.0,80.0,42.0,8.0,89.0,1.0,0.0,1.27,0.0
2016/01/12,22.1,22.4,21.85,21.85,145.0,3201.0,-1.1312,0.1631,97.0,-14.0,0.0,-9.0,-23.0,3743.0,59.0,23.0,4.0,86.0,1.0,0.0,1.25,0.0
2016/01/13,21.9,22.3,21.7,22.0,91.0,1995.0,0.6865,0.1023,73.0,-17.0,0.0,0.0,-17.0,3741.0,13.0,11.0,17.0,69.0,0.0,0.0,1.26,0.0
2016/01/14,21.6,21.6,20.55,21.2,231.0,4868.0,-3.6364,0.2598,148.0,18.0,0.0,12.0,30.0,3703.0,45.0,47.0,4.0,65.0,0.0,0.0,1.22,0.0
2016/01/15,22.0,22.0,21.3,21.7,210.0,4522.0,2.3585,0.2362,146.0,13.0,0.0,-1.0,12.0,3718.0,59.0,44.0,0.0,71.0,6.0,0.0,1.24,0.0
2016/01/18,20.5,23.2,20.5,22.25,512.0,11173.0,2.5346,0.5759,330.0,66.0,0.0,3.0,69.0,3671.0,52.0,99.0,11.0,67.0,7.0,0.0,1.28,0.0
2016/01/19,22.5,22.8,22.1,22.75,226.0,5085.0,2.2472,0.2542,156.0,8.0,0.0,-1.0,7.0,3709.0,67.0,29.0,0.0,67.0,0.0,0.0,1.3,0.0
2016/01/20,23.0,24.35,22.85,23.35,539.0,12713.0,2.6374,0.6062,369.0,-21.0,0.0,-13.0,-34.0,3845.0,210.0,74.0,6.0,64.0,3.0,0.0,1.34,0.0
2016/01/21,22.85,23.5,22.85,23.3,139.0,3236.0,-0.2141,0.1563,95.0,-5.0,0.0,0.0,-5.0,3857.0,36.0,24.0,36.0,31.0,3.0,0.0,1.34,0.0
2016/01/22,24.1,24.1,22.9,22.9,96.0,2235.0,-1.7167,0.108,80.0,-28.0,0.0,1.0,-27.0,3833.0,42.0,21.0,1.0,30.0,0.0,0.0,1.31,0.0
2016/01/25,23.2,23.65,23.1,23.35,101.0,2359.0,1.9651,0.1136,89.0,0.0,0.0,12.0,12.0,3823.0,23.0,33.0,1.0,30.0,1.0,0.0,1.34,0.0
2016/01/26,23.35,23.45,22.8,22.95,56.0,1293.0,-1.7131,0.063,48.0,-1.0,0.0,2.0,1.0,3823.0,14.0,14.0,2.0,28.0,0.0,0.0,1.32,0.0
2016/01/27,23.1,23.4,22.9,22.9,87.0,2015.0,-0.2179,0.0979,54.0,-2.0,0.0,-1.0,-3.0,3834.0,29.0,18.0,0.0,28.0,0.0,0.0,1.31,0.0
2016/01/28,23.2,23.2,22.9,23.1,48.0,1107.0,0.8734,0.054,22.0,1.0,0.0,0.0,1.0,3824.0,5.0,15.0,0.0,28.0,0.0,0.0,1.32,0.0
2016/01/29,23.5,23.5,22.9,23.1,87.0,2014.0,0.0,0.0979,52.0,5.0,0.0,-1.0,4.0,3837.0,37.0,24.0,0.0,28.0,0.0,0.0,1.32,0.0
2016/01/30,23.6,23.6,23.15,23.4,115.0,2688.0,1.2987,0.1293,65.0,0.0,0.0,-3.0,-3.0,3836.0,62.0,62.0,0.0,28.0,0.0,0.0,1.34,0.0
2016/02/01,23.4,23.4,22.8,22.85,120.0,2767.0,-2.3504,0.135,91.0,5.0,0.0,4.0,9.0,3856.0,24.0,4.0,0.0,28.0,0.0,0.0,1.31,0.0
2016/02/02,22.85,23.1,22.85,22.85,92.0,2108.0,0.0,0.1035,57.0,-1.0,0.0,-2.0,-3.0,3849.0,1.0,8.0,0.0,28.0,0.0,0.0,1.31,0.0
2016/02/03,22.8,23.05,22.8,22.85,69.0,1579.0,0.0,0.0776,51.0,-5.0,0.0,0.0,-5.0,3841.0,3.0,8.0,0.0,28.0,0.0,0.0,1.31,0.0
2016/02/15,22.5,23.6,22.5,22.8,160.0,3689.0,-0.2188,0.18,108.0,25.0,0.0,-4.0,21.0,3833.0,30.0,33.0,1.0,27.0,0.0,0.0,1.31,0.0
2016/02/16,23.0,23.35,23.0,23.25,106.0,2460.0,1.9737,0.1192,76.0,-4.0,0.0,-3.0,-7.0,3843.0,37.0,27.0,0.0,27.0,0.0,0.0,1.33,0.0
2016/02/17,23.4,25.55,23.4,25.55,931.0,23307.0,9.8925,1.0471,578.0,-1.0,0.0,-4.0,-5.0,3894.0,190.0,139.0,0.0,31.0,4.0,0.0,1.47,0.0
2016/02/18,26.9,28.1,26.9,28.1,1831.0,50603.0,9.9804,2.0594,999.0,7.0,0.0,0.0,7.0,3973.0,556.0,462.0,2.0,55.0,26.0,0.0,1.61,0.0
2016/02/19,28.8,28.9,27.2,27.6,1696.0,47664.0,-1.7794,1.9075,1046.0,-42.0,0.0,0.0,-42.0,3620.0,235.0,588.0,15.0,44.0,4.0,0.0,1.58,0.0
2016/02/22,27.8,27.8,26.15,26.85,722.0,19376.0,-2.7174,0.812,463.0,-20.0,0.0,3.0,-17.0,3657.0,179.0,137.0,10.0,47.0,13.0,0.0,1.54,0.0
2016/02/23,27.2,27.65,26.7,27.5,561.0,15268.0,2.4209,0.631,363.0,-12.0,0.0,2.0,-10.0,3665.0,158.0,150.0,0.0,47.0,0.0,0.0,1.58,0.0
2016/02/24,27.45,27.5,26.2,26.8,510.0,13646.0,-2.5455,0.5736,306.0,-13.0,0.0,2.0,-11.0,3584.0,132.0,213.0,3.0,49.0,5.0,0.0,1.54,0.0
2016/02/25,27.3,27.3,26.55,26.65,293.0,7877.0,-0.5597,0.3295,193.0,-28.0,0.0,0.0,-28.0,3587.0,93.0,90.0,13.0,37.0,1.0,0.0,1.53,0.0
2016/02/26,27.15,27.15,26.3,26.7,172.0,4606.0,0.1876,0.1935,124.0,-8.0,0.0,0.0,-8.0,3596.0,42.0,33.0,5.0,32.0,0.0,0.0,1.53,0.0
2016/03/01,26.9,27.3,26.75,27.0,276.0,7454.0,1.1236,0.3104,199.0,16.0,0.0,0.0,16.0,3604.0,62.0,49.0,1.0,31.0,0.0,0.0,1.55,0.0
2016/03/02,26.9,27.2,26.6,26.65,202.0,5436.0,-1.2963,0.2272,156.0,6.0,0.0,0.0,6.0,3623.0,65.0,43.0,0.0,31.0,0.0,0.0,1.53,0.0
2016/03/03,26.7,27.05,26.55,26.55,207.0,5560.0,-0.3752,0.2328,152.0,12.0,0.0,1.0,13.0,3643.0,45.0,25.0,0.0,31.0,0.0,0.0,1.52,0.0
2016/03/04,26.9,26.9,26.35,26.6,156.0,4165.0,0.1883,0.1755,133.0,29.0,0.0,-1.0,28.0,3627.0,41.0,57.0,1.0,30.0,0.0,0.0,1.53,0.0
2016/03/07,26.8,27.0,26.55,26.75,169.0,4534.0,0.5639,0.1901,179.0,8.0,0.0,1.0,9.0,3631.0,55.0,51.0,0.0,30.0,0.0,0.0,1.53,0.0
2016/03/08,26.8,27.35,26.35,27.35,410.0,11076.0,2.243,0.4611,272.0,7.0,0.0,-2.0,5.0,3655.0,122.0,98.0,1.0,29.0,0.0,0.0,1.57,0.0
2016/03/09,27.4,28.15,27.05,27.1,694.0,19122.0,-0.9141,0.7806,465.0,-6.0,0.0,-8.0,-14.0,3752.0,218.0,121.0,0.0,29.0,0.0,0.0,1.55,0.0
2016/03/10,27.15,27.35,26.7,26.7,299.0,8087.0,-1.476,0.3363,223.0,-14.0,0.0,0.0,-14.0,3766.0,101.0,87.0,0.0,29.0,0.0,0.0,1.53,0.0
2016/03/11,26.55,26.95,26.3,26.4,386.0,10217.0,-1.1236,0.4341,269.0,-21.0,0.0,7.0,-14.0,3714.0,133.0,185.0,0.0,29.0,0.0,0.0,1.51,0.0
2016/03/14,26.7,27.0,26.5,26.95,295.0,7931.0,2.0833,0.3318,199.0,22.0,0.0,0.0,22.0,3718.0,62.0,58.0,6.0,23.0,0.0,0.0,1.55,0.0
2016/03/15,26.95,27.3,26.0,26.05,329.0,8816.0,-3.3395,0.37,233.0,-10.0,0.0,-9.0,-19.0,3737.0,84.0,65.0,0.0,23.0,0.0,0.0,1.49,0.0
2016/03/16,26.05,26.55,26.05,26.3,120.0,3164.0,0.9597,0.135,94.0,36.0,0.0,7.0,43.0,3715.0,20.0,42.0,0.0,25.0,2.0,0.0,1.51,0.0
2016/03/17,26.65,26.65,26.1,26.35,135.0,3548.0,0.1901,0.1518,126.0,-12.0,0.0,-1.0,-13.0,3720.0,30.0,24.0,0.0,25.0,0.0,0.0,1.51,0.0
2016/03/18,26.2,26.4,26.1,26.4,74.0,1941.0,0.1898,0.0832,68.0,-2.0,0.0,-2.0,-4.0,3715.0,6.0,11.0,0.0,25.0,0.0,0.0,1.51,0.0
2016/03/21,26.5,26.7,26.2,26.6,124.0,3284.0,0.7576,0.1395,111.0,-3.0,0.0,0.0,-3.0,3724.0,38.0,29.0,2.0,23.0,0.0,0.0,1.53,0.0
2016/03/22,26.75,27.3,26.6,26.9,246.0,6612.0,1.1278,0.2767,181.0,-1.0,0.0,-1.0,-2.0,3784.0,96.0,36.0,0.0,23.0,0.0,0.0,1.54,0.0
2016/03/23,26.95,26.95,26.2,26.25,135.0,3575.0,-2.4164,0.1518,106.0,-16.0,0.0,3.0,-13.0,3778.0,32.0,36.0,0.0,23.0,0.0,0.0,1.51,0.0
2016/03/24,26.25,26.25,25.3,25.4,196.0,5002.0,-3.2381,0.2204,151.0,-26.0,0.0,0.0,-26.0,3757.0,35.0,56.0,0.0,33.0,10.0,0.0,1.46,0.0
2016/03/25,25.05,25.8,25.0,25.3,135.0,3410.0,-0.3937,0.1518,109.0,0.0,0.0,2.0,2.0,3743.0,13.0,26.0,10.0,24.0,1.0,0.0,1.45,0.0
2016/03/28,25.0,25.85,25.0,25.3,75.0,1901.0,0.0,0.0844,101.0,4.0,0.0,-2.0,2.0,3744.0,6.0,5.0,0.0,24.0,0.0,0.0,1.45,0.0
2016/03/29,25.75,25.75,24.5,24.6,94.0,2338.0,-2.7668,0.1057,82.0,-12.0,0.0,2.0,-10.0,3700.0,5.0,49.0,0.0,24.0,0.0,0.0,1.41,0.0
2016/03/30,24.6,25.05,24.6,24.75,74.0,1836.0,0.6098,0.0832,50.0,-1.0,0.0,1.0,0.0,3689.0,14.0,25.0,0.0,26.0,2.0,0.0,1.47,0.0
2016/03/31,25.0,25.25,24.8,24.95,55.0,1375.0,0.8081,0.0619,58.0,1.0,0.0,0.0,1.0,3697.0,19.0,11.0,1.0,25.0,0.0,0.0,1.48,0.0
2016/04/01,25.0,25.4,25.0,25.35,103.0,2596.0,1.6032,0.1158,75.0,16.0,0.0,0.0,16.0,3685.0,11.0,22.0,3.0,22.0,0.0,0.0,1.5,0.0
2016/04/06,25.35,25.4,25.0,25.2,153.0,3875.0,-0.5917,0.1721,86.0,-6.0,0.0,-1.0,-7.0,3648.0,2.0,39.0,2.0,21.0,1.0,0.0,1.49,0.0
2016/04/07,25.2,25.4,25.15,25.2,151.0,3814.0,0.0,0.1698,72.0,0.0,0.0,0.0,0.0,3636.0,16.0,23.0,0.0,21.0,0.0,0.0,1.49,0.0
2016/04/08,25.0,25.2,24.65,25.0,99.0,2479.0,-0.7937,0.1113,45.0,-1.0,0.0,-1.0,-2.0,3588.0,5.0,53.0,1.0,20.0,0.0,0.0,1.48,0.0
2016/04/11,25.0,25.0,24.3,24.3,112.0,2753.0,-2.8,0.126,89.0,5.0,0.0,4.0,9.0,3577.0,7.0,18.0,0.0,21.0,1.0,0.0,1.44,0.0
2016/04/12,24.4,24.6,23.5,23.6,97.0,2326.0,-2.8807,0.1091,100.0,0.0,0.0,-4.0,-4.0,3576.0,25.0,22.0,1.0,20.0,0.0,0.0,1.4,0.0
2016/04/13,23.8,23.8,23.6,23.7,69.0,1634.0,0.4237,0.0776,60.0,6.0,0.0,0.0,6.0,3476.0,18.0,8.0,0.0,20.0,0.0,0.0,1.4,0.0
2016/04/14,23.85,23.85,23.7,23.7,41.0,973.0,0.0,0.0461,27.0,3.0,0.0,0.0,3.0,3483.0,14.0,7.0,0.0,20.0,0.0,0.0,1.4,0.0
2016/04/15,23.65,23.65,23.0,23.15,135.0,3140.0,-2.3207,0.1518,97.0,-3.0,0.0,0.0,-3.0,3507.0,35.0,11.0,7.0,13.0,0.0,0.0,1.37,0.0
2016/04/18,22.95,23.1,22.8,22.85,136.0,3119.0,-1.2959,0.153,65.0,3.0,0.0,-1.0,2.0,3480.0,5.0,32.0,3.0,10.0,0.0,0.0,1.35,0.0
2016/04/19,23.0,23.4,23.0,23.1,61.0,1426.0,1.0941,0.0686,48.0,3.0,0.0,1.0,4.0,3472.0,3.0,11.0,0.0,10.0,0.0,0.0,1.37,0.0
2016/04/20,23.0,23.1,22.8,22.8,37.0,851.0,-1.2987,0.0416,49.0,-3.0,0.0,6.0,3.0,3475.0,5.0,2.0,3.0,7.0,0.0,0.0,1.35,0.0
2016/04/21,22.65,23.1,22.6,23.1,76.0,1731.0,1.3158,0.0855,100.0,6.0,0.0,0.0,6.0,3373.0,17.0,11.0,0.0,7.0,0.0,0.0,1.37,0.0
2016/04/22,23.0,23.05,22.7,23.0,85.0,1945.0,-0.4329,0.0956,59.0,8.0,0.0,0.0,8.0,3367.0,25.0,26.0,7.0,0.0,0.0,0.0,1.36,0.0
2016/04/25,23.1,23.1,22.0,22.8,53.0,1195.0,-0.8696,0.0596,60.0,-2.0,0.0,0.0,-2.0,3364.0,13.0,16.0,0.0,0.0,0.0,0.0,1.35,0.0
2016/04/26,22.9,23.15,22.85,22.9,74.0,1703.0,0.4386,0.0832,62.0,5.0,0.0,0.0,5.0,3358.0,8.0,14.0,0.0,0.0,0.0,0.0,1.36,0.0
2016/04/27,22.7,22.95,22.7,22.75,40.0,913.0,-0.655,0.045,39.0,0.0,0.0,0.0,0.0,3355.0,8.0,11.0,0.0,0.0,0.0,0.0,1.35,0.0
2016/04/28,22.8,22.8,22.45,22.7,35.0,791.0,-0.2198,0.0394,27.0,-4.0,0.0,0.0,-4.0,3346.0,0.0,9.0,0.0,3.0,3.0,0.0,1.35,0.0
2016/04/29,22.4,22.6,22.15,22.3,56.0,1246.0,-1.7621,0.063,34.0,16.0,0.0,0.0,16.0,3322.0,9.0,33.0,0.0,3.0,0.0,0.0,1.32,0.0
2016/05/03,22.3,22.35,22.05,22.1,49.0,1083.0,-0.8969,0.0551,32.0,-1.0,0.0,0.0,-1.0,3300.0,15.0,28.0,0.0,3.0,0.0,0.0,1.31,0.0
2016/05/04,22.0,22.25,21.7,21.75,117.0,2572.0,-1.5837,0.1316,43.0,-21.0,0.0,0.0,-21.0,3284.0,55.0,71.0,0.0,3.0,0.0,0.0,1.29,0.0
2016/05/05,21.75,21.75,21.15,21.35,103.0,2190.0,-1.8391,0.1158,56.0,0.0,0.0,0.0,0.0,3251.0,20.0,47.0,0.0,3.0,0.0,0.0,1.27,0.0
2016/05/06,21.05,21.4,21.05,21.25,34.0,719.0,-0.4684,0.0382,26.0,-1.0,0.0,0.0,-1.0,3240.0,11.0,9.0,0.0,3.0,0.0,0.0,1.26,0.0
2016/05/09,21.25,21.25,20.3,20.4,107.0,2237.0,-4.0,0.1203,62.0,-13.0,0.0,0.0,-13.0,3235.0,30.0,34.0,0.0,3.0,0.0,0.0,1.21,0.0
2016/05/10,20.4,21.5,20.0,20.9,131.0,2715.0,2.451,0.1473,77.0,13.0,0.0,0.0,13.0,3233.0,27.0,29.0,0.0,3.0,0.0,0.0,1.24,0.0
2016/05/11,20.55,21.55,20.5,21.15,111.0,2341.0,1.1962,0.1248,73.0,4.0,0.0,0.0,4.0,3250.0,25.0,8.0,0.0,3.0,0.0,0.0,1.25,0.0
2016/05/12,21.15,21.4,20.1,20.25,73.0,1515.0,-4.2553,0.0821,47.0,-8.0,0.0,0.0,-8.0,3236.0,7.0,21.0,0.0,3.0,0.0,0.0,1.2,0.0
2016/05/13,20.25,20.7,19.6,20.7,136.0,2730.0,2.2222,0.153,73.0,14.0,0.0,0.0,14.0,3219.0,21.0,37.0,0.0,3.0,0.0,0.0,1.23,0.0
2016/05/16,20.25,21.5,20.2,21.25,74.0,1557.0,2.657,0.0832,52.0,2.0,0.0,0.0,2.0,3202.0,1.0,18.0,0.0,3.0,0.0,0.0,1.26,0.0
2016/05/17,21.25,21.65,21.2,21.5,74.0,1594.0,1.1765,0.0832,47.0,7.0,0.0,1.0,8.0,3190.0,15.0,27.0,0.0,3.0,0.0,0.0,1.28,0.0
2016/05/18,21.65,23.65,21.35,23.1,642.0,14917.0,7.4419,0.7221,416.0,10.0,0.0,-2.0,8.0,3262.0,132.0,57.0,0.0,8.0,5.0,0.0,1.37,0.0
2016/05/19,22.5,23.15,22.3,22.4,181.0,4109.0,-3.0303,0.2036,125.0,-10.0,0.0,-3.0,-13.0,3273.0,59.0,48.0,0.0,8.0,0.0,0.0,1.33,0.0
2016/05/20,22.4,22.95,22.35,22.7,152.0,3439.0,1.3393,0.171,85.0,-8.0,0.0,0.0,-8.0,3252.0,15.0,36.0,0.0,11.0,3.0,0.0,1.35,0.0
2016/05/23,23.1,23.2,22.7,22.9,153.0,3521.0,0.8811,0.1721,96.0,-1.0,0.0,0.0,-1.0,3251.0,51.0,41.0,0.0,11.0,0.0,0.0,1.36,0.0
2016/05/24,22.9,23.0,22.35,22.5,89.0,2033.0,-1.7467,0.1001,64.0,1.0,0.0,3.0,4.0,3253.0,19.0,11.0,0.0,11.0,0.0,0.0,1.34,0.0
2016/05/25,23.1,23.1,22.4,22.4,96.0,2178.0,-0.4444,0.108,66.0,0.0,0.0,1.0,1.0,3230.0,24.0,47.0,3.0,8.0,0.0,0.0,1.33,0.0
2016/05/26,22.5,22.9,22.5,22.65,115.0,2620.0,1.1161,0.1293,61.0,5.0,0.0,-2.0,3.0,3237.0,38.0,31.0,0.0,8.0,0.0,0.0,1.35,0.0
2016/05/27,22.85,22.85,22.4,22.5,98.0,2208.0,-0.6623,0.1102,52.0,3.0,0.0,0.0,3.0,3200.0,12.0,49.0,0.0,8.0,0.0,0.0,1.34,0.0
2016/05/30,22.7,23.6,22.7,23.3,353.0,8178.0,3.5556,0.397,201.0,20.0,0.0,0.0,20.0,3227.0,74.0,47.0,0.0,8.0,0.0,0.0,1.39,0.0
2016/05/31,23.75,23.8,23.05,23.1,204.0,4793.0,-0.8584,0.2294,136.0,4.0,0.0,-1.0,3.0,3236.0,56.0,47.0,0.0,8.0,0.0,0.0,1.37,0.0
2016/06/01,23.35,23.5,23.0,23.0,91.0,2117.0,-0.4329,0.1023,76.0,-5.0,0.0,0.0,-5.0,3246.0,33.0,23.0,0.0,8.0,0.0,0.0,1.37,0.0
2016/06/02,23.05,23.25,22.6,22.6,96.0,2192.0,-1.7391,0.108,57.0,-8.0,0.0,3.0,-5.0,3246.0,17.0,17.0,0.0,8.0,0.0,0.0,1.34,0.0
2016/06/03,22.35,23.2,22.35,22.5,110.0,2492.0,-0.4425,0.1237,75.0,4.0,0.0,-4.0,0.0,3270.0,41.0,17.0,0.0,8.0,0.0,0.0,1.34,0.0
2016/06/04,22.55,22.65,22.5,22.5,29.0,655.0,0.0,0.0326,20.0,0.0,0.0,0.0,0.0,3257.0,4.0,17.0,0.0,8.0,0.0,0.0,1.34,0.0
2016/06/06,23.15,23.15,22.55,22.55,87.0,1984.0,0.2222,0.0979,70.0,1.0,0.0,0.0,1.0,3251.0,29.0,35.0,0.0,8.0,0.0,0.0,1.34,0.0
2016/06/07,22.95,23.05,22.6,22.6,68.0,1555.0,0.2217,0.0765,53.0,1.0,0.0,0.0,1.0,3250.0,21.0,12.0,0.0,8.0,0.0,0.0,1.34,0.0
2016/06/08,22.75,22.8,22.4,22.7,77.0,1736.0,0.4425,0.0866,46.0,5.0,0.0,1.0,6.0,3245.0,7.0,12.0,0.0,8.0,0.0,0.0,1.35,0.0
2016/06/13,23.1,23.1,22.7,22.75,82.0,1876.0,0.2203,0.0922,68.0,-2.0,0.0,-2.0,-4.0,3237.0,19.0,27.0,0.0,8.0,0.0,0.0,1.35,0.0
2016/06/14,22.75,22.9,22.55,22.6,37.0,838.0,-0.6593,0.0416,29.0,-1.0,0.0,0.0,-1.0,3241.0,8.0,4.0,0.0,13.0,5.0,0.0,1.34,0.0
2016/06/15,22.75,22.8,22.55,22.65,43.0,974.0,0.2212,0.0484,31.0,3.0,0.0,0.0,3.0,3236.0,4.0,9.0,0.0,13.0,0.0,0.0,1.35,0.0
2016/06/16,22.85,22.85,22.1,22.25,81.0,1805.0,-1.766,0.0911,58.0,1.0,0.0,1.0,2.0,3226.0,18.0,28.0,0.0,17.0,4.0,0.0,1.32,0.0
2016/06/17,22.25,22.4,22.05,22.05,68.0,1508.0,-0.8989,0.0765,52.0,-1.0,0.0,1.0,0.0,3229.0,14.0,11.0,0.0,17.0,0.0,0.0,1.31,0.0
2016/06/20,22.3,22.65,22.3,22.35,66.0,1482.0,1.3605,0.0742,51.0,3.0,0.0,-1.0,2.0,3226.0,10.0,12.0,0.0,18.0,1.0,0.0,1.33,0.0
2016/06/21,22.3,22.4,22.0,22.1,67.0,1491.0,-1.1186,0.0754,48.0,3.0,0.0,2.0,5.0,3233.0,11.0,4.0,0.0,18.0,0.0,0.0,1.31,0.0
2016/06/22,22.2,22.35,22.1,22.2,30.0,666.0,0.4525,0.0337,26.0,1.0,0.0,0.0,1.0,3229.0,6.0,10.0,0.0,18.0,0.0,0.0,1.32,0.0
2016/06/23,22.65,22.7,22.25,22.25,48.0,1078.0,0.2252,0.054,36.0,2.0,0.0,0.0,2.0,3240.0,20.0,9.0,0.0,18.0,0.0,0.0,1.32,0.0
2016/06/24,22.25,22.45,21.2,21.3,91.0,1979.0,-4.2697,0.1023,65.0,-1.0,0.0,0.0,-1.0,3239.0,15.0,16.0,4.0,14.0,0.0,0.0,1.27,0.0
2016/06/27,21.3,21.9,21.3,21.6,53.0,1147.0,1.4085,0.0596,38.0,0.0,0.0,0.0,0.0,3235.0,9.0,8.0,0.0,14.0,0.0,0.0,1.28,0.0
2016/06/28,21.45,21.85,21.4,21.65,39.0,850.0,0.2315,0.0439,34.0,12.0,0.0,0.0,12.0,3235.0,6.0,6.0,0.0,14.0,0.0,0.0,1.29,0.0
2016/06/29,22.45,22.45,21.9,22.0,35.0,775.0,1.6166,0.0394,36.0,0.0,0.0,0.0,0.0,3232.0,6.0,9.0,0.0,14.0,0.0,0.0,1.31,0.0
2016/06/30,22.1,22.3,22.0,22.1,64.0,1415.0,0.4545,0.072,36.0,-8.0,0.0,0.0,-8.0,3242.0,18.0,7.0,0.0,14.0,0.0,0.0,1.31,0.0
2016/07/01,22.15,22.2,21.8,22.0,52.0,1146.0,-0.4525,0.0585,37.0,6.0,0.0,0.0,6.0,3225.0,13.0,30.0,0.0,14.0,0.0,0.0,1.31,0.0
2016/07/04,22.3,22.3,21.95,22.0,26.0,573.0,0.0,0.0292,20.0,4.0,0.0,0.0,4.0,3213.0,1.0,13.0,0.0,14.0,0.0,0.0,1.31,0.0
2016/07/05,22.3,22.55,22.25,22.55,140.0,3148.0,2.5,0.1575,90.0,30.0,0.0,0.0,30.0,3234.0,45.0,24.0,0.0,14.0,0.0,0.0,1.34,0.0
2016/07/06,22.95,23.0,22.3,22.9,198.0,4509.0,1.5521,0.2227,115.0,-24.0,0.0,0.0,-24.0,3246.0,48.0,36.0,0.0,14.0,0.0,0.0,1.36,0.0
2016/07/07,22.95,23.0,22.5,22.6,88.0,1998.0,-1.31,0.099,61.0,2.0,0.0,0.0,2.0,3244.0,25.0,27.0,0.0,14.0,0.0,0.0,1.34,0.0
2016/07/11,22.6,22.9,22.15,22.3,39.0,878.0,-1.3274,0.0439,30.0,0.0,0.0,0.0,0.0,3242.0,6.0,4.0,0.0,14.0,0.0,0.0,1.33,0.0
2016/07/12,22.3,22.4,21.6,21.75,107.0,2380.0,-2.4664,0.1203,84.0,0.0,0.0,1.0,1.0,3265.0,36.0,13.0,0.0,14.0,0.0,0.0,1.29,0.0
2016/07/13,21.8,22.0,21.8,21.8,47.0,1031.0,0.2299,0.0529,35.0,0.0,0.0,0.0,0.0,3259.0,5.0,11.0,0.0,14.0,0.0,0.0,1.3,0.0
2016/07/14,21.9,22.0,21.8,21.8,89.0,1943.0,0.0,0.1001,55.0,4.0,0.0,0.0,4.0,3277.0,30.0,12.0,0.0,14.0,0.0,0.0,1.3,0.0
2016/07/15,22.1,22.3,21.95,22.2,121.0,2670.0,1.8349,0.1361,72.0,6.0,0.0,-1.0,5.0,3279.0,13.0,11.0,0.0,14.0,0.0,0.0,1.32,0.0
2016/07/18,22.4,24.4,22.4,24.4,1050.0,25009.0,9.9099,1.181,526.0,96.0,0.0,0.0,96.0,3509.0,340.0,107.0,0.0,20.0,6.0,0.0,1.45,0.0
2016/07/19,25.6,25.7,24.5,24.75,1341.0,33513.0,1.4344,1.5082,807.0,-92.0,0.0,-1.0,-93.0,3338.0,300.0,471.0,6.0,23.0,9.0,0.0,1.47,0.0
2016/07/20,24.8,24.9,23.8,23.8,372.0,8974.0,-3.8384,0.4184,223.0,-3.0,0.0,0.0,-3.0,3334.0,96.0,100.0,3.0,20.0,0.0,0.0,1.42,0.0
2016/07/21,23.8,24.4,23.8,24.1,236.0,5689.0,1.2605,0.2654,155.0,-6.0,0.0,4.0,-2.0,3318.0,63.0,78.0,0.0,20.0,1.0,0.0,1.43,0.0
2016/07/22,24.3,24.3,23.5,23.65,150.0,3569.0,-1.8672,0.1687,113.0,-7.0,0.0,0.0,-7.0,3312.0,36.0,42.0,1.0,19.0,0.0,0.0,1.41,0.0
2016/07/25,23.65,23.65,23.1,23.1,123.0,2864.0,-2.3256,0.1383,79.0,-1.0,0.0,2.0,1.0,3307.0,20.0,25.0,0.0,19.0,0.0,0.0,1.37,0.0
2016/07/26,22.9,23.35,22.8,23.25,119.0,2755.0,0.6494,0.1338,82.0,0.0,0.0,-1.0,-1.0,3305.0,19.0,21.0,2.0,20.0,3.0,0.0,1.38,0.0
2016/07/27,23.2,23.45,22.8,23.0,108.0,2493.0,-1.0753,0.1215,69.0,0.0,0.0,0.0,0.0,3303.0,26.0,27.0,0.0,20.0,0.0,0.0,1.37,0.0
2016/07/28,23.0,23.2,22.9,22.9,72.0,1662.0,-0.4348,0.081,59.0,3.0,0.0,0.0,3.0,3316.0,17.0,4.0,0.0,20.0,0.0,0.0,1.36,0.0
2016/07/29,23.1,23.1,22.7,22.7,79.0,1808.0,-0.8734,0.0889,59.0,-1.0,0.0,0.0,-1.0,3303.0,19.0,31.0,0.0,22.0,2.0,0.0,1.35,0.0
2016/08/01,22.7,22.85,22.5,22.8,77.0,1760.0,0.4405,0.0866,51.0,2.0,0.0,2.0,4.0,3308.0,11.0,6.0,0.0,22.0,0.0,0.0,1.36,0.0
2016/08/02,22.85,22.85,22.6,22.65,50.0,1142.0,-0.6579,0.0562,36.0,9.0,0.0,-2.0,7.0,3314.0,14.0,8.0,0.0,22.0,0.0,0.0,1.35,0.0
2016/08/03,22.65,23.7,22.65,23.2,197.0,4588.0,2.4283,0.2216,155.0,-1.0,0.0,0.0,-1.0,3296.0,48.0,48.0,0.0,22.0,0.0,0.0,1.38,0.0
2016/08/04,23.25,23.25,22.9,22.9,46.0,1060.0,-1.2931,0.0517,60.0,1.0,0.0,-4.0,-3.0,3290.0,9.0,14.0,0.0,22.0,0.0,0.0,1.36,0.0
2016/08/05,23.2,23.2,22.7,22.75,56.0,1289.0,-0.655,0.063,60.0,-12.0,0.0,0.0,-12.0,3300.0,13.0,3.0,5.0,17.0,0.0,0.0,1.35,0.0
2016/08/08,22.8,23.25,22.8,23.1,75.0,1736.0,1.5385,0.0844,59.0,0.0,0.0,1.0,1.0,3306.0,14.0,8.0,0.0,19.0,2.0,0.0,1.37,0.0
2016/08/09,23.1,23.25,22.65,23.15,76.0,1736.0,0.2165,0.0855,59.0,0.0,0.0,0.0,0.0,3286.0,16.0,36.0,0.0,20.0,1.0,0.0,1.38,0.0
2016/08/10,22.9,22.9,22.6,22.75,28.0,647.0,-1.7279,0.0315,41.0,0.0,0.0,0.0,0.0,3285.0,3.0,4.0,0.0,20.0,0.0,0.0,1.35,0.0
2016/08/11,22.6,22.65,22.3,22.35,88.0,1980.0,-1.7582,0.099,63.0,-5.0,0.0,-1.0,-6.0,3271.0,16.0,30.0,0.0,21.0,1.0,0.0,1.33,0.0
2016/08/12,21.45,22.3,21.45,22.05,166.0,3626.0,-1.3423,0.1867,95.0,2.0,0.0,0.0,2.0,3295.0,27.0,3.0,0.0,21.0,0.0,0.0,1.31,0.0
2016/08/15,22.4,22.55,22.05,22.15,46.0,1023.0,0.4535,0.0517,24.0,0.0,0.0,0.0,0.0,3311.0,31.0,14.0,0.0,21.0,0.0,0.0,1.32,0.0
2016/08/16,22.15,22.2,22.15,22.15,44.0,975.0,0.0,0.0495,20.0,0.0,0.0,-3.0,-3.0,3319.0,10.0,2.0,0.0,24.0,3.0,0.0,1.32,0.0
2016/08/17,21.95,22.55,21.35,22.55,78.0,1706.0,1.8059,0.0877,57.0,16.0,0.0,0.0,16.0,3311.0,12.0,20.0,0.0,24.0,0.0,0.0,1.34,0.0
2016/08/18,22.05,22.4,22.0,22.1,49.0,1083.0,-1.9956,0.0551,33.0,0.0,0.0,-4.0,-4.0,3309.0,10.0,12.0,0.0,24.0,0.0,0.0,1.31,0.0
2016/08/19,22.05,22.05,21.55,21.6,75.0,1635.0,-2.2624,0.0844,73.0,-2.0,0.0,-1.0,-3.0,3319.0,25.0,15.0,0.0,24.0,0.0,0.0,1.28,0.0
2016/08/22,21.6,21.6,21.3,21.35,37.0,790.0,-1.1574,0.0416,32.0,-7.0,0.0,0.0,-7.0,3315.0,8.0,12.0,0.0,24.0,0.0,0.0,1.27,0.0
2016/08/23,21.6,22.35,21.5,21.8,28.0,614.0,2.1077,0.0315,25.0,1.0,0.0,0.0,1.0,3312.0,3.0,6.0,0.0,24.0,0.0,0.0,1.3,0.0
2016/08/24,21.6,21.85,21.6,21.6,31.0,674.0,-0.9174,0.0349,22.0,0.0,0.0,0.0,0.0,3310.0,3.0,5.0,0.0,24.0,0.0,0.0,1.28,0.0
2016/08/25,21.6,21.75,21.5,21.55,53.0,1147.0,-0.2315,0.0596,84.0,0.0,0.0,0.0,0.0,3326.0,18.0,2.0,0.0,24.0,0.0,0.0,1.28,0.0
2016/08/26,21.75,21.75,21.5,21.5,64.0,1382.0,-0.232,0.072,58.0,0.0,0.0,0.0,0.0,3338.0,20.0,8.0,0.0,24.0,0.0,0.0,1.28,0.0
2016/08/29,21.6,22.05,21.6,21.6,54.0,1175.0,0.4651,0.0607,81.0,-6.0,0.0,0.0,-6.0,3328.0,10.0,20.0,4.0,20.0,0.0,0.0,1.28,0.0
2016/08/30,21.9,22.25,21.7,22.0,64.0,1404.0,1.8519,0.072,30.0,14.0,0.0,0.0,14.0,3328.0,24.0,24.0,0.0,20.0,0.0,0.0,1.31,0.0
2016/08/31,22.0,22.0,21.6,21.6,52.0,1138.0,-1.8182,0.0585,157.0,5.0,0.0,0.0,5.0,3341.0,27.0,14.0,0.0,20.0,0.0,0.0,1.28,0.0
2016/09/01,21.6,21.6,21.55,21.6,32.0,691.0,0.0,0.036,29.0,0.0,0.0,0.0,0.0,3340.0,3.0,4.0,0.0,20.0,0.0,0.0,1.28,0.0
2016/09/02,22.0,22.0,21.5,21.5,66.0,1426.0,-0.463,0.0742,46.0,7.0,0.0,0.0,7.0,3338.0,24.0,26.0,0.0,20.0,0.0,0.0,1.28,0.0
2016/09/05,21.5,21.85,21.5,21.6,56.0,1210.0,0.4651,0.063,40.0,15.0,0.0,0.0,15.0,3323.0,24.0,39.0,0.0,20.0,0.0,0.0,1.28,0.0
2016/09/06,21.95,22.0,21.85,21.9,35.0,767.0,1.3889,0.0394,35.0,17.0,0.0,0.0,17.0,3314.0,0.0,9.0,0.0,21.0,1.0,0.0,1.3,0.0
2016/09/07,22.0,22.2,21.9,22.1,75.0,1652.0,0.9132,0.0844,59.0,23.0,0.0,0.0,23.0,3313.0,5.0,6.0,1.0,20.0,0.0,0.0,1.31,0.0
2016/09/08,22.1,22.3,21.9,22.0,67.0,1479.0,-0.4525,0.0754,54.0,16.0,0.0,0.0,16.0,3323.0,19.0,9.0,0.0,20.0,0.0,0.0,1.31,0.0
2016/09/09,22.0,22.3,21.9,22.2,55.0,1222.0,0.9091,0.0619,54.0,17.0,0.0,0.0,17.0,3311.0,9.0,21.0,0.0,20.0,0.0,0.0,1.32,0.0
2016/09/10,22.15,22.2,21.6,21.8,53.0,1152.0,-1.8018,0.0596,39.0,0.0,0.0,0.0,0.0,3308.0,2.0,5.0,0.0,20.0,0.0,0.0,1.3,0.0
2016/09/12,21.6,21.95,21.6,21.95,40.0,888.0,0.6881,0.045,46.0,18.0,0.0,0.0,18.0,3308.0,1.0,1.0,0.0,21.0,1.0,0.0,1.3,0.0
2016/09/13,21.75,22.3,21.7,21.7,60.0,1325.0,-1.139,0.0675,58.0,20.0,0.0,-3.0,17.0,3304.0,10.0,14.0,0.0,22.0,1.0,0.0,1.29,0.0
2016/09/14,22.0,22.0,21.7,21.75,57.0,1243.0,0.2304,0.0641,36.0,10.0,0.0,0.0,10.0,3296.0,10.0,18.0,1.0,21.0,0.0,0.0,1.29,0.0
2016/09/19,21.8,22.2,21.8,22.1,64.0,1412.0,1.6092,0.072,47.0,6.0,0.0,0.0,6.0,3305.0,21.0,12.0,0.0,22.0,1.0,0.0,1.31,0.0
2016/09/20,22.1,22.1,21.8,21.8,56.0,1225.0,-1.3575,0.063,47.0,5.0,0.0,-2.0,3.0,3301.0,19.0,23.0,0.0,22.0,0.0,0.0,1.3,0.0
2016/09/21,21.65,22.6,21.65,22.45,158.0,3494.0,2.9817,0.1777,85.0,43.0,0.0,-1.0,42.0,3329.0,67.0,39.0,0.0,22.0,0.0,0.0,1.33,0.0
2016/09/22,22.7,22.7,22.1,22.1,64.0,1428.0,-1.559,0.072,52.0,-2.0,0.0,-1.0,-3.0,3334.0,19.0,14.0,0.0,22.0,0.0,0.0,1.31,0.0
2016/09/23,22.2,22.4,22.2,22.4,112.0,2494.0,1.3575,0.126,70.0,-2.0,0.0,0.0,-2.0,3361.0,36.0,7.0,0.0,22.0,0.0,0.0,1.33,0.0
2016/09/26,22.25,22.3,22.0,22.0,54.0,1197.0,-1.7857,0.0607,36.0,4.0,0.0,0.0,4.0,3363.0,15.0,13.0,0.0,24.0,2.0,0.0,1.31,0.0
2016/09/29,22.05,22.35,21.85,22.25,43.0,955.0,1.1364,0.0484,39.0,-1.0,0.0,-1.0,-2.0,3352.0,8.0,12.0,0.0,24.0,0.0,0.0,1.32,0.0
2016/09/30,22.2,22.2,21.7,22.2,92.0,2014.0,-0.2247,0.1035,50.0,7.0,0.0,0.0,7.0,3332.0,9.0,29.0,0.0,24.0,0.0,0.0,1.32,0.0
2016/10/03,22.2,22.2,21.9,22.0,32.0,704.0,-0.9009,0.036,33.0,3.0,0.0,0.0,3.0,3310.0,5.0,25.0,0.0,24.0,0.0,0.0,1.31,0.0
2016/10/04,21.8,22.0,21.7,21.75,54.0,1176.0,-1.1364,0.0607,34.0,5.0,0.0,0.0,5.0,3305.0,22.0,27.0,0.0,24.0,0.0,0.0,1.29,0.0
2016/10/05,21.75,21.9,21.55,21.65,77.0,1670.0,-0.4598,0.0866,48.0,4.0,0.0,0.0,4.0,3308.0,6.0,3.0,0.0,35.0,11.0,0.0,1.29,0.0
2016/10/06,21.5,21.8,21.5,21.7,84.0,1817.0,0.2309,0.0945,54.0,8.0,0.0,0.0,8.0,3259.0,7.0,56.0,0.0,35.0,0.0,0.0,1.29,0.0
2016/10/07,21.6,21.65,21.4,21.65,72.0,1551.0,-0.2304,0.081,46.0,7.0,0.0,0.0,7.0,3236.0,13.0,35.0,0.0,43.0,8.0,0.0,1.29,0.0
2016/10/11,21.7,21.8,21.1,21.15,100.0,2136.0,-2.3095,0.1125,58.0,-6.0,0.0,1.0,-5.0,3191.0,8.0,53.0,0.0,43.0,0.0,0.0,1.26,0.0
2016/10/12,21.15,21.3,20.8,21.2,51.0,1089.0,0.2364,0.0574,38.0,2.0,0.0,0.0,2.0,3194.0,7.0,3.0,0.0,43.0,0.0,0.0,1.26,0.0
2016/10/13,21.0,21.0,20.6,20.95,36.0,752.0,-1.1792,0.0405,27.0,0.0,0.0,0.0,0.0,3188.0,4.0,10.0,0.0,43.0,0.0,0.0,1.25,0.0
2016/10/14,21.0,21.0,19.3,20.75,110.0,2219.0,-0.9547,0.1237,75.0,1.0,0.0,7.0,8.0,3152.0,15.0,51.0,0.0,53.0,10.0,0.0,1.23,0.0
2016/10/17,20.55,20.8,20.4,20.75,47.0,968.0,0.0,0.0529,32.0,0.0,0.0,0.0,0.0,3139.0,4.0,17.0,3.0,50.0,0.0,0.0,1.23,0.0
2016/10/18,20.5,20.75,20.0,20.2,61.0,1237.0,-2.6506,0.0686,47.0,2.0,0.0,-1.0,1.0,3145.0,16.0,10.0,0.0,55.0,5.0,0.0,1.2,0.0
2016/10/19,20.2,20.75,20.1,20.3,214.0,4355.0,0.495,0.2407,103.0,9.0,0.0,-2.0,7.0,3100.0,22.0,67.0,4.0,51.0,0.0,0.0,1.21,0.0
2016/10/20,20.3,20.5,20.3,20.4,54.0,1098.0,0.4926,0.0607,35.0,-2.0,0.0,-4.0,-6.0,3106.0,9.0,3.0,3.0,48.0,0.0,0.0,1.21,0.0
2016/10/21,20.35,20.6,20.2,20.2,39.0,799.0,-0.9804,0.0439,36.0,11.0,0.0,-2.0,9.0,3110.0,12.0,8.0,0.0,48.0,0.0,0.0,1.2,0.0
2016/10/24,20.2,20.55,20.2,20.5,41.0,833.0,1.4851,0.0461,33.0,14.0,0.0,0.0,14.0,3107.0,7.0,6.0,0.0,48.0,0.0,0.0,1.22,0.0
2016/10/25,20.3,20.5,20.3,20.4,43.0,890.0,-0.4878,0.0484,22.0,4.0,0.0,0.0,4.0,3106.0,0.0,1.0,0.0,48.0,0.0,0.0,1.21,0.0
2016/10/26,20.35,21.35,20.3,20.7,120.0,2498.0,1.4706,0.135,55.0,12.0,0.0,0.0,12.0,3104.0,4.0,6.0,0.0,48.0,0.0,0.0,1.23,0.0
2016/10/27,20.65,20.9,20.5,20.6,50.0,1029.0,-0.4831,0.0562,27.0,4.0,0.0,0.0,4.0,3102.0,3.0,5.0,0.0,48.0,0.0,0.0,1.22,0.0
2016/10/28,20.6,20.85,20.4,20.6,67.0,1396.0,0.0,0.0754,39.0,8.0,0.0,0.0,8.0,3144.0,48.0,6.0,0.0,48.0,0.0,0.0,1.22,0.0
2016/10/31,20.45,21.2,20.45,20.75,45.0,939.0,0.7282,0.0506,40.0,13.0,0.0,0.0,13.0,3151.0,23.0,16.0,0.0,48.0,0.0,0.0,1.23,0.0
2016/11/01,20.6,21.1,20.6,20.65,36.0,752.0,-0.4819,0.0405,23.0,0.0,0.0,0.0,0.0,3178.0,32.0,4.0,0.0,48.0,0.0,0.0,1.23,0.0
2016/11/02,20.65,21.0,20.3,20.4,57.0,1168.0,-1.2107,0.0641,50.0,-2.0,0.0,11.0,9.0,3191.0,16.0,3.0,0.0,48.0,0.0,0.0,1.21,0.0
2016/11/03,20.5,20.55,20.25,20.3,46.0,939.0,-0.4902,0.0517,25.0,-2.0,0.0,2.0,0.0,3220.0,37.0,7.0,0.0,49.0,1.0,0.0,1.21,0.0
2016/11/04,20.2,20.3,20.2,20.2,25.0,508.0,-0.4926,0.0281,24.0,1.0,0.0,0.0,1.0,3224.0,12.0,8.0,0.0,50.0,1.0,0.0,1.2,0.0
2016/11/07,20.2,20.5,20.0,20.0,56.0,1131.0,-0.9901,0.063,41.0,0.0,0.0,2.0,2.0,3228.0,18.0,8.0,0.0,50.0,0.0,0.0,1.19,0.0
2016/11/08,20.15,20.3,19.7,19.95,76.0,1520.0,-0.25,0.0855,50.0,-2.0,0.0,0.0,-2.0,3220.0,15.0,23.0,0.0,51.0,1.0,0.0,1.19,0.0
2016/11/09,19.9,20.0,19.0,19.05,121.0,2353.0,-4.5113,0.1361,83.0,-1.0,0.0,-14.0,-15.0,3178.0,15.0,57.0,3.0,49.0,1.0,0.0,1.13,0.0
2016/11/10,19.35,19.8,19.35,19.8,42.0,821.0,3.937,0.0472,27.0,1.0,0.0,-2.0,-1.0,3175.0,3.0,6.0,0.0,49.0,0.0,0.0,1.18,0.0
2016/11/11,20.15,20.2,19.6,20.2,52.0,1042.0,2.0202,0.0585,47.0,-3.0,0.0,-1.0,-4.0,3171.0,6.0,10.0,0.0,49.0,0.0,0.0,1.21,0.0
2016/11/14,19.8,19.8,19.5,19.5,40.0,785.0,-3.4653,0.045,35.0,0.0,0.0,0.0,0.0,3152.0,6.0,25.0,0.0,49.0,0.0,0.0,1.16,0.0
2016/11/15,19.5,19.7,19.0,19.0,123.0,2373.0,-2.5641,0.1383,84.0,-5.0,0.0,1.0,-4.0,3153.0,23.0,12.0,0.0,49.0,0.0,0.0,1.13,0.0
2016/11/16,19.2,19.25,19.0,19.25,109.0,2081.0,1.3158,0.1226,65.0,0.0,0.0,-5.0,-5.0,3147.0,14.0,20.0,0.0,49.0,0.0,0.0,1.15,0.0
2016/11/17,19.2,19.3,19.1,19.2,55.0,1056.0,-0.2597,0.0619,23.0,0.0,0.0,0.0,0.0,3140.0,1.0,8.0,0.0,49.0,0.0,0.0,1.15,0.0
2016/11/18,19.2,19.6,19.2,19.35,165.0,3212.0,0.7813,0.1856,80.0,7.0,0.0,0.0,7.0,3161.0,42.0,21.0,0.0,49.0,0.0,0.0,1.16,0.0
2016/11/21,19.45,19.5,19.4,19.4,37.0,719.0,0.2584,0.0416,30.0,0.0,0.0,0.0,0.0,3160.0,8.0,9.0,0.0,49.0,0.0,0.0,1.16,0.0
2016/11/22,19.3,19.5,19.1,19.2,39.0,751.0,-1.0309,0.0439,34.0,0.0,0.0,1.0,1.0,3159.0,9.0,10.0,0.0,49.0,0.0,0.0,1.15,0.0
2016/11/23,19.25,19.55,19.2,19.3,75.0,1451.0,0.5208,0.0844,50.0,0.0,0.0,-1.0,-1.0,3133.0,7.0,7.0,0.0,49.0,0.0,0.0,1.15,0.0
2016/11/24,19.4,19.55,19.25,19.25,56.0,1089.0,-0.2591,0.063,38.0,-1.0,0.0,0.0,-1.0,3122.0,17.0,28.0,0.0,49.0,0.0,0.0,1.15,0.0
2016/11/25,19.4,19.55,19.25,19.25,46.0,890.0,0.0,0.0517,29.0,-3.0,0.0,0.0,-3.0,3124.0,4.0,2.0,0.0,49.0,0.0,0.0,1.15,0.0
2016/11/28,19.45,19.45,19.0,19.1,38.0,731.0,-0.7792,0.0427,46.0,-1.0,0.0,0.0,-1.0,3048.0,13.0,7.0,0.0,49.0,0.0,0.0,1.14,0.0
2016/11/29,19.2,19.35,19.1,19.35,46.0,886.0,1.3089,0.0517,31.0,0.0,0.0,0.0,0.0,3042.0,4.0,10.0,1.0,48.0,0.0,0.0,1.16,0.0
2016/11/30,19.4,19.4,19.2,19.2,32.0,616.0,-0.7752,0.036,26.0,-1.0,0.0,0.0,-1.0,3046.0,10.0,6.0,0.0,48.0,0.0,0.0,1.15,0.0
2016/12/01,19.55,19.9,19.35,19.85,99.0,1944.0,3.3854,0.1113,69.0,1.0,0.0,0.0,1.0,3040.0,18.0,24.0,8.0,40.0,0.0,0.0,1.19,0.0
2016/12/02,19.85,19.85,19.45,19.45,60.0,1178.0,-2.0151,0.0675,46.0,0.0,0.0,-7.0,-7.0,2947.0,24.0,7.0,0.0,40.0,0.0,0.0,1.16,0.0
2016/12/05,19.55,20.0,19.5,19.75,106.0,2098.0,1.5424,0.1192,63.0,0.0,0.0,0.0,0.0,2933.0,15.0,29.0,0.0,40.0,0.0,0.0,1.18,0.0
2016/12/06,19.9,20.0,19.7,19.7,34.0,674.0,-0.2532,0.0382,24.0,0.0,0.0,11.0,11.0,2889.0,1.0,3.0,0.0,40.0,0.0,0.0,1.18,0.0
2016/12/07,19.7,19.75,19.7,19.7,29.0,573.0,0.0,0.0326,29.0,1.0,0.0,0.0,1.0,2894.0,11.0,6.0,0.0,40.0,0.0,0.0,1.18,0.0
2016/12/08,19.9,19.9,19.55,19.8,19.0,376.0,0.5076,0.0214,19.0,0.0,0.0,1.0,1.0,2892.0,1.0,3.0,0.0,40.0,0.0,0.0,1.18,0.0
2016/12/09,19.5,19.7,19.5,19.6,16.0,315.0,-1.0101,0.018,19.0,0.0,0.0,0.0,0.0,2896.0,5.0,1.0,0.0,40.0,0.0,0.0,1.17,0.0
2016/12/12,19.55,19.55,19.25,19.55,51.0,989.0,-0.2551,0.0574,43.0,-1.0,0.0,8.0,7.0,2862.0,3.0,37.0,0.0,40.0,0.0,0.0,1.17,0.0
2016/12/13,19.5,19.5,19.35,19.35,30.0,583.0,-1.023,0.0337,17.0,0.0,0.0,0.0,0.0,2862.0,5.0,5.0,0.0,40.0,0.0,0.0,1.16,0.0
2016/12/14,19.4,19.5,19.3,19.35,19.0,369.0,0.0,0.0214,20.0,0.0,0.0,0.0,0.0,2853.0,5.0,13.0,3.0,37.0,0.0,0.0,1.16,0.0
2016/12/15,19.35,19.85,19.3,19.55,60.0,1181.0,1.0336,0.0675,45.0,0.0,0.0,1.0,1.0,2857.0,20.0,13.0,9.0,28.0,0.0,0.0,1.17,0.0
2016/12/16,19.6,19.75,19.2,19.25,42.0,816.0,-1.5345,0.0472,41.0,0.0,0.0,2.0,2.0,2866.0,14.0,5.0,0.0,28.0,0.0,0.0,1.15,0.0
2016/12/19,19.25,19.65,19.25,19.3,103.0,2008.0,0.2597,0.1158,59.0,-9.0,0.0,-1.0,-10.0,2787.0,6.0,20.0,0.0,29.0,1.0,0.0,1.15,0.0
2016/12/20,19.6,19.6,19.35,19.6,31.0,604.0,1.5544,0.0349,23.0,0.0,0.0,5.0,5.0,2784.0,3.0,6.0,0.0,29.0,0.0,0.0,1.17,0.0
2016/12/21,19.75,19.85,19.6,19.7,113.0,2229.0,0.5102,0.1271,63.0,-1.0,0.0,4.0,3.0,2749.0,17.0,51.0,8.0,21.0,0.0,0.0,1.18,0.0
2016/12/22,20.95,21.65,20.95,21.65,428.0,9219.0,9.8985,0.4814,232.0,0.0,0.0,0.0,0.0,2795.0,139.0,93.0,0.0,23.0,2.0,0.0,1.29,0.0
2016/12/23,22.3,23.6,22.3,23.15,3634.0,83614.0,6.9284,4.0872,2010.0,2.0,0.0,0.0,2.0,3055.0,645.0,385.0,0.0,200.0,177.0,0.0,1.38,0.0
2016/12/26,22.7,23.8,22.2,23.0,1515.0,34818.0,-0.6479,1.704,895.0,8.0,0.0,8.0,16.0,3023.0,287.0,319.0,49.0,224.0,73.0,0.0,1.37,0.0
2016/12/27,23.0,23.5,22.9,23.4,650.0,15033.0,1.7391,0.7311,377.0,-9.0,0.0,-7.0,-16.0,3159.0,252.0,116.0,3.0,264.0,43.0,0.0,1.4,0.0
2016/12/28,23.9,24.2,23.0,23.15,950.0,22451.0,-1.0684,1.0685,593.0,0.0,0.0,0.0,0.0,3206.0,265.0,218.0,17.0,282.0,35.0,0.0,1.38,0.0
2016/12/29,22.6,23.9,22.6,23.5,594.0,13867.0,1.5119,0.6681,397.0,8.0,0.0,0.0,8.0,3272.0,158.0,92.0,30.0,283.0,31.0,0.0,1.4,0.0
2016/12/30,23.6,23.8,23.1,23.5,596.0,13996.0,0.0,0.6703,389.0,-8.0,0.0,0.0,-8.0,3203.0,61.0,130.0,17.0,286.0,20.0,0.0,1.4,0.0
2017/01/03,23.5,23.8,23.3,23.3,303.0,7122.0,-0.8511,0.3408,183.0,0.0,0.0,0.0,0.0,3076.0,53.0,130.0,61.0,226.0,1.0,0.0,1.39,0.0
2017/01/04,23.3,23.55,22.7,23.0,351.0,8101.0,-1.2876,0.3948,183.0,-3.0,0.0,0.0,-3.0,3070.0,38.0,44.0,52.0,176.0,2.0,0.0,1.37,0.0
2017/01/05,22.8,23.15,22.55,22.75,337.0,7676.0,-1.087,0.379,207.0,-1.0,0.0,0.0,-1.0,3078.0,81.0,65.0,17.0,160.0,1.0,0.0,1.36,0.0
2017/01/06,22.95,22.95,22.65,22.8,177.0,4043.0,0.2198,0.1991,105.0,1.0,0.0,0.0,1.0,3051.0,22.0,49.0,9.0,152.0,1.0,0.0,1.36,0.0
2017/01/09,22.7,23.55,22.7,23.15,697.0,16168.0,1.5351,0.7839,310.0,22.0,0.0,0.0,22.0,3126.0,202.0,127.0,4.0,152.0,4.0,0.0,1.38,0.0
2017/01/10,23.2,23.2,22.7,22.7,170.0,3887.0,-1.9438,0.1912,110.0,-14.0,0.0,0.0,-14.0,3086.0,31.0,71.0,13.0,140.0,1.0,0.0,1.36,0.0
2017/01/11,22.85,22.85,22.05,22.1,213.0,4759.0,-2.6432,0.2396,158.0,-1.0,0.0,0.0,-1.0,3019.0,47.0,105.0,33.0,107.0,0.0,0.0,1.32,0.0
2017/01/12,22.3,22.3,21.8,22.0,136.0,2991.0,-0.4525,0.153,109.0,-1.0,0.0,0.0,-1.0,3038.0,47.0,28.0,9.0,100.0,2.0,0.0,1.31,0.0
2017/01/13,22.0,22.0,21.6,21.7,120.0,2604.0,-1.3636,0.135,101.0,1.0,0.0,0.0,1.0,3036.0,20.0,22.0,13.0,92.0,5.0,0.0,1.3,0.0
2017/01/16,21.7,21.8,21.5,21.55,71.0,1535.0,-0.6912,0.0799,54.0,5.0,0.0,0.0,5.0,3009.0,8.0,35.0,1.0,91.0,0.0,0.0,1.29,0.0
2017/01/17,21.5,22.45,21.5,21.85,166.0,3660.0,1.3921,0.1867,103.0,-1.0,0.0,0.0,-1.0,2950.0,11.0,70.0,43.0,74.0,26.0,0.0,1.3,0.0
2017/01/18,22.2,22.2,21.8,22.1,100.0,2194.0,1.1442,0.1125,78.0,6.0,0.0,-1.0,5.0,2912.0,9.0,47.0,11.0,66.0,3.0,0.0,1.32,0.0
2017/01/19,22.35,22.35,21.7,21.7,71.0,1554.0,-1.81,0.0799,56.0,2.0,0.0,-1.0,1.0,2918.0,17.0,11.0,0.0,66.0,0.0,0.0,1.3,0.0
2017/01/20,21.7,21.7,21.2,21.35,105.0,2259.0,-1.6129,0.1181,85.0,7.0,0.0,0.0,7.0,2901.0,6.0,23.0,13.0,54.0,1.0,0.0,1.27,0.0
2017/01/23,21.4,21.4,21.2,21.35,77.0,1642.0,0.0,0.0866,68.0,-2.0,0.0,0.0,-2.0,2903.0,2.0,0.0,6.0,48.0,0.0,0.0,1.27,0.0
2017/01/24,21.35,21.6,21.35,21.5,69.0,1492.0,0.7026,0.0776,51.0,9.0,0.0,0.0,9.0,2828.0,2.0,14.0,9.0,39.0,0.0,0.0,1.28,0.0
2017/02/02,21.55,21.55,21.25,21.3,44.0,942.0,-0.9302,0.0495,55.0,0.0,0.0,-1.0,-1.0,2826.0,9.0,1.0,0.0,39.0,0.0,0.0,1.27,0.0
2017/02/03,21.3,21.7,21.05,21.25,86.0,1843.0,-0.2347,0.0967,81.0,0.0,0.0,1.0,1.0,2802.0,17.0,41.0,2.0,37.0,0.0,0.0,1.27,0.0
2017/02/06,21.35,21.9,21.35,21.8,138.0,2984.0,2.5882,0.1552,110.0,0.0,0.0,-1.0,-1.0,2799.0,13.0,16.0,16.0,21.0,0.0,0.0,1.3,0.0
2017/02/07,21.7,21.7,21.5,21.55,58.0,1260.0,-1.1468,0.0652,56.0,0.0,0.0,1.0,1.0,2806.0,17.0,10.0,0.0,21.0,0.0,0.0,1.29,0.0
2017/02/08,21.6,21.8,21.5,21.6,185.0,4014.0,0.232,0.2081,115.0,13.0,0.0,-2.0,11.0,2825.0,36.0,17.0,0.0,21.0,0.0,0.0,1.29,0.0
2017/02/09,21.65,22.05,21.65,21.7,128.0,2794.0,0.463,0.144,115.0,-2.0,0.0,0.0,-2.0,2818.0,13.0,20.0,0.0,23.0,2.0,0.0,1.3,0.0
2017/02/10,23.0,23.85,22.6,23.85,1667.0,39458.0,9.9078,1.8749,824.0,84.0,0.0,0.0,84.0,2959.0,301.0,158.0,1.0,36.0,14.0,0.0,1.42,0.0
2017/02/13,24.5,26.0,24.5,25.95,2680.0,68333.0,8.805,3.0143,1551.0,-43.0,0.0,0.0,-43.0,3089.0,646.0,516.0,8.0,123.0,95.0,0.0,1.55,0.0
2017/02/14,26.4,26.4,25.1,25.3,1065.0,27096.0,-2.5048,1.1978,629.0,-35.0,0.0,0.0,-35.0,3170.0,256.0,175.0,28.0,101.0,6.0,0.0,1.51,0.0
2017/02/15,25.1,25.45,24.5,24.7,640.0,15971.0,-2.3715,0.7198,386.0,2.0,0.0,0.0,2.0,3228.0,178.0,120.0,20.0,105.0,24.0,0.0,1.47,0.0
2017/02/16,24.95,25.8,24.9,25.45,641.0,16264.0,3.0364,0.7209,408.0,-27.0,0.0,0.0,-27.0,3289.0,251.0,190.0,23.0,94.0,12.0,0.0,1.52,0.0
2017/02/17,25.7,25.7,24.5,24.8,482.0,12045.0,-2.554,0.5421,332.0,0.0,0.0,2.0,2.0,3327.0,134.0,96.0,13.0,81.0,0.0,0.0,1.48,0.0
2017/02/18,25.0,25.15,24.7,24.8,211.0,5244.0,0.0,0.2373,181.0,0.0,0.0,-2.0,-2.0,3355.0,59.0,31.0,0.0,101.0,20.0,0.0,1.48,0.0
2017/02/20,24.55,24.65,24.05,24.05,582.0,14155.0,-3.0242,0.6546,322.0,4.0,0.0,0.0,4.0,3344.0,170.0,181.0,5.0,96.0,0.0,0.0,1.44,0.0
2017/02/21,23.9,24.5,23.7,23.85,218.0,5223.0,-0.8316,0.2452,177.0,-4.0,0.0,0.0,-4.0,3267.0,57.0,81.0,4.0,93.0,1.0,0.0,1.42,0.0
2017/02/22,24.05,24.2,23.9,24.0,157.0,3792.0,0.6289,0.1766,142.0,5.0,0.0,1.0,6.0,3281.0,49.0,35.0,10.0,83.0,0.0,0.0,1.43,0.0
2017/02/23,24.0,24.15,23.95,23.95,154.0,3721.0,-0.2083,0.1732,118.0,3.0,0.0,0.0,3.0,3259.0,14.0,36.0,30.0,53.0,0.0,0.0,1.43,0.0
2017/02/24,23.95,24.0,23.6,23.65,210.0,4989.0,-1.2526,0.2362,149.0,2.0,0.0,1.0,3.0,3134.0,27.0,152.0,22.0,31.0,0.0,0.0,1.41,0.0
2017/03/01,23.7,24.0,23.5,23.8,137.0,3269.0,0.6342,0.1541,144.0,3.0,0.0,0.0,3.0,3140.0,38.0,32.0,0.0,31.0,0.0,0.0,1.42,0.0
2017/03/02,24.0,24.0,23.6,23.65,100.0,2375.0,-0.6303,0.1125,74.0,4.0,0.0,0.0,4.0,3094.0,13.0,59.0,2.0,29.0,0.0,0.0,1.41,0.0
2017/03/03,23.8,23.9,23.65,23.8,95.0,2266.0,0.6342,0.1068,82.0,9.0,0.0,0.0,9.0,3099.0,25.0,20.0,2.0,30.0,3.0,0.0,1.42,0.0
2017/03/06,24.15,24.5,24.1,24.5,299.0,7262.0,2.9412,0.3363,253.0,-8.0,0.0,0.0,-8.0,3130.0,88.0,57.0,3.0,27.0,0.0,0.0,1.46,0.0
2017/03/07,24.8,25.2,24.5,24.55,397.0,9861.0,0.2041,0.4465,336.0,-33.0,0.0,0.0,-33.0,3134.0,99.0,95.0,0.0,27.0,0.0,0.0,1.47,0.0
2017/03/08,24.55,24.75,24.1,24.25,147.0,3581.0,-1.222,0.1653,178.0,-20.0,0.0,0.0,-20.0,3159.0,50.0,25.0,0.0,27.0,0.0,0.0,1.45,0.0
2017/03/09,24.5,24.5,23.9,24.05,128.0,3075.0,-0.8247,0.144,130.0,-38.0,0.0,0.0,-38.0,3165.0,24.0,18.0,0.0,27.0,0.0,0.0,1.44,0.0
2017/03/10,23.8,23.9,23.0,23.2,234.0,5446.0,-3.5343,0.2632,206.0,-10.0,0.0,0.0,-10.0,3086.0,33.0,72.0,4.0,24.0,1.0,0.0,1.39,0.0
2017/03/13,23.1,23.35,22.7,23.0,116.0,2675.0,-0.8621,0.1305,203.0,-8.0,0.0,0.0,-8.0,3090.0,27.0,23.0,0.0,24.0,0.0,0.0,1.37,0.0
2017/03/14,22.8,23.1,22.8,22.85,89.0,2045.0,-0.6522,0.1001,149.0,0.0,0.0,0.0,0.0,3094.0,27.0,23.0,0.0,24.0,0.0,0.0,1.36,0.0
2017/03/15,23.1,23.85,22.9,23.5,182.0,4257.0,2.8446,0.2047,177.0,0.0,0.0,1.0,1.0,3192.0,127.0,27.0,0.0,24.0,0.0,0.0,1.4,0.0
2017/03/16,23.8,23.8,23.15,23.55,100.0,2341.0,0.2128,0.1125,124.0,1.0,0.0,0.0,1.0,3202.0,42.0,32.0,1.0,23.0,0.0,0.0,1.41,0.0
2017/03/17,23.55,23.75,23.25,23.4,77.0,1808.0,-0.6369,0.0866,108.0,2.0,0.0,0.0,2.0,3206.0,30.0,25.0,0.0,23.0,0.0,0.0,1.4,0.0
2017/03/20,23.65,23.65,23.0,23.1,105.0,2450.0,-1.2821,0.1181,142.0,0.0,0.0,0.0,0.0,3209.0,32.0,29.0,0.0,23.0,0.0,0.0,1.38,0.0
2017/03/21,23.2,23.3,22.8,22.8,164.0,3766.0,-1.2987,0.1845,135.0,0.0,0.0,0.0,0.0,3151.0,36.0,94.0,0.0,23.0,0.0,0.0,1.36,0.0
2017/03/22,22.8,23.0,22.7,22.75,153.0,3500.0,-0.2193,0.1721,118.0,0.0,0.0,0.0,0.0,3131.0,27.0,47.0,0.0,23.0,0.0,0.0,1.36,0.0
2017/03/23,22.8,23.65,22.8,23.2,258.0,6030.0,1.978,0.2902,174.0,0.0,0.0,0.0,0.0,3167.0,131.0,95.0,0.0,23.0,0.0,0.0,1.39,0.0
2017/03/24,23.2,23.8,23.2,23.45,144.0,3401.0,1.0776,0.162,99.0,3.0,0.0,0.0,3.0,3164.0,63.0,66.0,0.0,23.0,0.0,0.0,1.4,0.0
2017/03/27,23.5,23.75,23.2,23.2,71.0,1675.0,-1.0661,0.0799,95.0,3.0,0.0,1.0,4.0,3159.0,11.0,16.0,0.0,23.0,0.0,0.0,1.39,0.0
2017/03/28,23.2,23.55,22.25,22.4,189.0,4302.0,-3.4483,0.2126,174.0,9.0,0.0,0.0,9.0,3119.0,22.0,62.0,0.0,23.0,0.0,0.0,1.34,0.0
2017/03/29,22.6,22.75,22.0,22.2,105.0,2345.0,-0.8929,0.1181,105.0,0.0,0.0,0.0,0.0,3104.0,27.0,42.0,0.0,23.0,0.0,0.0,1.54,0.0
2017/03/30,22.2,22.4,22.0,22.0,152.0,3370.0,-0.9009,0.171,133.0,-1.0,0.0,0.0,-1.0,3081.0,35.0,58.0,0.0,23.0,0.0,0.0,1.53,0.0
2017/03/31,21.9,21.95,21.15,21.3,349.0,7500.0,-3.1818,0.3925,244.0,0.0,0.0,0.0,0.0,2958.0,50.0,173.0,0.0,23.0,0.0,0.0,1.48,0.0
2017/04/05,21.4,21.4,20.9,21.2,205.0,4332.0,-0.4695,0.2306,173.0,3.0,0.0,0.0,3.0,2890.0,31.0,96.0,0.0,23.0,0.0,0.0,1.47,0.0
2017/04/06,21.2,21.2,20.9,21.05,94.0,1986.0,-0.7075,0.1057,100.0,1.0,0.0,1.0,2.0,2840.0,15.0,35.0,0.0,23.0,0.0,0.0,1.46,0.0
2017/04/07,21.05,21.4,21.05,21.4,84.0,1785.0,1.6627,0.0945,82.0,3.0,0.0,-1.0,2.0,2822.0,11.0,28.0,0.0,23.0,0.0,0.0,1.49,0.0
2017/04/10,21.6,21.6,21.3,21.4,110.0,2358.0,0.0,0.1237,143.0,-36.0,0.0,0.0,-36.0,2810.0,15.0,27.0,3.0,20.0,0.0,0.0,1.49,0.0
2017/04/11,21.55,21.75,21.15,21.2,186.0,4007.0,-0.9346,0.2092,114.0,61.0,0.0,0.0,61.0,2711.0,9.0,106.0,5.0,15.0,0.0,0.0,1.47,0.0
2017/04/12,21.45,21.45,21.2,21.3,77.0,1643.0,0.4717,0.0866,62.0,0.0,0.0,0.0,0.0,2693.0,1.0,14.0,0.0,15.0,0.0,0.0,1.48,0.0
2017/04/13,21.4,21.75,21.25,21.55,119.0,2570.0,1.1737,0.1338,99.0,1.0,0.0,0.0,1.0,2708.0,50.0,35.0,0.0,15.0,0.0,0.0,1.5,0.0
2017/04/14,21.55,21.55,20.6,20.85,177.0,3705.0,-3.2483,0.1991,117.0,1.0,0.0,0.0,1.0,2613.0,4.0,99.0,9.0,6.0,0.0,0.0,1.45,0.0
2017/04/17,22.15,22.9,21.65,22.1,575.0,12827.0,5.9952,0.6467,395.0,-2.0,0.0,0.0,-2.0,2643.0,148.0,118.0,0.0,23.0,17.0,0.0,1.54,0.0
2017/04/18,22.05,22.3,21.9,22.0,145.0,3195.0,-0.4525,0.1631,91.0,0.0,0.0,0.0,0.0,2645.0,65.0,63.0,1.0,25.0,3.0,0.0,1.53,0.0
2017/04/19,22.0,22.0,21.75,21.75,44.0,960.0,-1.1364,0.0495,58.0,-2.0,0.0,0.0,-2.0,2639.0,6.0,7.0,16.0,9.0,0.0,0.0,1.51,0.0
2017/04/20,21.75,21.8,21.5,21.5,71.0,1534.0,-1.1494,0.0799,80.0,0.0,0.0,0.0,0.0,2632.0,14.0,21.0,7.0,2.0,0.0,0.0,1.49,0.0
2017/04/21,21.4,21.6,21.3,21.35,73.0,1561.0,-0.6977,0.0821,91.0,3.0,0.0,0.0,3.0,2496.0,9.0,45.0,2.0,0.0,0.0,0.0,1.48,0.0
2017/04/24,21.3,21.3,21.0,21.2,72.0,1524.0,-0.7026,0.081,141.0,0.0,0.0,0.0,0.0,2481.0,9.0,24.0,0.0,0.0,0.0,0.0,1.47,0.0
2017/04/25,21.35,21.35,21.1,21.2,92.0,1956.0,0.0,0.1035,46.0,0.0,0.0,0.0,0.0,2421.0,5.0,65.0,0.0,0.0,0.0,0.0,1.47,0.0
2017/04/26,21.15,23.3,21.0,22.9,412.0,9196.0,8.0189,0.4634,231.0,-3.0,0.0,0.0,-3.0,2504.0,280.0,195.0,0.0,0.0,0.0,0.0,1.59,0.0
2017/04/27,22.95,22.95,21.7,21.9,433.0,9597.0,-4.3668,0.487,261.0,8.0,0.0,0.0,8.0,2356.0,131.0,279.0,0.0,10.0,10.0,0.0,1.52,0.0
2017/04/28,21.9,22.2,21.9,22.1,117.0,2579.0,0.9132,0.1316,63.0,0.0,0.0,0.0,0.0,2341.0,31.0,40.0,0.0,15.0,5.0,0.0,1.54,0.0
2017/05/02,22.1,22.25,21.95,22.0,52.0,1152.0,-0.4525,0.0585,44.0,-7.0,0.0,0.0,-7.0,2306.0,9.0,17.0,0.0,15.0,0.0,0.0,1.53,0.0
2017/05/03,21.9,22.05,21.6,21.75,43.0,936.0,-1.1364,0.0484,41.0,-1.0,0.0,0.0,-1.0,2299.0,9.0,16.0,0.0,15.0,0.0,0.0,1.51,0.0
2017/05/04,21.6,21.85,21.6,21.75,23.0,503.0,0.0,0.0259,29.0,0.0,0.0,0.0,0.0,2294.0,3.0,3.0,0.0,15.0,0.0,0.0,1.51,0.0
2017/05/05,21.8,21.8,21.35,21.7,87.0,1886.0,-0.2299,0.0979,59.0,0.0,0.0,0.0,0.0,2280.0,16.0,20.0,0.0,15.0,0.0,0.0,1.51,0.0
2017/05/08,21.6,21.6,21.3,21.35,103.0,2202.0,-1.6129,0.1158,53.0,0.0,0.0,0.0,0.0,2217.0,13.0,71.0,0.0,15.0,0.0,0.0,1.48,0.0
2017/05/09,21.3,21.5,21.05,21.2,93.0,1972.0,-0.7026,0.1046,60.0,0.0,0.0,0.0,0.0,2201.0,12.0,28.0,0.0,21.0,6.0,0.0,1.47,0.0
2017/05/10,21.2,21.25,21.0,21.0,107.0,2255.0,-0.9434,0.1203,74.0,0.0,0.0,0.0,0.0,2168.0,9.0,38.0,1.0,22.0,2.0,0.0,1.46,0.0
2017/05/11,21.0,21.15,21.0,21.05,42.0,885.0,0.2381,0.0472,33.0,1.0,0.0,0.0,1.0,2161.0,4.0,9.0,0.0,22.0,0.0,0.0,1.47,0.0
2017/05/12,21.2,21.55,21.2,21.25,70.0,1494.0,0.9501,0.0787,58.0,5.0,0.0,0.0,5.0,2169.0,27.0,12.0,0.0,23.0,1.0,0.0,1.48,0.0
2017/05/15,21.3,22.5,21.3,22.05,331.0,7207.0,3.7647,0.3723,183.0,30.0,0.0,0.0,30.0,2118.0,69.0,120.0,7.0,16.0,0.0,0.0,1.54,0.0
2017/05/16,22.3,22.45,22.05,22.2,320.0,7107.0,0.6803,0.3599,129.0,-5.0,0.0,0.0,-5.0,2082.0,94.0,130.0,0.0,18.0,2.0,0.0,1.55,0.0
2017/05/17,22.1,22.1,21.7,21.8,90.0,1969.0,-1.8018,0.1012,49.0,-24.0,0.0,0.0,-24.0,2000.0,14.0,12.0,0.0,20.0,2.0,0.0,1.52,0.0
2017/05/18,21.7,21.95,21.65,21.8,62.0,1348.0,0.0,0.0697,28.0,0.0,0.0,0.0,0.0,1991.0,6.0,13.0,1.0,19.0,0.0,0.0,1.52,0.0
2017/05/19,21.75,22.0,21.6,21.6,55.0,1200.0,-0.9174,0.0619,31.0,0.0,0.0,0.0,0.0,1979.0,21.0,19.0,2.0,17.0,0.0,0.0,1.5,0.0
2017/05/22,21.6,21.65,21.35,21.4,88.0,1893.0,-0.9259,0.099,39.0,0.0,0.0,1.0,1.0,1966.0,8.0,21.0,1.0,16.0,0.0,0.0,1.49,0.0
2017/05/23,21.7,21.75,21.5,21.6,59.0,1279.0,0.9346,0.0664,28.0,-3.0,0.0,-1.0,-4.0,1954.0,8.0,18.0,0.0,16.0,0.0,0.0,1.5,0.0
2017/05/24,21.5,21.85,21.45,21.8,38.0,826.0,0.9259,0.0427,32.0,0.0,0.0,-1.0,-1.0,1946.0,2.0,10.0,0.0,16.0,0.0,0.0,1.52,0.0
2017/05/25,21.8,22.2,21.8,21.9,139.0,3057.0,0.4587,0.1563,72.0,0.0,0.0,0.0,0.0,1913.0,19.0,32.0,0.0,16.0,0.0,0.0,1.53,0.0
2017/05/26,21.65,21.8,21.65,21.7,27.0,586.0,-0.9132,0.0304,21.0,0.0,0.0,0.0,0.0,1917.0,12.0,7.0,0.0,16.0,0.0,0.0,1.51,0.0
2017/05/31,22.0,22.0,21.7,21.7,49.0,1066.0,0.0,0.0551,23.0,-2.0,0.0,0.0,-2.0,1859.0,3.0,29.0,0.0,16.0,0.0,0.0,1.51,0.0
2017/06/01,22.0,22.15,21.8,21.8,103.0,2279.0,0.4608,0.1158,53.0,1.0,0.0,0.0,1.0,1847.0,13.0,25.0,0.0,16.0,0.0,0.0,1.52,0.0
2017/06/02,21.9,22.0,21.75,21.9,42.0,929.0,0.4587,0.0472,32.0,4.0,0.0,0.0,4.0,1862.0,19.0,4.0,0.0,16.0,0.0,0.0,1.53,0.0
2017/06/03,21.8,21.9,21.75,21.75,35.0,768.0,-0.6849,0.0394,31.0,0.0,0.0,0.0,0.0,1866.0,6.0,1.0,0.0,16.0,0.0,0.0,1.51,0.0
2017/06/05,22.05,22.1,21.85,22.1,81.0,1781.0,1.6092,0.0911,56.0,5.0,0.0,0.0,5.0,1880.0,25.0,11.0,0.0,16.0,0.0,0.0,1.54,0.0
2017/06/06,22.1,22.2,22.0,22.1,66.0,1456.0,0.0,0.0742,40.0,4.0,0.0,0.0,4.0,1891.0,20.0,9.0,0.0,16.0,0.0,0.0,1.54,0.0
2017/06/07,22.2,23.1,22.2,22.2,275.0,6248.0,0.4525,0.3093,206.0,3.0,0.0,-1.0,2.0,1883.0,62.0,70.0,0.0,16.0,0.0,0.0,1.55,0.0
2017/06/08,22.2,22.6,22.0,22.6,297.0,6633.0,1.8018,0.334,120.0,6.0,0.0,0.0,6.0,1852.0,21.0,51.0,0.0,16.0,0.0,0.0,1.57,0.0
2017/06/09,22.7,22.7,22.3,22.35,274.0,6165.0,-1.1062,0.3082,82.0,5.0,0.0,0.0,5.0,1879.0,47.0,20.0,0.0,16.0,0.0,0.0,1.56,0.0
2017/06/12,22.4,22.4,22.05,22.2,73.0,1624.0,-0.6711,0.0821,47.0,6.0,0.0,0.0,6.0,1838.0,8.0,49.0,0.0,16.0,0.0,0.0,1.55,0.0
2017/06/13,22.2,22.35,22.05,22.05,37.0,826.0,-0.6757,0.0416,26.0,1.0,0.0,-1.0,0.0,1841.0,4.0,1.0,0.0,16.0,0.0,0.0,1.54,0.0
2017/06/14,22.15,22.15,21.7,21.7,155.0,3392.0,-1.5873,0.1743,64.0,-2.0,0.0,0.0,-2.0,1825.0,5.0,21.0,0.0,16.0,0.0,0.0,1.51,0.0
2017/06/15,21.8,21.8,21.5,21.6,47.0,1015.0,-0.4608,0.0529,30.0,-3.0,0.0,0.0,-3.0,1812.0,3.0,16.0,0.0,16.0,0.0,0.0,1.5,0.0
2017/06/16,21.5,21.7,21.45,21.55,28.0,603.0,-0.2315,0.0315,29.0,-1.0,0.0,0.0,-1.0,1802.0,4.0,14.0,0.0,16.0,0.0,0.0,1.5,0.0
2017/06/19,21.4,21.5,21.4,21.5,82.0,1760.0,-0.232,0.0922,39.0,0.0,0.0,0.0,0.0,1770.0,8.0,10.0,0.0,16.0,0.0,0.0,1.5,0.0
2017/06/20,21.45,21.65,21.4,21.4,32.0,686.0,-0.4651,0.036,28.0,-2.0,0.0,1.0,-1.0,1764.0,4.0,10.0,0.0,16.0,0.0,0.0,1.49,0.0
2017/06/21,21.4,21.7,21.4,21.7,41.0,883.0,1.4019,0.0461,30.0,-1.0,0.0,3.0,2.0,1768.0,10.0,6.0,0.0,16.0,0.0,0.0,1.51,0.0
2017/06/22,21.5,22.3,21.5,21.95,143.0,3151.0,1.1521,0.1608,99.0,0.0,0.0,0.0,0.0,1784.0,43.0,27.0,0.0,16.0,0.0,0.0,1.53,0.0
2017/06/23,22.0,22.1,21.8,21.9,236.0,5170.0,-0.2278,0.2654,81.0,2.0,0.0,0.0,2.0,1799.0,50.0,21.0,0.0,19.0,3.0,0.0,1.53,0.0
2017/06/26,22.0,22.5,22.0,22.05,120.0,2673.0,0.6849,0.135,100.0,3.0,0.0,6.0,9.0,1820.0,45.0,24.0,0.0,19.0,0.0,0.0,1.54,0.0
2017/06/27,22.1,22.1,21.6,21.65,75.0,1644.0,-1.8141,0.0844,50.0,0.0,0.0,0.0,0.0,1799.0,8.0,29.0,0.0,19.0,0.0,0.0,1.51,0.0
2017/06/28,21.6,21.6,21.35,21.4,76.0,1631.0,-1.1547,0.0855,64.0,-4.0,0.0,1.0,-3.0,1769.0,20.0,50.0,3.0,16.0,0.0,0.0,1.49,0.0
2017/06/29,21.5,21.55,21.4,21.4,50.0,1073.0,0.0,0.0562,38.0,-5.0,0.0,0.0,-5.0,1777.0,17.0,9.0,0.0,16.0,0.0,0.0,1.49,0.0
2017/06/30,21.4,21.45,21.2,21.25,61.0,1299.0,-0.7009,0.0686,43.0,-5.0,0.0,0.0,-5.0,1783.0,8.0,2.0,0.0,16.0,0.0,0.0,1.48,0.0
2017/07/03,21.3,21.45,21.3,21.4,42.0,898.0,0.7059,0.0472,27.0,1.0,0.0,0.0,1.0,1795.0,15.0,3.0,0.0,16.0,0.0,0.0,1.49,0.0
2017/07/04,21.4,21.5,21.0,21.3,111.0,2351.0,-0.4673,0.1248,70.0,-1.0,0.0,-1.0,-2.0,1802.0,9.0,2.0,0.0,28.0,12.0,0.0,1.48,0.0
2017/07/05,21.15,21.3,21.15,21.3,31.0,678.0,0.0,0.0349,18.0,0.0,0.0,0.0,0.0,1801.0,0.0,1.0,0.0,29.0,1.0,0.0,1.48,0.0
2017/07/06,21.5,21.5,21.35,21.4,36.0,772.0,0.4695,0.0405,23.0,-1.0,0.0,0.0,-1.0,1803.0,3.0,1.0,0.0,29.0,0.0,0.0,1.49,0.0
2017/07/07,21.35,21.35,21.1,21.1,13.0,285.0,-1.4019,0.0146,13.0,-1.0,0.0,0.0,-1.0,1798.0,2.0,7.0,0.0,30.0,1.0,0.0,1.47,0.0
2017/07/10,21.1,21.4,21.1,21.25,42.0,893.0,0.7109,0.0472,24.0,1.0,0.0,-2.0,-1.0,1784.0,1.0,5.0,0.0,30.0,0.0,0.0,1.48,0.0
2017/07/11,21.05,21.25,21.05,21.2,28.0,592.0,-0.2353,0.0315,21.0,0.0,0.0,2.0,2.0,1784.0,1.0,1.0,0.0,30.0,0.0,0.0,1.48,0.0
2017/07/12,21.1,21.2,21.1,21.2,16.0,338.0,0.0,0.018,13.0,0.0,0.0,-1.0,-1.0,1782.0,1.0,2.0,6.0,24.0,0.0,0.0,1.48,0.0
2017/07/13,21.2,21.45,21.2,21.2,14.0,299.0,0.0,0.0157,13.0,0.0,0.0,0.0,0.0,1782.0,0.0,0.0,0.0,24.0,0.0,0.0,1.48,0.0
2017/07/14,21.2,21.6,21.2,21.35,61.0,1306.0,0.7075,0.0686,38.0,1.0,0.0,-7.0,-6.0,1790.0,19.0,6.0,0.0,24.0,0.0,0.0,1.49,0.0
2017/07/17,21.3,21.75,21.1,21.2,75.0,1613.0,-0.7026,0.0844,44.0,8.0,0.0,0.0,8.0,1809.0,21.0,2.0,0.0,26.0,2.0,0.0,1.48,0.0
2017/07/18,21.6,21.7,21.2,21.2,65.0,1388.0,0.0,0.0731,43.0,13.0,0.0,0.0,13.0,1809.0,11.0,11.0,7.0,19.0,0.0,0.0,1.48,0.0
2017/07/19,21.25,21.6,21.25,21.4,31.0,661.0,0.9434,0.0349,25.0,15.0,0.0,0.0,15.0,1796.0,2.0,14.0,0.0,19.0,0.0,0.0,1.49,0.0
2017/07/20,21.45,21.5,21.05,21.1,51.0,1085.0,-1.4019,0.0574,47.0,10.0,0.0,0.0,10.0,1795.0,8.0,9.0,0.0,19.0,0.0,0.0,1.47,0.0
2017/07/21,21.15,21.4,21.05,21.3,98.0,2086.0,0.9479,0.1102,68.0,12.0,0.0,0.0,12.0,1804.0,10.0,1.0,0.0,19.0,0.0,0.0,1.48,0.0
2017/07/24,21.3,21.4,21.2,21.3,72.0,1537.0,0.0,0.081,39.0,12.0,0.0,0.0,12.0,1810.0,9.0,3.0,0.0,19.0,0.0,0.0,1.48,0.0
2017/07/25,21.2,21.45,21.2,21.2,24.0,512.0,-0.4695,0.027,24.0,10.0,0.0,0.0,10.0,1808.0,5.0,7.0,0.0,19.0,0.0,0.0,1.48,0.0
2017/07/26,21.2,21.35,21.05,21.1,56.0,1184.0,-0.4717,0.063,41.0,5.0,0.0,0.0,5.0,1790.0,15.0,3.0,0.0,19.0,0.0,0.0,1.47,0.0
2017/07/27,21.2,21.25,20.95,21.0,152.0,3199.0,-0.4739,0.171,79.0,2.0,0.0,0.0,2.0,1845.0,72.0,17.0,0.0,20.0,1.0,0.0,1.46,0.0
2017/07/28,21.0,21.15,21.0,21.1,41.0,863.0,0.4762,0.0461,27.0,0.0,0.0,0.0,0.0,1835.0,3.0,12.0,0.0,20.0,0.0,0.0,1.47,0.0
2017/07/31,21.4,21.4,21.05,21.2,38.0,803.0,0.4739,0.0427,25.0,-1.0,0.0,0.0,-1.0,1843.0,8.0,0.0,0.0,20.0,0.0,0.0,1.48,0.0
2017/08/01,21.2,21.2,21.0,21.0,79.0,1671.0,-0.9434,0.0889,43.0,0.0,0.0,0.0,0.0,1845.0,20.0,13.0,0.0,20.0,0.0,0.0,1.46,0.0
2017/08/02,20.9,21.0,20.6,20.7,124.0,2581.0,-1.4286,0.1395,69.0,0.0,0.0,0.0,0.0,1847.0,17.0,15.0,0.0,29.0,9.0,0.0,1.44,0.0
2017/08/03,20.65,20.9,20.6,20.7,57.0,1179.0,0.0,0.0641,37.0,0.0,0.0,0.0,0.0,1852.0,9.0,4.0,0.0,29.0,0.0,0.0,1.44,0.0
2017/08/04,20.7,20.8,20.5,20.7,98.0,2024.0,0.0,0.1102,57.0,2.0,0.0,0.0,2.0,1882.0,44.0,14.0,0.0,29.0,0.0,0.0,1.44,0.0
2017/08/07,20.7,20.85,20.5,20.5,124.0,2551.0,-0.9662,0.1395,59.0,0.0,0.0,0.0,0.0,1881.0,9.0,10.0,0.0,29.0,0.0,0.0,1.43,0.0
2017/08/08,20.5,20.8,20.2,20.2,131.0,2667.0,-1.4634,0.1473,61.0,0.0,0.0,1.0,1.0,1814.0,24.0,91.0,0.0,30.0,1.0,0.0,1.41,0.0
2017/08/09,20.45,20.45,20.1,20.4,29.0,599.0,0.9901,0.0326,27.0,-4.0,0.0,0.0,-4.0,1809.0,2.0,3.0,0.0,30.0,0.0,0.0,1.42,0.0
2017/08/10,20.5,20.55,20.2,20.25,49.0,998.0,-0.7353,0.0551,35.0,-1.0,0.0,0.0,-1.0,1816.0,13.0,6.0,0.0,32.0,2.0,0.0,1.41,0.0
2017/08/11,20.0,20.35,19.9,20.3,86.0,1736.0,0.2469,0.0967,52.0,0.0,0.0,0.0,0.0,1824.0,13.0,5.0,0.0,32.0,0.0,0.0,1.36,0.0
2017/08/14,20.3,20.8,20.0,20.1,129.0,2608.0,-0.9852,0.1451,84.0,5.0,0.0,0.0,5.0,1759.0,7.0,53.0,14.0,18.0,0.0,0.0,1.35,0.0
2017/08/15,20.1,20.2,20.0,20.0,96.0,1930.0,-0.4975,0.108,52.0,1.0,0.0,0.0,1.0,1750.0,13.0,14.0,0.0,18.0,0.0,0.0,1.34,0.0
2017/08/16,20.1,20.2,20.0,20.05,15.0,301.0,0.25,0.0169,17.0,0.0,0.0,0.0,0.0,1737.0,0.0,8.0,0.0,18.0,0.0,0.0,1.35,0.0
2017/08/17,20.05,20.4,20.0,20.4,76.0,1533.0,1.7456,0.0855,41.0,0.0,0.0,0.0,0.0,1742.0,31.0,26.0,0.0,18.0,0.0,0.0,1.37,0.0
2017/08/18,20.45,20.6,20.1,20.25,77.0,1563.0,-0.7353,0.0866,49.0,-16.0,0.0,0.0,-16.0,1732.0,28.0,38.0,0.0,18.0,0.0,0.0,1.36,0.0
2017/08/21,20.3,20.3,20.1,20.2,39.0,808.0,-0.2469,0.0439,36.0,4.0,0.0,0.0,4.0,1718.0,4.0,11.0,0.0,18.0,0.0,0.0,1.36,0.0
2017/08/22,20.2,20.3,20.15,20.25,49.0,990.0,0.2475,0.0551,30.0,8.0,0.0,0.0,8.0,1701.0,5.0,22.0,0.0,18.0,0.0,0.0,1.36,0.0
2017/08/23,20.4,20.45,20.25,20.25,44.0,893.0,0.0,0.0495,27.0,2.0,0.0,0.0,2.0,1686.0,2.0,16.0,0.0,18.0,0.0,0.0,1.36,0.0
2017/08/24,20.25,20.45,20.1,20.25,44.0,893.0,0.0,0.0495,26.0,0.0,0.0,0.0,0.0,1687.0,6.0,5.0,0.0,18.0,0.0,0.0,1.36,0.0
2017/08/25,20.2,20.8,20.2,20.5,154.0,3154.0,1.2346,0.1732,82.0,1.0,0.0,0.0,1.0,1695.0,36.0,23.0,0.0,18.0,0.0,0.0,1.38,0.0
2017/08/28,20.7,20.7,20.3,20.3,96.0,1978.0,-0.9756,0.108,55.0,-1.0,0.0,0.0,-1.0,1684.0,3.0,14.0,0.0,18.0,0.0,0.0,1.36,0.0
2017/08/29,20.3,20.4,20.2,20.3,60.0,1219.0,0.0,0.0675,35.0,1.0,0.0,0.0,1.0,1679.0,12.0,17.0,0.0,18.0,0.0,0.0,1.36,0.0
2017/08/30,20.45,20.75,20.4,20.5,221.0,4537.0,0.9852,0.2486,77.0,0.0,0.0,0.0,0.0,1646.0,23.0,37.0,0.0,18.0,0.0,0.0,1.38,0.0
2017/08/31,20.8,21.3,20.6,21.05,300.0,6311.0,2.6829,0.3374,191.0,-9.0,0.0,0.0,-9.0,1641.0,40.0,30.0,0.0,18.0,0.0,0.0,1.41,0.0
2017/09/01,21.2,21.2,21.05,21.1,85.0,1798.0,0.2375,0.0956,56.0,0.0,0.0,0.0,0.0,1650.0,21.0,11.0,0.0,18.0,0.0,0.0,1.42,0.0
2017/09/04,21.15,21.3,20.8,20.8,190.0,4006.0,-1.4218,0.2137,84.0,0.0,0.0,0.0,0.0,1617.0,34.0,66.0,0.0,18.0,0.0,0.0,1.4,0.0
2017/09/05,21.2,21.2,20.9,21.05,60.0,1266.0,1.2019,0.0675,42.0,0.0,0.0,0.0,0.0,1606.0,7.0,17.0,0.0,18.0,0.0,0.0,1.41,0.0
2017/09/06,21.05,21.3,21.0,21.1,75.0,1593.0,0.2375,0.0844,44.0,1.0,0.0,0.0,1.0,1586.0,3.0,20.0,0.0,18.0,0.0,0.0,1.42,0.0
2017/09/07,21.1,23.2,21.1,23.2,1493.0,34317.0,9.9526,1.6792,687.0,2.0,0.0,0.0,2.0,1718.0,376.0,228.0,0.0,20.0,2.0,0.0,1.56,0.0
2017/09/08,25.5,25.5,25.0,25.5,2218.0,56466.0,9.9138,2.4946,917.0,-47.0,0.0,0.0,-47.0,2177.0,767.0,307.0,0.0,55.0,35.0,0.0,1.71,0.0
2017/09/11,25.4,27.5,24.6,26.5,4323.0,112739.0,3.9216,4.8622,2143.0,46.0,0.0,0.0,46.0,1978.0,633.0,832.0,22.0,72.0,39.0,0.0,1.78,0.0
2017/09/12,26.3,26.4,25.15,25.5,1238.0,31759.0,-3.7736,1.3924,673.0,-63.0,0.0,0.0,-63.0,2019.0,415.0,367.0,22.0,59.0,9.0,0.0,1.71,0.0
2017/09/13,25.7,26.1,24.9,25.15,807.0,20462.0,-1.3725,0.9076,429.0,-2.0,0.0,0.0,-2.0,2047.0,236.0,208.0,20.0,38.0,0.0,0.0,1.69,0.0
2017/09/14,25.45,25.7,24.6,24.65,659.0,16442.0,-1.9881,0.7412,365.0,1.0,0.0,0.0,1.0,1991.0,148.0,204.0,2.0,37.0,1.0,0.0,1.66,0.0
2017/09/15,24.8,24.95,24.2,24.2,473.0,11567.0,-1.8256,0.532,263.0,0.0,0.0,0.0,0.0,1984.0,99.0,106.0,1.0,36.0,0.0,0.0,1.63,0.0
2017/09/18,24.45,25.45,24.25,25.1,1100.0,27577.0,3.719,1.2372,483.0,-2.0,0.0,0.0,-2.0,2164.0,383.0,203.0,0.0,36.0,0.0,0.0,1.69,0.0
2017/09/19,25.4,25.8,24.6,24.8,705.0,17820.0,-1.1952,0.7929,317.0,-2.0,0.0,0.0,-2.0,2091.0,87.0,160.0,0.0,36.0,0.0,0.0,1.67,0.0
2017/09/20,24.8,24.8,23.8,24.2,238.0,5761.0,-2.4194,0.2677,161.0,4.0,0.0,0.0,4.0,2059.0,19.0,51.0,2.0,49.0,15.0,0.0,1.63,0.0
2017/09/21,24.1,24.6,23.9,24.2,561.0,13523.0,0.0,0.631,208.0,12.0,0.0,0.0,12.0,2090.0,104.0,73.0,1.0,48.0,0.0,0.0,1.63,0.0
2017/09/22,24.2,24.25,23.85,23.85,208.0,5000.0,-1.4463,0.2339,117.0,5.0,0.0,0.0,5.0,2064.0,11.0,37.0,1.0,52.0,5.0,0.0,1.6,0.0
2017/09/25,24.0,24.0,23.35,23.45,252.0,5919.0,-1.6771,0.2834,129.0,3.0,0.0,0.0,3.0,2063.0,48.0,49.0,22.0,30.0,0.0,0.0,1.57,0.0
2017/09/26,23.8,23.9,23.5,23.5,137.0,3239.0,0.2132,0.1541,82.0,4.0,0.0,0.0,4.0,2073.0,33.0,23.0,0.0,31.0,1.0,0.0,1.58,0.0
2017/09/27,23.75,23.95,23.65,23.7,102.0,2434.0,0.8511,0.1147,59.0,1.0,0.0,0.0,1.0,2058.0,6.0,21.0,0.0,31.0,0.0,0.0,1.59,0.0
2017/09/28,23.95,24.15,23.5,23.55,84.0,1997.0,-0.6329,0.0945,57.0,1.0,0.0,0.0,1.0,2084.0,34.0,8.0,0.0,31.0,0.0,0.0,1.58,0.0
2017/09/29,23.6,23.75,23.2,23.3,79.0,1858.0,-1.0616,0.0889,57.0,0.0,0.0,0.0,0.0,2087.0,22.0,19.0,1.0,30.0,0.0,0.0,1.56,0.0
2017/09/30,23.65,23.75,23.35,23.4,82.0,1926.0,0.4292,0.0922,57.0,0.0,0.0,0.0,0.0,2068.0,9.0,28.0,0.0,30.0,0.0,0.0,1.57,0.0
2017/10/02,23.95,24.0,23.55,24.0,190.0,4516.0,2.5641,0.2137,101.0,3.0,0.0,0.0,3.0,2002.0,35.0,101.0,0.0,30.0,0.0,0.0,1.61,0.0
2017/10/03,24.0,24.0,23.8,23.9,85.0,2042.0,-0.4167,0.0956,59.0,-1.0,0.0,0.0,-1.0,2012.0,18.0,7.0,0.0,30.0,0.0,0.0,1.61,0.0
2017/10/05,23.9,23.9,23.4,23.4,147.0,3463.0,-2.0921,0.1653,95.0,0.0,0.0,0.0,0.0,1983.0,27.0,56.0,0.0,30.0,0.0,0.0,1.57,0.0
2017/10/06,23.8,23.8,23.35,23.4,97.0,2272.0,0.0,0.1091,60.0,0.0,0.0,1.0,1.0,1978.0,11.0,16.0,4.0,26.0,0.0,0.0,1.57,0.0
2017/10/11,23.5,23.6,23.4,23.4,91.0,2139.0,0.0,0.1023,53.0,0.0,0.0,0.0,0.0,1968.0,10.0,17.0,3.0,23.0,0.0,0.0,1.57,0.0
2017/10/12,24.2,25.7,24.0,25.7,482.0,12327.0,9.8291,0.5421,259.0,-3.0,0.0,0.0,-3.0,2100.0,192.0,60.0,0.0,25.0,2.0,0.0,1.73,0.0
2017/10/13,25.9,27.0,25.9,26.0,1821.0,48029.0,1.1673,2.0481,1070.0,16.0,0.0,-1.0,15.0,2118.0,348.0,330.0,0.0,40.0,15.0,0.0,1.75,0.0
2017/10/16,26.0,26.15,25.2,25.5,387.0,9916.0,-1.9231,0.4353,243.0,-9.0,0.0,0.0,-9.0,2120.0,37.0,35.0,7.0,33.0,0.0,0.0,1.71,0.0
2017/10/17,25.5,25.5,24.6,24.6,334.0,8339.0,-3.5294,0.3757,203.0,-3.0,0.0,0.0,-3.0,2101.0,38.0,57.0,5.0,27.0,0.0,0.0,1.65,0.0
2017/10/18,24.4,24.95,24.4,24.7,183.0,4508.0,0.4065,0.2058,117.0,3.0,0.0,0.0,3.0,2104.0,39.0,36.0,2.0,25.0,0.0,0.0,1.66,0.0
2017/10/19,24.8,24.8,24.5,24.55,85.0,2091.0,-0.6073,0.0956,60.0,-5.0,0.0,1.0,-4.0,2101.0,9.0,12.0,1.0,24.0,0.0,0.0,1.65,0.0
2017/10/20,24.3,24.3,23.9,24.05,177.0,4267.0,-2.0367,0.1991,97.0,12.0,0.0,0.0,12.0,2047.0,27.0,81.0,0.0,24.0,0.0,0.0,1.62,0.0
2017/10/23,24.05,24.1,23.9,24.0,132.0,3174.0,-0.2079,0.1485,72.0,-1.0,0.0,0.0,-1.0,2044.0,12.0,12.0,0.0,24.0,0.0,0.0,1.61,0.0
2017/10/24,24.3,25.35,24.3,24.55,351.0,8732.0,2.2917,0.3948,237.0,10.0,0.0,-1.0,9.0,2096.0,82.0,30.0,1.0,23.0,0.0,0.0,1.65,0.0
2017/10/25,25.0,25.0,24.6,25.0,181.0,4508.0,1.833,0.2036,118.0,-7.0,0.0,0.0,-7.0,2059.0,12.0,49.0,0.0,23.0,0.0,0.0,1.68,0.0
2017/10/26,24.9,25.2,24.7,24.85,188.0,4711.0,-0.6,0.2114,103.0,-14.0,0.0,0.0,-14.0,2068.0,41.0,32.0,0.0,24.0,1.0,0.0,1.67,0.0
2017/10/27,25.0,25.15,24.1,24.25,121.0,2976.0,-2.4145,0.1361,92.0,-6.0,0.0,0.0,-6.0,2042.0,7.0,33.0,0.0,24.0,0.0,0.0,1.63,0.0
2017/10/30,24.65,24.65,24.25,24.4,71.0,1736.0,0.6186,0.0799,48.0,-3.0,0.0,0.0,-3.0,2032.0,6.0,16.0,1.0,23.0,0.0,0.0,1.64,0.0
2017/10/31,24.4,24.4,24.1,24.15,65.0,1578.0,-1.0246,0.0731,56.0,-15.0,0.0,0.0,-15.0,2031.0,9.0,10.0,0.0,23.0,0.0,0.0,1.62,0.0
2017/11/01,24.45,24.45,24.1,24.15,87.0,2102.0,0.0,0.0979,53.0,-3.0,0.0,0.0,-3.0,2034.0,14.0,11.0,0.0,23.0,0.0,0.0,1.62,0.0
2017/11/02,24.15,24.4,24.0,24.3,268.0,6481.0,0.6211,0.3014,131.0,6.0,0.0,0.0,6.0,2058.0,43.0,19.0,0.0,23.0,0.0,0.0,1.63,0.0
2017/11/03,24.1,24.3,24.05,24.2,71.0,1717.0,-0.4115,0.0799,50.0,-2.0,0.0,0.0,-2.0,2081.0,28.0,5.0,1.0,22.0,0.0,0.0,1.63,0.0
2017/11/06,24.3,24.35,24.0,24.35,111.0,2682.0,0.6198,0.1248,62.0,-3.0,0.0,0.0,-3.0,2059.0,37.0,53.0,0.0,22.0,0.0,0.0,1.64,0.0
2017/11/07,24.25,25.25,24.2,24.8,322.0,7936.0,1.848,0.3622,155.0,20.0,0.0,0.0,20.0,2067.0,36.0,28.0,0.0,22.0,0.0,0.0,1.67,0.0
2017/11/08,25.2,25.2,24.55,24.65,133.0,3303.0,-0.6048,0.1496,89.0,-32.0,0.0,0.0,-32.0,2068.0,33.0,30.0,0.0,22.0,0.0,0.0,1.66,0.0
2017/11/09,24.55,24.8,23.65,24.0,152.0,3677.0,-2.6369,0.171,93.0,-2.0,0.0,0.0,-2.0,2007.0,10.0,56.0,0.0,22.0,0.0,0.0,1.61,0.0
2017/11/10,24.0,24.2,23.5,24.05,68.0,1633.0,0.2083,0.0765,56.0,0.0,0.0,0.0,0.0,1995.0,13.0,25.0,0.0,22.0,0.0,0.0,1.62,0.0
2017/11/13,24.1,24.1,23.8,23.8,118.0,2843.0,-1.0395,0.1327,81.0,2.0,0.0,0.0,2.0,1970.0,9.0,34.0,0.0,22.0,0.0,0.0,1.58,0.0
2017/11/14,23.8,23.95,23.15,23.35,272.0,6396.0,-1.8908,0.3059,140.0,-26.0,0.0,0.0,-26.0,1993.0,74.0,51.0,0.0,22.0,0.0,0.0,1.55,0.0
2017/11/15,23.35,23.85,23.2,23.55,105.0,2467.0,0.8565,0.1181,70.0,12.0,0.0,0.0,12.0,1970.0,3.0,26.0,0.0,22.0,0.0,0.0,1.56,0.0
2017/11/16,23.55,23.7,23.5,23.55,47.0,1110.0,0.0,0.0529,29.0,2.0,0.0,0.0,2.0,1964.0,0.0,6.0,0.0,22.0,0.0,0.0,1.56,0.0
2017/11/17,23.9,23.9,23.55,23.65,45.0,1084.0,0.4246,0.0506,28.0,0.0,0.0,0.0,0.0,1970.0,9.0,3.0,0.0,22.0,0.0,0.0,1.57,0.0
2017/11/20,23.8,24.15,23.65,24.05,214.0,5142.0,1.6913,0.2407,106.0,7.0,0.0,0.0,7.0,2020.0,61.0,11.0,0.0,22.0,0.0,0.0,1.6,0.0
2017/11/21,24.3,25.95,24.15,24.5,993.0,24991.0,1.8711,1.1168,537.0,3.0,0.0,1.0,4.0,2151.0,240.0,109.0,0.0,22.0,0.0,0.0,1.63,0.0
2017/11/22,24.4,24.8,24.3,24.3,288.0,7062.0,-0.8163,0.3239,147.0,-6.0,0.0,0.0,-6.0,2076.0,22.0,97.0,0.0,22.0,0.0,0.0,1.61,0.0
2017/11/23,24.35,24.5,24.05,24.5,114.0,2766.0,0.823,0.1282,73.0,7.0,0.0,0.0,7.0,2061.0,16.0,31.0,0.0,22.0,0.0,0.0,1.63,0.0
2017/11/24,24.6,24.8,24.55,24.75,124.0,3058.0,1.0204,0.1395,83.0,2.0,0.0,0.0,2.0,2082.0,34.0,13.0,0.0,22.0,0.0,0.0,1.64,0.0
2017/11/27,24.8,25.1,24.6,24.8,183.0,4540.0,0.202,0.2058,120.0,3.0,0.0,0.0,3.0,2071.0,11.0,22.0,0.0,22.0,0.0,0.0,1.65,0.0
2017/11/28,25.0,25.15,24.7,24.7,112.0,2789.0,-0.4032,0.126,67.0,-1.0,0.0,0.0,-1.0,2053.0,3.0,21.0,0.0,22.0,0.0,0.0,1.64,0.0
2017/11/29,25.15,25.15,24.5,24.7,123.0,3042.0,0.0,0.1383,77.0,2.0,0.0,-1.0,1.0,2032.0,8.0,29.0,8.0,14.0,0.0,0.0,1.64,0.0
2017/11/30,24.55,24.65,24.3,24.35,76.0,1875.0,-1.417,0.0855,56.0,0.0,0.0,0.0,0.0,2037.0,26.0,21.0,0.0,14.0,0.0,0.0,1.62,0.0
2017/12/01,24.4,24.4,23.65,23.85,273.0,6539.0,-2.0534,0.307,150.0,0.0,0.0,0.0,0.0,2024.0,98.0,111.0,1.0,13.0,0.0,0.0,1.58,0.0
2017/12/04,23.8,24.05,23.8,24.05,54.0,1305.0,0.8386,0.0607,44.0,1.0,0.0,0.0,1.0,2026.0,6.0,4.0,0.0,13.0,0.0,0.0,1.6,0.0
2017/12/05,24.1,24.25,23.65,23.65,99.0,2375.0,-1.6632,0.1113,68.0,2.0,0.0,0.0,2.0,2031.0,8.0,3.0,0.0,13.0,0.0,0.0,1.57,0.0
2017/12/06,23.55,23.65,22.6,22.65,253.0,5866.0,-4.2283,0.2846,139.0,-4.0,0.0,1.0,-3.0,1913.0,50.0,168.0,0.0,13.0,0.0,0.0,1.5,0.0
2017/12/07,22.7,22.95,22.65,22.7,75.0,1705.0,0.2208,0.0844,54.0,-1.0,0.0,0.0,-1.0,1900.0,10.0,23.0,0.0,13.0,0.0,0.0,1.51,0.0
2017/12/08,22.9,23.4,22.85,22.85,73.0,1693.0,0.6608,0.0821,48.0,-7.0,0.0,-1.0,-8.0,1887.0,11.0,24.0,0.0,13.0,0.0,0.0,1.52,0.0
2017/12/11,22.5,22.75,22.05,22.5,413.0,9234.0,-1.5317,0.4645,268.0,-2.0,0.0,0.0,-2.0,1833.0,27.0,80.0,0.0,15.0,2.0,0.0,1.49,0.0
2017/12/12,22.6,23.1,22.55,23.0,141.0,3229.0,2.2222,0.1586,81.0,4.0,0.0,0.0,4.0,1815.0,5.0,23.0,0.0,15.0,0.0,0.0,1.53,0.0
2017/12/13,23.3,23.55,22.75,22.95,99.0,2281.0,-0.2174,0.1113,56.0,3.0,0.0,0.0,3.0,1814.0,5.0,6.0,0.0,15.0,0.0,0.0,1.52,0.0
2017/12/14,23.35,23.35,22.9,23.0,115.0,2658.0,0.2179,0.1293,45.0,5.0,0.0,0.0,5.0,1800.0,1.0,0.0,2.0,13.0,0.0,0.0,1.53,0.0
2017/12/15,23.0,23.0,22.8,22.95,104.0,2381.0,-0.2174,0.117,33.0,-8.0,0.0,0.0,-8.0,1749.0,1.0,52.0,0.0,13.0,0.0,0.0,1.52,0.0
2017/12/18,23.3,23.3,22.2,22.95,81.0,1849.0,0.0,0.0911,58.0,-9.0,0.0,0.0,-9.0,1742.0,1.0,8.0,0.0,13.0,0.0,0.0,1.52,0.0
2017/12/19,22.8,22.8,22.6,22.65,66.0,1495.0,-1.3072,0.0742,33.0,-3.0,0.0,0.0,-3.0,1743.0,2.0,1.0,0.0,13.0,0.0,0.0,1.5,0.0
2017/12/20,22.4,22.85,22.4,22.8,36.0,816.0,0.6623,0.0405,33.0,2.0,0.0,0.0,2.0,1742.0,4.0,5.0,0.0,13.0,0.0,0.0,1.51,0.0
2017/12/21,22.9,23.0,22.65,22.65,59.0,1345.0,-0.6579,0.0664,35.0,6.0,0.0,0.0,6.0,1743.0,2.0,1.0,0.0,13.0,0.0,0.0,1.5,0.0
2017/12/22,22.65,23.1,22.55,22.65,106.0,2416.0,0.0,0.1192,60.0,3.0,0.0,0.0,3.0,1753.0,16.0,6.0,0.0,13.0,0.0,0.0,1.5,0.0
2017/12/25,22.75,22.9,22.75,22.8,79.0,1807.0,0.6623,0.0889,43.0,3.0,0.0,0.0,3.0,1722.0,5.0,31.0,0.0,13.0,0.0,0.0,1.51,0.0
2017/12/26,22.95,23.0,22.9,22.95,73.0,1676.0,0.6579,0.0821,46.0,1.0,0.0,0.0,1.0,1730.0,17.0,9.0,0.0,13.0,0.0,0.0,1.52,0.0
2017/12/27,22.95,23.45,22.95,23.1,102.0,2362.0,0.6536,0.1147,73.0,2.0,0.0,0.0,2.0,1764.0,39.0,5.0,0.0,13.0,0.0,0.0,1.53,0.0
2017/12/28,23.0,23.0,22.6,22.75,96.0,2187.0,-1.5152,0.108,74.0,5.0,0.0,0.0,5.0,1764.0,11.0,11.0,0.0,13.0,0.0,0.0,1.51,0.0
2017/12/29,22.6,23.0,22.6,23.0,67.0,1529.0,1.0989,0.0754,68.0,11.0,0.0,0.0,11.0,1758.0,0.0,6.0,0.0,13.0,0.0,0.0,1.53,0.0
2018/01/02,23.0,23.0,22.65,22.75,84.0,1914.0,-1.087,0.0945,62.0,13.0,0.0,0.0,13.0,1758.0,1.0,1.0,0.0,13.0,0.0,0.0,1.51,0.0
2018/01/03,22.75,23.2,22.75,23.05,95.0,2178.0,1.3187,0.1068,63.0,9.0,0.0,0.0,9.0,1755.0,1.0,4.0,0.0,13.0,0.0,0.0,1.53,0.0
2018/01/04,23.05,23.3,23.05,23.1,87.0,2015.0,0.2169,0.0979,48.0,9.0,0.0,0.0,9.0,1742.0,2.0,15.0,0.0,13.0,0.0,0.0,1.53,0.0
2018/01/05,23.4,23.4,23.1,23.1,80.0,1852.0,0.0,0.09,42.0,8.0,0.0,0.0,8.0,1724.0,5.0,22.0,0.0,13.0,0.0,0.0,1.53,0.0
2018/01/08,23.15,23.25,23.0,23.0,60.0,1401.0,-0.4329,0.0675,47.0,4.0,0.0,0.0,4.0,1720.0,3.0,7.0,0.0,13.0,0.0,0.0,1.53,0.0
2018/01/09,23.0,23.1,22.9,22.95,116.0,2665.0,-0.2174,0.1305,49.0,5.0,0.0,0.0,5.0,1679.0,7.0,48.0,0.0,13.0,0.0,0.0,1.52,0.0
2018/01/10,23.1,23.6,23.05,23.5,172.0,4022.0,2.3965,0.1935,105.0,15.0,0.0,0.0,15.0,1717.0,49.0,10.0,0.0,13.0,0.0,0.0,1.56,0.0
2018/01/11,23.5,23.5,23.3,23.35,131.0,3065.0,-0.6383,0.1473,63.0,13.0,0.0,0.0,13.0,1667.0,10.0,57.0,0.0,13.0,0.0,0.0,1.55,0.0
2018/01/12,23.85,23.95,23.6,23.9,116.0,2757.0,2.3555,0.1305,65.0,1.0,0.0,0.0,1.0,1669.0,10.0,8.0,0.0,13.0,0.0,0.0,1.59,0.0
2018/01/15,24.05,26.25,24.05,26.25,2177.0,56436.0,9.8326,2.4485,1005.0,51.0,0.0,0.0,51.0,2261.0,808.0,216.0,0.0,17.0,4.0,0.0,1.74,0.0
2018/01/16,26.0,28.7,25.9,27.6,6247.0,172727.0,5.1429,7.0261,3355.0,-73.0,0.0,0.0,-73.0,2137.0,837.0,961.0,0.0,88.0,71.0,0.0,1.83,0.0
2018/01/17,27.05,27.2,26.55,27.2,1215.0,32681.0,-1.4493,1.3665,723.0,-1.0,0.0,0.0,-1.0,2074.0,150.0,213.0,20.0,75.0,7.0,0.0,1.8,0.0
2018/01/18,27.35,27.5,26.6,26.9,699.0,18822.0,-1.1029,0.7862,389.0,-22.0,0.0,0.0,-22.0,2108.0,165.0,131.0,29.0,45.0,0.0,0.0,1.79,0.0
2018/01/19,27.3,28.5,26.9,27.3,1972.0,54838.0,1.487,2.2179,1111.0,-35.0,0.0,0.0,-35.0,2393.0,526.0,241.0,12.0,39.0,6.0,0.0,1.81,0.0
2018/01/22,27.3,28.0,26.7,26.7,783.0,21381.0,-2.1978,0.8807,485.0,-12.0,0.0,0.0,-12.0,2368.0,139.0,164.0,4.0,37.0,2.0,0.0,1.77,0.0
2018/01/23,27.3,27.3,26.15,26.2,539.0,14239.0,-1.8727,0.6062,338.0,-22.0,0.0,0.0,-22.0,2454.0,153.0,67.0,11.0,26.0,0.0,0.0,1.74,0.0
2018/01/24,26.05,26.05,25.6,25.7,368.0,9480.0,-1.9084,0.4139,252.0,20.0,0.0,0.0,20.0,2470.0,93.0,77.0,8.0,19.0,2.0,0.0,1.71,0.0
2018/01/25,25.75,26.4,25.7,25.9,262.0,6839.0,0.7782,0.2947,153.0,11.0,0.0,0.0,11.0,2494.0,71.0,47.0,2.0,17.0,0.0,0.0,1.72,0.0
2018/01/26,26.0,26.4,25.5,26.15,209.0,5446.0,0.9653,0.2351,141.0,4.0,0.0,0.0,4.0,2412.0,40.0,22.0,1.0,17.0,1.0,0.0,1.74,0.0
2018/01/29,26.3,26.4,25.6,25.7,219.0,5688.0,-1.7208,0.2463,119.0,-2.0,0.0,0.0,-2.0,2408.0,42.0,46.0,1.0,16.0,0.0,0.0,1.71,0.0
2018/01/30,25.7,25.7,24.9,25.1,263.0,6642.0,-2.3346,0.2958,153.0,15.0,0.0,0.0,15.0,2407.0,39.0,40.0,3.0,13.0,0.0,0.0,1.67,0.0
2018/01/31,24.8,24.8,24.0,24.3,257.0,6301.0,-3.1873,0.2891,186.0,15.0,0.0,0.0,15.0,2372.0,33.0,68.0,0.0,13.0,0.0,0.0,1.61,0.0
2018/02/01,24.35,25.0,24.35,24.55,201.0,4959.0,1.0288,0.2261,130.0,14.0,0.0,0.0,14.0,2368.0,23.0,27.0,0.0,13.0,0.0,0.0,1.63,0.0
2018/02/02,24.55,25.6,24.5,25.1,227.0,5726.0,2.2403,0.2553,156.0,17.0,0.0,0.0,17.0,2360.0,53.0,36.0,0.0,13.0,0.0,0.0,1.67,0.0
2018/02/05,24.9,25.6,24.0,25.35,154.0,3812.0,0.996,0.1732,112.0,31.0,0.0,0.0,31.0,2362.0,24.0,22.0,0.0,13.0,0.0,0.0,1.68,0.0
2018/02/06,24.9,25.0,23.0,23.8,432.0,10459.0,-6.1144,0.4859,240.0,-5.0,0.0,1.0,-4.0,2296.0,75.0,138.0,3.0,12.0,2.0,0.0,1.58,0.0
2018/02/07,23.95,24.6,23.7,23.8,127.0,3056.0,0.0,0.1428,97.0,-18.0,0.0,0.0,-18.0,2306.0,29.0,19.0,0.0,12.0,0.0,0.0,1.58,0.0
2018/02/08,23.65,23.8,23.5,23.8,56.0,1322.0,0.0,0.063,44.0,2.0,0.0,0.0,2.0,2309.0,8.0,4.0,2.0,10.0,0.0,0.0,1.58,0.0
2018/02/09,22.65,24.0,22.65,23.9,108.0,2555.0,0.4202,0.1215,78.0,34.0,0.0,0.0,34.0,2304.0,10.0,15.0,0.0,10.0,0.0,0.0,1.59,0.0
2018/02/12,24.0,24.65,23.8,23.8,113.0,2726.0,-0.4184,0.1271,86.0,4.0,0.0,-1.0,3.0,2278.0,7.0,33.0,0.0,10.0,0.0,0.0,1.58,0.0
2018/02/21,24.7,24.8,24.0,24.2,74.0,1806.0,1.6807,0.0832,67.0,13.0,0.0,0.0,13.0,2293.0,21.0,6.0,0.0,10.0,0.0,0.0,1.61,0.0
2018/02/22,24.1,24.5,24.1,24.4,55.0,1343.0,0.8264,0.0619,54.0,2.0,0.0,-2.0,0.0,2310.0,24.0,7.0,0.0,10.0,0.0,0.0,1.62,0.0
2018/02/23,24.6,24.6,24.1,24.3,77.0,1870.0,-0.4098,0.0866,69.0,4.0,0.0,0.0,4.0,2319.0,12.0,3.0,0.0,10.0,0.0,0.0,1.61,0.0
2018/02/26,24.2,24.3,23.9,23.95,144.0,3490.0,-1.4403,0.162,135.0,23.0,0.0,0.0,23.0,2289.0,13.0,43.0,0.0,11.0,1.0,0.0,1.59,0.0
2018/02/27,24.0,24.4,24.0,24.05,82.0,1977.0,0.4175,0.0922,76.0,-2.0,0.0,0.0,-2.0,2299.0,15.0,5.0,0.0,11.0,0.0,0.0,1.6,0.0
2018/03/01,24.05,24.05,23.8,23.9,69.0,1647.0,-0.6237,0.0776,52.0,1.0,0.0,0.0,1.0,2287.0,3.0,15.0,0.0,11.0,0.0,0.0,1.59,0.0
2018/03/02,23.9,23.95,23.8,23.95,36.0,859.0,0.2092,0.0405,56.0,-2.0,0.0,0.0,-2.0,2288.0,7.0,6.0,0.0,11.0,0.0,0.0,1.59,0.0
2018/03/05,23.7,24.0,23.5,23.55,128.0,3037.0,-1.6701,0.144,97.0,-7.0,0.0,0.0,-7.0,2275.0,6.0,19.0,0.0,11.0,0.0,0.0,1.56,0.0
2018/03/06,23.5,23.8,23.5,23.55,142.0,3351.0,0.0,0.1597,90.0,12.0,0.0,0.0,12.0,2291.0,33.0,17.0,1.0,10.0,0.0,0.0,1.56,0.0
2018/03/07,24.4,25.9,24.0,25.9,1184.0,30272.0,9.9788,1.3317,650.0,140.0,0.0,-2.0,138.0,2408.0,284.0,167.0,0.0,24.0,14.0,0.0,1.72,0.0
2018/03/08,27.0,27.0,25.0,25.0,1298.0,33877.0,-3.4749,1.4599,800.0,-110.0,0.0,0.0,-110.0,2370.0,222.0,260.0,1.0,25.0,2.0,0.0,1.66,0.0
2018/03/09,25.35,25.35,24.55,24.55,282.0,6979.0,-1.8,0.3172,173.0,26.0,0.0,0.0,26.0,2346.0,60.0,84.0,14.0,14.0,3.0,0.0,1.63,0.0
2018/03/12,25.0,25.3,24.55,24.8,268.0,6694.0,1.0183,0.3014,182.0,2.0,0.0,0.0,2.0,2320.0,39.0,65.0,3.0,12.0,1.0,0.0,1.65,0.0
2018/03/13,24.95,25.15,24.75,24.9,102.0,2541.0,0.4032,0.1147,77.0,6.0,0.0,0.0,6.0,2299.0,10.0,31.0,0.0,12.0,0.0,0.0,1.65,0.0
2018/03/14,24.95,25.4,24.8,25.25,228.0,5738.0,1.4056,0.2564,169.0,1.0,0.0,0.0,1.0,2286.0,54.0,17.0,0.0,13.0,2.0,0.0,1.68,0.0
2018/03/15,25.45,25.95,25.45,25.6,306.0,7858.0,1.3861,0.3442,227.0,-5.0,0.0,1.0,-4.0,2318.0,55.0,23.0,0.0,13.0,0.0,0.0,1.7,0.0
2018/03/16,25.75,25.8,25.25,25.45,187.0,4753.0,-0.5859,0.2103,135.0,-3.0,0.0,0.0,-3.0,2341.0,45.0,22.0,0.0,13.0,0.0,0.0,1.69,0.0
2018/03/19,25.85,26.6,25.55,25.55,482.0,12598.0,0.3929,0.5421,317.0,37.0,0.0,8.0,45.0,2356.0,156.0,124.0,0.0,13.0,0.0,0.0,1.7,0.0
2018/03/20,25.55,26.2,25.55,25.85,263.0,6798.0,1.1742,0.2958,201.0,5.0,0.0,-1.0,4.0,2353.0,47.0,50.0,0.0,13.0,0.0,0.0,1.72,0.0
2018/03/21,26.0,26.3,25.8,25.8,412.0,10734.0,-0.1934,0.4634,235.0,0.0,0.0,0.0,0.0,2384.0,98.0,67.0,0.0,13.0,0.0,0.0,1.71,0.0
2018/03/22,25.8,25.8,24.75,24.95,224.0,5681.0,-3.2946,0.2519,149.0,-5.0,0.0,0.0,-5.0,2355.0,28.0,57.0,0.0,13.0,0.0,0.0,1.66,0.0
2018/03/23,23.8,24.7,23.75,24.45,240.0,5847.0,-2.004,0.2699,155.0,48.0,0.0,-2.0,46.0,2332.0,41.0,64.0,3.0,10.0,0.0,0.0,1.62,0.0
2018/03/26,24.3,25.6,24.3,25.15,273.0,6858.0,2.863,0.307,189.0,15.0,0.0,-5.0,10.0,2349.0,51.0,34.0,0.0,10.0,0.0,0.0,1.67,0.0
2018/03/27,25.45,27.65,25.0,26.6,5107.0,139566.0,5.7654,5.7439,2334.0,14.0,0.0,0.0,14.0,2900.0,1138.0,587.0,0.0,59.0,49.0,0.0,1.77,0.0
2018/03/28,26.5,27.4,26.25,26.95,1524.0,40948.0,1.3158,1.7141,826.0,-48.0,0.0,0.0,-48.0,2864.0,301.0,337.0,19.0,66.0,26.0,0.0,1.79,0.0
2018/03/29,27.3,27.3,26.2,26.25,808.0,21547.0,-2.5974,0.9088,473.0,0.0,0.0,0.0,0.0,2883.0,183.0,164.0,9.0,60.0,3.0,0.0,1.74,0.0
2018/03/30,26.5,26.5,25.2,25.6,824.0,21260.0,-2.4762,0.9268,462.0,12.0,0.0,1.0,13.0,2729.0,165.0,319.0,29.0,32.0,1.0,50.2,1.7,0.0
2018/03/31,25.95,27.2,25.95,26.55,1181.0,31539.0,3.7109,1.3283,645.0,0.0,0.0,-1.0,-1.0,2898.0,399.0,230.0,0.0,32.0,0.0,52.06,1.77,0.0
2018/04/02,26.55,26.55,26.05,26.1,303.0,7942.0,-1.6949,0.3408,273.0,-7.0,0.0,1.0,-6.0,2888.0,108.0,118.0,0.0,32.0,0.0,51.18,1.74,0.0
2018/04/03,26.1,26.7,25.7,26.7,665.0,17594.0,2.2989,0.7479,411.0,103.0,0.0,0.0,103.0,2943.0,206.0,151.0,20.0,12.0,0.0,52.35,1.78,0.0
2018/04/09,27.7,29.35,27.0,29.35,5192.0,148402.0,9.9251,5.8395,2274.0,132.0,0.0,60.0,192.0,3100.0,907.0,750.0,1.0,24.0,13.0,57.55,1.95,0.0
2018/04/10,30.5,30.75,27.25,27.25,3975.0,115928.0,-7.155,4.4708,2346.0,-143.0,0.0,-59.0,-202.0,2927.0,763.0,936.0,13.0,32.0,21.0,53.43,1.81,0.0
2018/04/11,27.5,27.75,26.3,27.25,1107.0,29937.0,0.0,1.2451,685.0,24.0,0.0,1.0,25.0,2931.0,194.0,190.0,2.0,36.0,6.0,53.43,1.81,0.0
2018/04/12,27.3,27.6,26.75,26.75,801.0,21641.0,-1.8349,0.9009,469.0,-19.0,0.0,0.0,-19.0,2827.0,171.0,275.0,0.0,36.0,0.0,52.45,1.78,0.0
2018/04/13,27.2,27.2,26.2,26.3,590.0,15657.0,-1.6822,0.6636,347.0,-10.0,0.0,0.0,-10.0,2867.0,218.0,178.0,0.0,38.0,2.0,51.57,1.75,0.0
2018/04/16,26.3,26.9,26.3,26.3,447.0,11867.0,0.0,0.5027,298.0,-12.0,0.0,0.0,-12.0,2853.0,31.0,45.0,18.0,20.0,0.0,51.57,1.75,0.0
2018/04/17,26.35,26.35,25.45,25.45,387.0,9952.0,-3.2319,0.4353,260.0,-23.0,0.0,0.0,-23.0,2800.0,55.0,108.0,0.0,20.0,0.0,49.9,1.69,0.0
2018/04/18,25.45,26.3,25.45,26.15,353.0,9133.0,2.7505,0.397,218.0,1.0,0.0,0.0,1.0,2792.0,79.0,87.0,0.0,20.0,0.0,51.27,1.74,0.0
2018/04/19,26.25,27.3,26.25,26.8,940.0,25294.0,2.4857,1.0572,449.0,-6.0,0.0,0.0,-6.0,2725.0,154.0,221.0,20.0,0.0,0.0,52.55,1.78,0.0
2018/04/20,27.0,27.0,26.55,26.65,265.0,7092.0,-0.5597,0.2981,139.0,-11.0,0.0,0.0,-11.0,2706.0,56.0,75.0,0.0,0.0,0.0,52.25,1.77,0.0
2018/04/23,27.45,28.0,26.95,27.3,1491.0,40935.0,2.439,1.677,759.0,0.0,0.0,0.0,0.0,2804.0,296.0,198.0,0.0,0.0,0.0,53.53,1.82,0.0
2018/04/24,27.4,29.6,27.3,29.0,3868.0,109957.0,6.2271,4.3504,2269.0,-73.0,0.0,1.0,-72.0,2918.0,756.0,642.0,0.0,0.0,0.0,56.86,1.93,0.0
2018/04/25,28.5,30.2,27.9,27.9,3402.0,99107.0,-3.7931,3.8263,2146.0,-45.0,0.0,0.0,-45.0,2773.0,570.0,715.0,0.0,0.0,0.0,54.71,1.86,0.0
2018/04/26,27.9,29.2,26.1,26.45,1417.0,39397.0,-5.1971,1.5937,928.0,40.0,0.0,18.0,58.0,2730.0,338.0,381.0,0.0,28.0,28.0,51.86,1.76,0.0
2018/04/27,27.4,27.5,26.55,26.9,382.0,10293.0,1.7013,0.4296,264.0,-34.0,0.0,-18.0,-52.0,2727.0,94.0,97.0,0.0,39.0,11.0,52.75,1.79,0.0
2018/04/30,27.3,28.0,26.85,27.1,385.0,10574.0,0.7435,0.433,265.0,-11.0,0.0,-1.0,-12.0,2690.0,99.0,136.0,12.0,28.0,1.0,53.14,1.8,0.0
2018/05/02,27.25,27.9,27.2,27.2,297.0,8143.0,0.369,0.334,214.0,-13.0,0.0,0.0,-13.0,2695.0,43.0,38.0,0.0,28.0,0.0,53.33,1.81,0.0
2018/05/03,27.2,27.7,26.9,27.0,285.0,7766.0,-0.7353,0.3205,184.0,-4.0,0.0,0.0,-4.0,2707.0,65.0,53.0,1.0,27.0,0.0,52.94,1.8,0.0
2018/05/04,26.95,27.0,26.05,26.15,490.0,12947.0,-3.1481,0.5511,287.0,-35.0,0.0,0.0,-35.0,2687.0,47.0,67.0,0.0,27.0,0.0,51.27,1.74,0.0
2018/05/07,26.6,26.85,26.2,26.4,325.0,8607.0,0.956,0.3655,181.0,-4.0,0.0,0.0,-4.0,2634.0,23.0,76.0,0.0,28.0,1.0,51.76,1.76,0.0
2018/05/08,26.1,26.8,26.1,26.45,253.0,6693.0,0.1894,0.2846,146.0,10.0,0.0,0.0,10.0,2568.0,12.0,78.0,10.0,18.0,0.0,51.86,1.76,0.0
2018/05/09,26.5,27.0,26.5,26.65,297.0,7933.0,0.7561,0.334,147.0,-14.0,0.0,0.0,-14.0,2653.0,117.0,32.0,11.0,7.0,0.0,52.25,1.77,0.0
2018/05/10,26.7,27.75,26.7,27.6,645.0,17764.0,3.5647,0.7254,387.0,31.0,0.0,0.0,31.0,2812.0,276.0,117.0,0.0,8.0,1.0,54.12,1.84,0.0
2018/05/11,27.65,27.9,27.2,27.5,424.0,11691.0,-0.3623,0.4769,240.0,-15.0,0.0,0.0,-15.0,2705.0,30.0,137.0,0.0,8.0,0.0,53.92,1.83,0.0
2018/05/14,28.0,28.55,27.55,28.55,903.0,25397.0,3.8182,1.0156,470.0,77.0,0.0,0.0,77.0,2690.0,119.0,134.0,0.0,8.0,0.0,48.39,1.89,0.0
2018/05/15,28.7,29.4,28.1,28.8,956.0,27344.0,0.8757,1.0752,493.0,-45.0,0.0,0.0,-45.0,2759.0,240.0,171.0,0.0,10.0,2.0,48.81,1.9,0.0
2018/05/16,29.25,31.65,29.2,31.65,4144.0,128166.0,9.8958,4.6608,1658.0,0.0,0.0,36.0,36.0,3465.0,1081.0,375.0,0.0,44.0,34.0,53.64,2.09,0.0
2018/05/17,32.55,33.0,30.05,30.85,6223.0,197431.0,-2.5276,6.9991,2801.0,-146.0,0.0,-36.0,-182.0,4253.0,1602.0,814.0,18.0,107.0,81.0,52.29,2.04,0.0
2018/05/18,30.4,33.8,30.4,33.5,4061.0,131735.0,8.59,4.5675,2167.0,143.0,0.0,0.0,143.0,4655.0,1168.0,761.0,45.0,175.0,113.0,56.78,2.21,0.0
2018/05/21,32.05,34.9,32.0,33.65,4945.0,164839.0,0.4478,5.5617,2482.0,-66.0,0.0,0.0,-66.0,5268.0,1508.0,895.0,46.0,183.0,54.0,57.03,2.22,0.0
2018/05/22,33.3,34.55,32.5,33.0,2661.0,88593.0,-1.9316,2.9929,1382.0,-216.0,0.0,0.0,-216.0,5335.0,687.0,620.0,42.0,162.0,21.0,55.93,2.18,0.0
2018/05/23,32.5,33.45,32.4,32.75,960.0,31581.0,-0.7576,1.0797,564.0,70.0,0.0,0.0,70.0,5334.0,159.0,160.0,6.0,161.0,5.0,55.51,2.16,0.0
2018/05/24,34.0,34.8,32.75,32.95,1786.0,60087.0,0.6107,2.0088,1092.0,-63.0,0.0,-3.0,-66.0,5527.0,509.0,316.0,24.0,150.0,13.0,55.85,2.18,0.0
2018/05/25,32.95,33.15,32.1,32.6,1015.0,33047.0,-1.0622,1.1416,546.0,24.0,0.0,0.0,24.0,5440.0,260.0,347.0,9.0,147.0,6.0,55.25,2.15,0.0
2018/05/28,33.45,33.6,32.6,32.8,1040.0,34464.0,0.6135,1.1697,556.0,36.0,0.0,0.0,36.0,5419.0,317.0,338.0,6.0,145.0,4.0,55.59,2.17,0.0
2018/05/29,32.8,33.1,29.55,29.65,3360.0,101364.0,-9.6037,3.7791,1477.0,89.0,0.0,0.0,89.0,4934.0,648.0,1133.0,83.0,199.0,137.0,50.25,1.96,0.0
2018/05/30,29.6,31.05,28.0,30.65,1392.0,41071.0,3.3727,1.5656,821.0,366.0,0.0,0.0,366.0,4789.0,73.0,218.0,43.0,170.0,14.0,51.95,2.03,0.0
2018/05/31,30.8,31.35,29.6,31.1,853.0,26023.0,1.4682,0.9594,494.0,-214.0,0.0,0.0,-214.0,4822.0,101.0,68.0,94.0,80.0,15.0,52.71,2.06,0.0
2018/06/01,31.1,32.5,30.6,32.2,911.0,28878.0,3.537,1.0246,533.0,115.0,0.0,-2.0,113.0,4902.0,220.0,140.0,12.0,103.0,35.0,54.58,2.13,0.0
2018/06/04,32.7,33.45,32.5,33.0,1075.0,35473.0,2.4845,1.2091,561.0,-11.0,0.0,0.0,-11.0,4884.0,291.0,309.0,16.0,121.0,34.0,55.93,2.18,0.0
2018/06/05,33.0,33.85,32.85,33.4,844.0,28156.0,1.2121,0.9493,383.0,-14.0,0.0,0.0,-14.0,4817.0,218.0,285.0,3.0,137.0,19.0,56.61,2.21,0.0
2018/06/06,33.65,35.8,33.65,35.8,2756.0,95536.0,7.1856,3.0997,1185.0,276.0,0.0,0.0,276.0,5093.0,934.0,658.0,17.0,151.0,31.0,60.68,2.37,0.0
2018/06/07,35.8,35.8,34.4,35.2,1595.0,55895.0,-1.676,1.7939,783.0,-311.0,0.0,0.0,-311.0,5090.0,340.0,343.0,7.0,158.0,14.0,59.66,2.33,0.0
2018/06/08,35.2,35.2,35.2,35.2,0.0,0.0,0.0,0.0,0.0,0.0,0.0,0.0,0.0,5090.0,0.0,0.0,0.0,158.0,0.0,59.66,2.33,0.0
2018/06/11,36.6,36.6,33.3,33.55,2704.0,95811.0,-4.6875,3.0412,1256.0,-177.0,0.0,1.0,-176.0,4407.0,334.0,1017.0,9.0,160.0,11.0,56.86,2.22,0.0
2018/06/12,34.0,34.0,32.85,33.85,920.0,30723.0,0.8942,1.0347,499.0,129.0,0.0,-1.0,128.0,4480.0,213.0,140.0,6.0,158.0,5.0,57.37,2.24,0.0
2018/06/13,33.85,34.35,33.05,33.1,429.0,14452.0,-2.2157,0.4825,280.0,-58.0,0.0,0.0,-58.0,4436.0,78.0,122.0,16.0,142.0,0.0,56.1,2.19,0.0
2018/06/14,33.3,33.4,32.5,32.85,232.0,7632.0,-0.7553,0.2609,154.0,20.0,0.0,0.0,20.0,4417.0,16.0,35.0,1.0,143.0,2.0,55.68,2.17,0.0
2018/06/15,32.8,32.8,31.85,32.35,527.0,17021.0,-1.5221,0.5927,243.0,10.0,0.0,1.0,11.0,4254.0,50.0,213.0,8.0,136.0,1.0,54.83,2.14,0.0
2018/06/19,31.8,34.7,31.8,33.25,753.0,25316.0,2.7821,0.8469,446.0,-13.0,0.0,-1.0,-14.0,4262.0,109.0,101.0,1.0,138.0,3.0,56.36,2.2,0.0
2018/06/20,33.35,34.2,32.6,32.85,349.0,11581.0,-1.203,0.3925,207.0,-107.0,0.0,3.0,-104.0,4251.0,40.0,33.0,9.0,129.0,0.0,55.68,2.17,0.0
2018/06/21,33.0,33.3,32.6,32.7,222.0,7303.0,-0.4566,0.2497,104.0,16.0,0.0,0.0,16.0,4222.0,35.0,64.0,3.0,126.0,0.0,55.42,2.16,0.0
2018/06/22,32.5,32.8,32.5,32.55,178.0,5805.0,-0.4587,0.2002,101.0,32.0,0.0,1.0,33.0,4175.0,14.0,61.0,1.0,125.0,0.0,55.17,2.15,0.0
2018/06/25,32.45,32.45,31.85,31.95,338.0,10866.0,-1.8433,0.3802,154.0,-9.0,0.0,0.0,-9.0,4055.0,19.0,139.0,32.0,93.0,0.0,54.15,2.11,0.0
2018/06/26,31.3,31.5,30.25,30.85,189.0,5857.0,-3.4429,0.2126,125.0,20.0,0.0,1.0,21.0,4039.0,12.0,27.0,1.0,100.0,8.0,52.29,2.04,0.0
2018/06/27,31.0,31.1,30.15,30.15,462.0,14160.0,-2.269,0.5196,176.0,9.0,0.0,0.0,9.0,3995.0,87.0,131.0,4.0,96.0,0.0,51.1,1.99,0.0
2018/06/28,30.0,31.2,30.0,30.5,162.0,4986.0,1.1609,0.1822,112.0,11.0,0.0,0.0,11.0,3989.0,13.0,19.0,0.0,96.0,0.0,51.69,2.02,0.0
2018/06/29,30.5,31.2,30.5,30.8,118.0,3653.0,0.9836,0.1327,76.0,-1.0,0.0,1.0,0.0,3953.0,6.0,42.0,0.0,96.0,0.0,52.2,2.04,0.0
2018/07/02,30.8,31.1,30.5,30.6,99.0,3039.0,-0.6494,0.1113,66.0,-21.0,0.0,0.0,-21.0,3948.0,9.0,14.0,3.0,93.0,0.0,51.86,2.02,0.0
2018/07/03,30.6,30.9,29.9,30.2,191.0,5774.0,-1.3072,0.2148,84.0,-13.0,0.0,0.0,-13.0,3841.0,11.0,118.0,27.0,68.0,2.0,51.19,2.0,0.0
2018/07/04,30.0,30.65,30.0,30.15,70.0,2119.0,-0.1656,0.0787,45.0,9.0,0.0,0.0,9.0,3854.0,15.0,2.0,2.0,66.0,0.0,51.1,1.99,0.0
2018/07/05,30.0,30.45,30.0,30.05,128.0,3858.0,-0.3317,0.144,74.0,-23.0,0.0,0.0,-23.0,3842.0,5.0,17.0,14.0,52.0,0.0,50.93,1.99,0.0
2018/07/06,30.05,30.5,28.7,29.4,262.0,7677.0,-2.1631,0.2947,156.0,-8.0,0.0,0.0,-8.0,3837.0,32.0,37.0,7.0,45.0,0.0,49.83,1.94,0.0
2018/07/09,29.85,30.3,29.5,29.95,162.0,4842.0,1.8707,0.1822,122.0,67.0,0.0,0.0,67.0,3850.0,19.0,6.0,0.0,45.0,0.0,50.76,1.98,0.0
2018/07/10,30.05,30.05,29.2,29.6,81.0,2408.0,-1.1686,0.0911,66.0,22.0,0.0,0.0,22.0,3824.0,6.0,32.0,5.0,40.0,0.0,50.17,1.96,0.0
2018/07/11,29.3,29.6,29.1,29.25,82.0,2406.0,-1.1824,0.0922,59.0,14.0,0.0,-1.0,13.0,3821.0,5.0,8.0,0.0,40.0,0.0,49.58,1.93,0.0
2018/07/12,29.3,30.0,29.3,29.45,99.0,2935.0,0.6838,0.1113,64.0,20.0,0.0,0.0,20.0,3837.0,19.0,3.0,4.0,37.0,1.0,49.92,1.95,0.0
2018/07/13,29.6,30.4,29.6,30.4,101.0,3048.0,3.2258,0.1136,82.0,29.0,0.0,0.0,29.0,3853.0,25.0,9.0,0.0,37.0,0.0,51.53,2.01,0.0
2018/07/16,30.95,31.8,30.95,31.8,215.0,6753.0,4.6053,0.2418,146.0,32.0,0.0,0.0,32.0,3871.0,38.0,20.0,0.0,37.0,0.0,53.9,2.1,0.0
2018/07/17,32.4,32.4,30.8,31.0,221.0,6995.0,-2.5157,0.2486,140.0,-64.0,0.0,0.0,-64.0,3875.0,39.0,35.0,0.0,37.0,0.0,52.54,2.05,0.0
2018/07/18,31.0,31.0,30.5,30.6,95.0,2924.0,-1.2903,0.1068,71.0,4.0,0.0,0.0,4.0,3859.0,11.0,27.0,0.0,37.0,0.0,51.86,2.02,0.0
2018/07/19,30.25,30.55,30.25,30.35,30.0,911.0,-0.817,0.0337,24.0,-2.0,0.0,0.0,-2.0,3865.0,8.0,2.0,0.0,37.0,0.0,51.44,2.01,0.0
2018/07/20,30.4,30.4,29.6,29.85,106.0,3173.0,-1.6474,0.1192,79.0,-30.0,0.0,0.0,-30.0,3845.0,15.0,35.0,1.0,36.0,0.0,50.59,1.97,0.0
2018/07/23,29.85,29.85,29.3,29.3,61.0,1801.0,-1.8425,0.0686,53.0,-16.0,0.0,0.0,-16.0,3852.0,16.0,9.0,0.0,42.0,6.0,49.66,1.94,0.0
2018/07/24,29.3,29.45,29.0,29.3,75.0,2194.0,0.0,0.0844,56.0,-9.0,0.0,0.0,-9.0,3850.0,17.0,19.0,0.0,42.0,0.0,49.66,1.94,0.0
2018/07/25,29.15,29.25,28.9,28.95,95.0,2761.0,-1.1945,0.1068,61.0,-14.0,0.0,0.0,-14.0,3872.0,31.0,9.0,1.0,45.0,4.0,49.07,1.91,0.0
2018/07/26,29.4,29.95,29.05,29.1,49.0,1443.0,0.5181,0.0551,44.0,-3.0,0.0,0.0,-3.0,3878.0,11.0,5.0,1.0,44.0,0.0,49.32,1.92,0.0
2018/07/27,29.2,29.2,28.7,28.8,114.0,3311.0,-1.0309,0.1282,89.0,-15.0,0.0,0.0,-15.0,3878.0,12.0,12.0,5.0,39.0,0.0,48.81,1.9,0.0
2018/07/30,28.8,29.0,28.75,28.75,60.0,1731.0,-0.1736,0.0675,51.0,-10.0,0.0,0.0,-10.0,3881.0,8.0,5.0,3.0,36.0,0.0,48.73,1.9,0.0
2018/07/31,28.9,29.5,28.75,29.15,101.0,2944.0,1.3913,0.1136,64.0,11.0,0.0,0.0,11.0,3918.0,40.0,3.0,5.0,32.0,1.0,49.41,1.93,0.0
2018/08/01,29.2,29.2,29.0,29.0,61.0,1786.0,-0.5146,0.0686,42.0,-1.0,0.0,0.0,-1.0,3918.0,0.0,0.0,1.0,31.0,0.0,49.15,1.92,0.0
2018/08/02,28.8,29.0,28.1,28.15,136.0,3906.0,-2.931,0.153,99.0,-34.0,0.0,-4.0,-38.0,3904.0,8.0,22.0,7.0,24.0,0.0,47.71,1.86,0.0
2018/08/03,28.15,29.0,27.5,28.7,266.0,7441.0,1.9538,0.2992,139.0,11.0,0.0,0.0,11.0,3848.0,39.0,95.0,0.0,24.0,0.0,48.64,1.9,0.0
2018/08/06,28.7,29.3,28.25,28.85,98.0,2834.0,0.5226,0.1102,52.0,-6.0,0.0,0.0,-6.0,3854.0,12.0,6.0,0.0,25.0,1.0,48.9,1.91,0.0
2018/08/07,28.85,29.15,28.25,28.4,135.0,3857.0,-1.5598,0.1518,62.0,-11.0,0.0,0.0,-11.0,3860.0,12.0,6.0,1.0,24.0,0.0,48.14,1.88,0.0
2018/08/08,28.5,28.8,28.5,28.6,39.0,1141.0,0.7042,0.0439,24.0,-1.0,0.0,0.0,-1.0,3862.0,5.0,3.0,0.0,24.0,0.0,48.47,1.89,0.0
2018/08/09,28.5,28.6,27.95,27.95,118.0,3319.0,-2.2727,0.1327,65.0,-9.0,0.0,0.0,-9.0,3810.0,3.0,55.0,2.0,22.0,0.0,47.37,1.85,0.0
2018/08/10,27.85,27.95,27.55,27.55,120.0,3329.0,-1.4311,0.135,80.0,-12.0,0.0,0.0,-12.0,3794.0,15.0,31.0,2.0,20.0,0.0,46.69,1.82,0.0
2018/08/13,27.55,27.9,26.0,26.3,275.0,7350.0,-4.5372,0.3093,166.0,-16.0,0.0,2.0,-14.0,3757.0,45.0,72.0,4.0,17.0,1.0,22.48,1.63,0.0
2018/08/14,26.9,28.55,26.55,27.7,284.0,7737.0,5.3232,0.3194,156.0,50.0,0.0,0.0,50.0,3747.0,23.0,33.0,7.0,11.0,1.0,23.68,1.72,0.0
2018/08/15,27.5,27.8,27.0,27.45,91.0,2507.0,-0.9025,0.1023,52.0,-16.0,0.0,1.0,-15.0,3723.0,6.0,30.0,0.0,11.0,0.0,23.46,1.7,0.0
2018/08/16,27.45,27.6,26.5,27.4,48.0,1306.0,-0.1821,0.054,26.0,1.0,0.0,0.0,1.0,3720.0,3.0,6.0,0.0,11.0,0.0,23.42,1.7,0.0
2018/08/17,27.55,28.0,27.55,27.75,42.0,1167.0,1.2774,0.0472,33.0,5.0,0.0,0.0,5.0,3711.0,1.0,9.0,0.0,12.0,1.0,23.72,1.72,0.0
2018/08/20,27.9,28.3,27.9,28.15,43.0,1210.0,1.4414,0.0484,40.0,12.0,0.0,0.0,12.0,3714.0,12.0,9.0,0.0,12.0,0.0,24.06,1.74,0.0
2018/08/21,28.15,28.25,27.85,28.05,144.0,4064.0,-0.3552,0.162,83.0,25.0,0.0,0.0,25.0,3735.0,22.0,1.0,0.0,13.0,1.0,23.97,1.74,0.0
2018/08/22,27.7,28.35,27.7,28.0,26.0,728.0,-0.1783,0.0292,23.0,5.0,0.0,0.0,5.0,3733.0,1.0,3.0,5.0,8.0,0.0,23.93,1.73,0.0
2018/08/23,28.0,28.0,27.5,27.6,40.0,1113.0,-1.4286,0.045,33.0,-2.0,0.0,-1.0,-3.0,3730.0,0.0,3.0,1.0,7.0,0.0,23.59,1.71,0.0
2018/08/24,27.75,27.75,27.3,27.3,34.0,953.0,-1.087,0.0382,37.0,-10.0,0.0,0.0,-10.0,3728.0,2.0,4.0,0.0,7.0,0.0,23.33,1.69,0.0
2018/08/27,27.5,27.6,27.2,27.4,28.0,770.0,0.3663,0.0315,19.0,4.0,0.0,3.0,7.0,3721.0,0.0,5.0,0.0,7.0,0.0,23.42,1.7,0.0
2018/08/28,27.7,28.1,27.65,27.65,29.0,828.0,0.9124,0.0326,20.0,4.0,0.0,-1.0,3.0,3716.0,5.0,10.0,0.0,7.0,0.0,23.63,1.71,0.0
2018/08/29,27.65,27.7,27.05,27.2,52.0,1426.0,-1.6275,0.0585,41.0,-2.0,0.0,0.0,-2.0,3715.0,17.0,18.0,0.0,7.0,0.0,23.25,1.68,0.0
2018/08/30,27.05,27.4,26.95,27.1,86.0,2329.0,-0.3676,0.0967,42.0,5.0,0.0,-2.0,3.0,3702.0,5.0,17.0,0.0,7.0,0.0,23.16,1.68,0.0
2018/08/31,27.1,27.3,27.05,27.05,32.0,867.0,-0.1845,0.036,22.0,3.0,0.0,0.0,3.0,3704.0,3.0,1.0,0.0,7.0,0.0,23.12,1.67,0.0
2018/09/03,27.1,27.15,26.8,26.8,52.0,1397.0,-0.9242,0.0585,28.0,-1.0,0.0,0.0,-1.0,3682.0,2.0,24.0,0.0,7.0,0.0,22.91,1.66,0.0
2018/09/04,26.7,27.0,26.7,26.85,42.0,1124.0,0.1866,0.0472,39.0,6.0,0.0,0.0,6.0,3682.0,3.0,3.0,1.0,6.0,0.0,22.95,1.66,0.0
2018/09/05,26.75,26.75,26.4,26.5,64.0,1698.0,-1.3035,0.072,48.0,-18.0,0.0,0.0,-18.0,3672.0,5.0,15.0,0.0,6.0,0.0,22.65,1.64,0.0
2018/09/06,26.45,26.45,26.1,26.1,48.0,1258.0,-1.5094,0.054,35.0,-3.0,0.0,0.0,-3.0,3662.0,2.0,12.0,0.0,6.0,0.0,22.31,1.62,0.0
2018/09/07,26.3,28.0,26.05,26.3,238.0,6383.0,0.7663,0.2677,179.0,-9.0,0.0,-2.0,-11.0,3660.0,54.0,56.0,0.0,6.0,0.0,22.48,1.63,0.0
2018/09/10,26.4,26.4,25.5,25.6,136.0,3501.0,-2.6616,0.153,94.0,-22.0,0.0,0.0,-22.0,3663.0,26.0,23.0,0.0,6.0,0.0,21.88,1.59,0.0
2018/09/11,25.6,26.5,25.6,25.75,188.0,4880.0,0.5859,0.2114,71.0,22.0,0.0,0.0,22.0,3742.0,103.0,24.0,0.0,6.0,0.0,22.01,1.59,0.0
2018/09/12,26.0,26.75,25.85,26.2,111.0,2908.0,1.7476,0.1248,63.0,7.0,0.0,0.0,7.0,3755.0,23.0,10.0,0.0,6.0,0.0,22.39,1.62,0.0
2018/09/13,26.3,28.8,26.3,28.8,1058.0,29875.0,9.9237,1.19,551.0,138.0,0.0,0.0,138.0,3894.0,269.0,130.0,0.0,12.0,6.0,24.62,1.78,0.0
2018/09/14,28.75,28.85,27.9,28.2,629.0,17883.0,-2.0833,0.7074,367.0,-75.0,0.0,1.0,-74.0,4028.0,191.0,57.0,3.0,16.0,7.0,24.1,1.75,0.0
2018/09/17,27.9,27.9,27.3,27.5,103.0,2840.0,-2.4823,0.1158,91.0,-15.0,0.0,0.0,-15.0,4028.0,8.0,8.0,8.0,8.0,0.0,23.5,1.7,0.0
2018/09/18,27.6,27.8,27.2,27.3,102.0,2800.0,-0.7273,0.1147,84.0,-15.0,0.0,0.0,-15.0,4034.0,19.0,13.0,0.0,8.0,0.0,23.33,1.69,0.0
2018/09/19,27.8,27.8,27.25,27.35,68.0,1868.0,0.1832,0.0765,58.0,2.0,0.0,0.0,2.0,4034.0,4.0,4.0,0.0,8.0,0.0,23.38,1.69,0.0
2018/09/20,27.35,28.3,27.3,27.6,212.0,5870.0,0.9141,0.2384,159.0,3.0,0.0,0.0,3.0,4049.0,32.0,17.0,0.0,8.0,0.0,23.59,1.71,0.0
2018/09/21,27.6,27.8,27.4,27.6,94.0,2603.0,0.0,0.1057,69.0,12.0,0.0,0.0,12.0,4061.0,19.0,7.0,0.0,8.0,0.0,23.59,1.71,0.0
2018/09/25,27.5,27.55,26.8,26.8,144.0,3900.0,-2.8986,0.162,99.0,-29.0,0.0,0.0,-29.0,4062.0,24.0,23.0,0.0,9.0,1.0,22.91,1.66,0.0
2018/09/26,26.85,28.0,26.85,27.5,152.0,4188.0,2.6119,0.171,107.0,11.0,0.0,-1.0,10.0,4050.0,8.0,20.0,1.0,8.0,0.0,23.5,1.7,0.0
2018/09/27,27.7,27.95,27.55,27.55,72.0,1995.0,0.1818,0.081,52.0,3.0,0.0,0.0,3.0,4047.0,10.0,13.0,0.0,8.0,0.0,23.55,1.71,0.0
2018/09/28,27.9,28.15,27.55,27.85,289.0,8067.0,1.0889,0.325,105.0,18.0,0.0,0.0,18.0,4178.0,148.0,17.0,0.0,8.0,0.0,23.8,1.72,0.0
2018/10/01,28.25,30.5,28.05,30.2,984.0,28938.0,8.4381,1.1067,477.0,34.0,0.0,-1.0,33.0,4471.0,368.0,75.0,0.0,9.0,1.0,25.81,1.87,0.0
2018/10/02,30.2,30.2,29.0,29.65,337.0,9971.0,-1.8212,0.379,172.0,-25.0,0.0,-1.0,-26.0,4573.0,155.0,53.0,1.0,8.0,0.0,25.34,1.84,0.0
2018/10/03,29.6,30.25,29.25,29.5,240.0,7162.0,-0.5059,0.2699,119.0,5.0,0.0,0.0,5.0,4641.0,107.0,39.0,6.0,4.0,2.0,25.21,1.83,0.0
2018/10/04,29.5,30.0,29.5,29.8,189.0,5623.0,1.0169,0.2126,106.0,12.0,0.0,0.0,12.0,4633.0,23.0,31.0,2.0,2.0,0.0,25.47,1.85,0.0
2018/10/05,29.8,29.8,28.1,28.2,200.0,5692.0,-5.3691,0.2249,132.0,0.0,0.0,6.0,6.0,4631.0,31.0,33.0,0.0,4.0,2.0,24.1,1.75,0.0
2018/10/08,28.2,28.65,27.85,28.25,333.0,9398.0,0.1773,0.3745,106.0,6.0,0.0,-1.0,5.0,4842.0,234.0,18.0,0.0,4.0,0.0,24.15,1.75,0.0
2018/10/09,28.25,28.6,27.0,28.6,372.0,10486.0,1.2389,0.4184,120.0,9.0,0.0,1.0,10.0,5088.0,281.0,35.0,0.0,5.0,1.0,24.44,1.77,0.0
2018/10/11,26.9,27.85,26.35,27.5,778.0,21224.0,-3.8462,0.875,190.0,-12.0,0.0,-6.0,-18.0,5666.0,621.0,43.0,3.0,15.0,13.0,23.5,1.7,0.0
2018/10/12,27.5,28.15,26.7,27.6,417.0,11568.0,0.3636,0.469,124.0,-36.0,0.0,0.0,-36.0,5928.0,281.0,19.0,0.0,16.0,1.0,23.59,1.71,0.0
2018/10/15,27.35,27.8,27.25,27.25,60.0,1667.0,-1.2681,0.0675,33.0,-4.0,0.0,-1.0,-5.0,5926.0,33.0,35.0,0.0,16.0,0.0,23.29,1.69,0.0
2018/10/16,27.6,27.65,27.25,27.35,35.0,960.0,0.367,0.0394,34.0,-5.0,0.0,0.0,-5.0,5928.0,5.0,3.0,1.0,15.0,0.0,23.38,1.69,0.0
2018/10/17,27.35,27.6,26.95,26.95,99.0,2696.0,-1.4625,0.1113,81.0,-51.0,0.0,0.0,-51.0,5916.0,2.0,14.0,5.0,10.0,0.0,23.03,1.67,0.0
2018/10/18,27.0,27.45,26.8,27.15,98.0,2653.0,0.7421,0.1102,60.0,13.0,0.0,0.0,13.0,5924.0,13.0,5.0,2.0,8.0,0.0,23.21,1.68,0.0
2018/10/19,27.0,27.45,26.6,27.4,60.0,1623.0,0.9208,0.0675,42.0,-2.0,0.0,3.0,1.0,5932.0,16.0,8.0,1.0,9.0,2.0,23.42,1.7,0.0
2018/10/22,27.4,27.5,27.2,27.2,59.0,1615.0,-0.7299,0.0664,22.0,-1.0,0.0,0.0,-1.0,5952.0,22.0,2.0,1.0,8.0,0.0,23.25,1.68,0.0
2018/10/23,26.65,26.8,26.5,26.5,54.0,1435.0,-2.5735,0.0607,32.0,0.0,0.0,0.0,0.0,5951.0,9.0,10.0,0.0,8.0,0.0,22.65,1.64,0.0
2018/10/24,26.5,26.5,26.1,26.2,66.0,1738.0,-1.1321,0.0742,43.0,0.0,0.0,0.0,0.0,5943.0,4.0,12.0,1.0,9.0,2.0,22.39,1.62,0.0
2018/10/25,25.5,26.5,25.5,25.9,154.0,3983.0,-1.145,0.1732,76.0,17.0,0.0,-3.0,14.0,5907.0,49.0,85.0,0.0,10.0,1.0,22.14,1.6,0.0
2018/10/26,26.1,26.2,25.5,25.6,100.0,2562.0,-1.1583,0.1125,52.0,-3.0,0.0,0.0,-3.0,5865.0,3.0,45.0,5.0,5.0,0.0,21.88,1.59,0.0
2018/10/29,25.3,25.6,24.6,25.1,166.0,4153.0,-1.9531,0.1867,85.0,4.0,0.0,0.0,4.0,5824.0,19.0,60.0,3.0,4.0,2.0,21.45,1.55,0.0
2018/10/30,25.0,25.9,24.25,25.9,171.0,4251.0,3.1873,0.1923,95.0,-5.0,0.0,0.0,-5.0,5771.0,5.0,58.0,2.0,8.0,6.0,22.14,1.6,0.0
2018/10/31,25.9,25.9,25.5,25.75,41.0,1053.0,-0.5792,0.0461,39.0,0.0,0.0,0.0,0.0,5760.0,2.0,12.0,2.0,6.0,0.0,22.01,1.59,0.0
2018/11/01,25.65,25.7,25.3,25.3,33.0,841.0,-1.7476,0.0371,29.0,-3.0,0.0,0.0,-3.0,5761.0,4.0,3.0,1.0,5.0,0.0,21.62,1.57,0.0
2018/11/02,25.4,25.6,25.15,25.6,74.0,1877.0,1.1858,0.0832,50.0,-8.0,0.0,0.0,-8.0,5756.0,5.0,10.0,0.0,5.0,0.0,21.88,1.59,0.0
2018/11/05,25.1,25.3,24.85,24.9,61.0,1530.0,-2.7344,0.0686,47.0,3.0,0.0,0.0,3.0,5751.0,2.0,7.0,0.0,5.0,0.0,21.28,1.54,0.0
2018/11/06,25.1,25.35,25.0,25.0,14.0,352.0,0.4016,0.0157,13.0,1.0,0.0,0.0,1.0,5753.0,2.0,0.0,0.0,5.0,0.0,21.37,1.55,0.0
2018/11/07,24.95,25.4,24.8,25.4,35.0,877.0,1.6,0.0394,34.0,2.0,0.0,0.0,2.0,5754.0,2.0,1.0,0.0,5.0,0.0,21.71,1.57,0.0
2018/11/08,25.4,25.8,25.2,25.2,55.0,1397.0,-0.7874,0.0619,33.0,2.0,0.0,0.0,2.0,5740.0,5.0,8.0,0.0,5.0,0.0,21.54,1.56,0.0
2018/11/09,25.25,25.25,25.0,25.0,34.0,852.0,-0.7937,0.0382,19.0,1.0,0.0,0.0,1.0,5744.0,4.0,0.0,0.0,6.0,1.0,21.37,1.55,0.0
2018/11/12,24.5,25.0,24.5,24.85,38.0,946.0,-0.6,0.0427,19.0,1.0,0.0,0.0,1.0,5731.0,1.0,14.0,0.0,6.0,0.0,21.24,1.54,0.0
2018/11/13,24.8,25.0,24.6,24.85,19.0,472.0,0.0,0.0214,17.0,5.0,0.0,0.0,5.0,5730.0,5.0,6.0,0.0,6.0,0.0,18.83,1.51,0.0
2018/11/14,25.0,25.5,25.0,25.15,32.0,805.0,1.2072,0.036,21.0,5.0,0.0,0.0,5.0,5732.0,9.0,7.0,0.0,6.0,0.0,19.05,1.53,0.0
2018/11/15,25.15,25.6,25.05,25.55,24.0,609.0,1.5905,0.027,18.0,2.0,0.0,0.0,2.0,5730.0,0.0,2.0,0.0,6.0,0.0,19.36,1.55,0.0
2018/11/16,25.2,25.3,24.9,25.1,17.0,426.0,-1.7613,0.0191,12.0,1.0,0.0,0.0,1.0,5729.0,1.0,0.0,0.0,6.0,0.0,19.02,1.53,0.0
2018/11/19,25.1,25.2,25.0,25.15,37.0,930.0,0.1992,0.0416,15.0,4.0,0.0,0.0,4.0,5705.0,3.0,27.0,0.0,6.0,0.0,19.05,1.53,0.0
2018/11/20,25.15,25.15,25.05,25.05,8.0,200.0,-0.3976,0.009,8.0,1.0,0.0,0.0,1.0,5704.0,1.0,2.0,0.0,6.0,0.0,18.98,1.52,0.0
2018/11/21,25.0,25.45,25.0,25.15,26.0,653.0,0.3992,0.0292,15.0,1.0,0.0,0.0,1.0,5705.0,1.0,0.0,0.0,6.0,0.0,19.05,1.53,0.0
2018/11/22,25.55,26.8,25.55,26.65,177.0,4701.0,5.9642,0.1991,142.0,12.0,0.0,0.0,12.0,5706.0,17.0,16.0,0.0,9.0,3.0,20.19,1.62,0.0
2018/11/23,26.65,26.65,26.0,26.3,62.0,1632.0,-1.3133,0.0697,46.0,-3.0,0.0,0.0,-3.0,5704.0,1.0,3.0,1.0,8.0,0.0,19.92,1.6,0.0
2018/11/26,26.8,26.8,25.7,26.25,14.0,369.0,-0.1901,0.0157,14.0,7.0,0.0,0.0,7.0,5702.0,0.0,2.0,1.0,7.0,0.0,19.89,1.6,0.0
2018/11/27,26.35,26.7,26.35,26.65,54.0,1436.0,1.5238,0.0607,44.0,5.0,0.0,0.0,5.0,5727.0,26.0,1.0,0.0,10.0,3.0,20.19,1.62,0.0
2018/11/28,26.65,26.65,26.3,26.4,32.0,849.0,-0.9381,0.036,30.0,7.0,0.0,0.0,7.0,5727.0,3.0,3.0,1.0,9.0,0.0,20.0,1.6,0.0
2018/11/29,26.6,26.6,26.4,26.5,44.0,1168.0,0.3788,0.0495,27.0,2.0,0.0,0.0,2.0,5732.0,13.0,8.0,0.0,10.0,1.0,20.08,1.61,0.0
2018/11/30,26.5,27.7,26.45,27.45,251.0,6823.0,3.5849,0.2823,123.0,18.0,0.0,0.0,18.0,5715.0,14.0,31.0,0.0,11.0,1.0,20.8,1.67,0.0
2018/12/03,27.45,27.8,26.9,27.3,150.0,4088.0,-0.5464,0.1687,89.0,-20.0,0.0,0.0,-20.0,5750.0,40.0,5.0,0.0,11.0,0.0,20.68,1.66,0.0
2018/12/04,27.15,27.3,27.0,27.0,38.0,1033.0,-1.0989,0.0427,50.0,-17.0,0.0,0.0,-17.0,5758.0,8.0,0.0,0.0,11.0,0.0,20.45,1.64,0.0
2018/12/05,27.25,27.25,26.8,26.8,6.0,161.0,-0.7407,0.0067,8.0,-1.0,0.0,0.0,-1.0,5758.0,0.0,0.0,0.0,11.0,0.0,20.3,1.63,0.0
2018/12/06,26.85,26.85,26.15,26.2,30.0,794.0,-2.2388,0.0337,26.0,-9.0,0.0,0.0,-9.0,5763.0,9.0,4.0,0.0,11.0,0.0,19.85,1.59,0.0
2018/12/07,26.15,27.0,26.15,26.45,58.0,1535.0,0.9542,0.0652,31.0,4.0,0.0,0.0,4.0,5773.0,14.0,4.0,0.0,11.0,0.0,20.04,1.61,0.0
2018/12/10,26.4,26.55,26.0,26.55,34.0,891.0,0.3781,0.0382,22.0,0.0,0.0,1.0,1.0,5779.0,9.0,3.0,1.0,10.0,0.0,20.11,1.61,0.0
2018/12/11,26.55,27.95,26.55,27.25,66.0,1814.0,2.6365,0.0742,57.0,3.0,0.0,0.0,3.0,5770.0,4.0,13.0,0.0,10.0,0.0,20.64,1.66,0.0
2018/12/12,27.1,28.15,27.1,27.8,147.0,4066.0,2.0183,0.1653,63.0,1.0,0.0,0.0,1.0,5844.0,91.0,17.0,0.0,11.0,1.0,21.06,1.69,0.0
2018/12/13,27.8,27.8,27.25,27.75,41.0,1126.0,-0.1799,0.0461,33.0,1.0,0.0,0.0,1.0,5855.0,14.0,3.0,0.0,11.0,0.0,21.02,1.69,0.0
2018/12/14,27.6,27.6,27.35,27.4,39.0,1069.0,-1.2613,0.0439,36.0,-7.0,0.0,0.0,-7.0,5853.0,2.0,4.0,0.0,11.0,0.0,20.76,1.67,0.0
2018/12/17,27.0,27.6,27.0,27.6,56.0,1544.0,0.7299,0.063,36.0,11.0,0.0,0.0,11.0,5862.0,19.0,10.0,0.0,11.0,0.0,20.91,1.68,0.0
2018/12/18,27.3,27.4,27.1,27.1,47.0,1281.0,-1.8116,0.0529,33.0,13.0,0.0,0.0,13.0,5862.0,4.0,4.0,0.0,13.0,2.0,20.53,1.65,0.0
2018/12/19,27.0,27.45,27.0,27.0,38.0,1036.0,-0.369,0.0427,32.0,11.0,0.0,0.0,11.0,5866.0,7.0,3.0,0.0,13.0,0.0,20.45,1.64,0.0
2018/12/20,27.0,27.4,27.0,27.0,72.0,1950.0,0.0,0.081,40.0,15.0,0.0,0.0,15.0,5851.0,3.0,18.0,0.0,14.0,1.0,20.45,1.64,0.0
2018/12/21,26.85,27.3,26.85,27.2,18.0,487.0,0.7407,0.0202,17.0,11.0,0.0,-1.0,10.0,5850.0,0.0,1.0,0.0,15.0,1.0,20.61,1.65,0.0
2018/12/22,27.15,27.2,27.0,27.1,28.0,758.0,-0.3676,0.0315,22.0,0.0,0.0,0.0,0.0,5861.0,14.0,3.0,1.0,14.0,0.0,20.53,1.65,0.0
2018/12/24,27.5,27.5,26.95,27.05,40.0,1088.0,-0.1845,0.045,26.0,11.0,0.0,1.0,12.0,5862.0,5.0,4.0,0.0,14.0,0.0,20.49,1.64,0.0
2018/12/25,27.05,27.3,26.85,27.0,19.0,516.0,-0.1848,0.0214,19.0,2.0,0.0,0.0,2.0,5861.0,0.0,1.0,0.0,14.0,0.0,20.45,1.64,0.0
2018/12/26,26.85,27.0,26.8,26.95,8.0,217.0,-0.1852,0.009,11.0,1.0,0.0,0.0,1.0,5861.0,2.0,2.0,0.0,14.0,0.0,20.42,1.64,0.0
2018/12/27,26.95,27.3,26.7,26.8,81.0,2186.0,-0.5566,0.0911,43.0,3.0,0.0,-1.0,2.0,5862.0,10.0,9.0,0.0,14.0,0.0,20.3,1.63,0.0
2018/12/28,26.75,26.8,26.7,26.7,19.0,508.0,-0.3731,0.0214,19.0,1.0,0.0,0.0,1.0,5862.0,4.0,3.0,0.0,14.0,0.0,20.23,1.62,0.0
2019/01/02,26.3,26.7,26.2,26.2,40.0,1053.0,-1.8727,0.045,29.0,1.0,0.0,0.0,1.0,5862.0,2.0,2.0,3.0,11.0,0.0,19.85,1.59,0.0
2019/01/03,26.2,26.8,26.1,26.1,36.0,947.0,-0.3817,0.0405,25.0,3.0,0.0,2.0,5.0,5853.0,1.0,10.0,0.0,11.0,0.0,19.77,1.59,0.0
2019/01/04,26.0,26.6,26.0,26.6,90.0,2363.0,1.9157,0.1012,46.0,6.0,0.0,1.0,7.0,5860.0,7.0,0.0,5.0,6.0,0.0,20.15,1.62,0.0
2019/01/07,26.3,27.0,26.3,26.7,32.0,855.0,0.3759,0.036,37.0,1.0,0.0,0.0,1.0,5862.0,8.0,6.0,5.0,1.0,0.0,20.23,1.62,0.0
2019/01/08,26.9,27.75,26.9,27.5,188.0,5149.0,2.9963,0.2114,97.0,2.0,0.0,-3.0,-1.0,5889.0,47.0,20.0,1.0,0.0,0.0,20.83,1.67,0.0
2019/01/09,27.95,27.95,27.2,27.4,74.0,2027.0,-0.3636,0.0832,52.0,-2.0,0.0,1.0,-1.0,5897.0,43.0,35.0,0.0,0.0,0.0,20.76,1.67,0.0
2019/01/10,27.0,27.4,27.0,27.2,35.0,950.0,-0.7299,0.0394,23.0,-1.0,0.0,0.0,-1.0,5908.0,13.0,2.0,0.0,0.0,0.0,20.61,1.65,0.0
2019/01/11,27.2,27.2,26.55,27.0,62.0,1669.0,-0.7353,0.0697,48.0,-4.0,0.0,0.0,-4.0,5922.0,31.0,17.0,0.0,0.0,0.0,20.45,1.64,0.0
2019/01/14,26.75,26.8,26.1,26.45,48.0,1266.0,-2.037,0.054,43.0,-6.0,0.0,0.0,-6.0,5924.0,11.0,9.0,0.0,0.0,0.0,20.04,1.61,0.0
2019/01/15,26.45,26.5,26.2,26.35,36.0,948.0,-0.3781,0.0405,37.0,-3.0,0.0,0.0,-3.0,5929.0,5.0,0.0,0.0,0.0,0.0,19.96,1.6,0.0
2019/01/16,26.35,26.35,26.2,26.2,35.0,919.0,-0.5693,0.0394,26.0,-7.0,0.0,0.0,-7.0,5927.0,1.0,3.0,0.0,0.0,0.0,19.85,1.59,0.0
2019/01/17,26.3,26.45,26.3,26.35,7.0,207.0,0.5725,0.0079,13.0,1.0,0.0,0.0,1.0,5926.0,1.0,2.0,0.0,0.0,0.0,19.96,1.6,0.0
2019/01/18,26.5,26.5,26.5,26.5,1.0,50.0,0.5693,0.0011,4.0,1.0,0.0,0.0,1.0,5926.0,0.0,0.0,0.0,0.0,0.0,20.08,1.61,0.0
2019/01/21,26.55,26.6,26.25,26.3,16.0,424.0,-0.7547,0.018,18.0,1.0,0.0,0.0,1.0,5925.0,0.0,1.0,0.0,0.0,0.0,19.92,1.6,0.0
2019/01/22,26.3,26.3,26.1,26.15,16.0,419.0,-0.5703,0.018,21.0,0.0,0.0,0.0,0.0,5928.0,3.0,0.0,0.0,0.0,0.0,19.81,1.59,0.0
2019/01/23,26.15,26.2,26.1,26.15,14.0,366.0,0.0,0.0157,18.0,2.0,0.0,0.0,2.0,5929.0,3.0,2.0,0.0,0.0,0.0,19.81,1.59,0.0
2019/01/24,26.45,26.45,26.1,26.4,34.0,893.0,0.956,0.0382,28.0,0.0,0.0,0.0,0.0,5935.0,6.0,0.0,0.0,0.0,0.0,20.0,1.6,0.0
2019/01/25,26.4,26.45,26.4,26.45,34.0,912.0,0.1894,0.0382,25.0,1.0,0.0,0.0,1.0,5931.0,20.0,24.0,0.0,0.0,0.0,20.04,1.61,0.0
2019/01/28,26.4,26.45,26.3,26.3,20.0,527.0,-0.5671,0.0225,19.0,0.0,0.0,0.0,0.0,5928.0,4.0,7.0,0.0,0.0,0.0,19.92,1.6,0.0
2019/01/29,26.2,26.25,26.2,26.2,19.0,497.0,-0.3802,0.0214,18.0,0.0,0.0,0.0,0.0,5927.0,0.0,1.0,0.0,0.0,0.0,19.85,1.59,0.0
2019/01/30,26.25,26.25,26.1,26.15,18.0,473.0,-0.1908,0.0202,17.0,0.0,0.0,0.0,0.0,5656.0,0.0,4.0,0.0,0.0,0.0,19.81,1.59,0.0
2019/02/11,26.15,26.3,26.1,26.1,64.0,1676.0,-0.1912,0.072,36.0,0.0,0.0,0.0,0.0,5728.0,15.0,12.0,0.0,0.0,0.0,19.77,1.59,0.0
2019/02/12,26.1,26.75,26.1,26.6,125.0,3311.0,1.9157,0.1406,60.0,4.0,0.0,0.0,4.0,5741.0,33.0,20.0,0.0,0.0,0.0,20.15,1.62,0.0
2019/02/13,26.9,26.9,26.35,26.4,93.0,2467.0,-0.7519,0.1046,44.0,-1.0,0.0,0.0,-1.0,5742.0,7.0,6.0,0.0,0.0,0.0,20.0,1.6,0.0
2019/02/14,26.7,26.7,26.4,26.6,130.0,3449.0,0.7576,0.1462,59.0,0.0,0.0,0.0,0.0,5774.0,53.0,7.0,0.0,0.0,0.0,20.15,1.62,0.0
2019/02/15,26.55,26.55,26.1,26.2,106.0,2789.0,-1.5038,0.1192,77.0,0.0,0.0,0.0,0.0,5776.0,33.0,0.0,0.0,0.0,0.0,19.85,1.59,0.0
2019/02/18,26.35,26.35,26.0,26.25,114.0,2991.0,0.1908,0.1282,80.0,1.0,0.0,0.0,1.0,5771.0,8.0,13.0,0.0,0.0,0.0,19.8864,1.6,0.0
2019/02/19,26.3,26.4,26.2,26.2,62.0,1633.0,-0.1905,0.0697,41.0,-1.0,0.0,0.0,-1.0,5779.0,12.0,4.0,0.0,0.0,0.0,19.85,1.59,0.0
2019/02/20,26.25,26.3,26.0,26.1,110.0,2867.0,-0.3817,0.1237,76.0,9.0,0.0,0.0,9.0,5773.0,8.0,14.0,0.0,0.0,0.0,19.77,1.59,0.0
2019/02/21,26.1,26.75,26.0,26.5,473.0,12453.0,1.5326,0.532,174.0,-7.0,0.0,0.0,-7.0,5772.0,18.0,19.0,0.0,1.0,1.0,20.0758,1.61,0.0
2019/02/22,26.8,26.8,26.2,26.25,59.0,1561.0,-0.9434,0.0664,53.0,-2.0,0.0,0.0,-2.0,5788.0,19.0,3.0,1.0,0.0,0.0,19.8864,1.6,0.0
2019/02/25,26.2,26.25,26.05,26.1,95.0,2482.0,-0.5714,0.1068,63.0,-2.0,0.0,0.0,-2.0,5791.0,14.0,11.0,0.0,0.0,0.0,19.77,1.59,0.0
2019/02/26,26.1,26.25,26.0,26.1,107.0,2789.0,0.0,0.1203,51.0,-3.0,0.0,0.0,-3.0,5785.0,4.0,10.0,0.0,0.0,0.0,19.77,1.59,0.0
2019/02/27,26.1,26.1,25.7,25.75,108.0,2788.0,-1.341,0.1215,72.0,0.0,0.0,0.0,0.0,5785.0,17.0,17.0,0.0,0.0,0.0,19.5076,1.57,0.0
2019/03/04,25.7,25.7,25.5,25.6,57.0,1458.0,-0.5825,0.0641,44.0,0.0,0.0,0.0,0.0,5779.0,5.0,10.0,0.0,1.0,1.0,19.3939,1.56,0.0
2019/03/05,25.5,25.5,25.4,25.4,81.0,2063.0,-0.7813,0.0911,53.0,3.0,0.0,0.0,3.0,5789.0,17.0,7.0,0.0,1.0,0.0,19.24,1.54,0.0
2019/03/06,25.5,25.9,25.5,25.7,40.0,1048.0,1.1811,0.045,36.0,0.0,0.0,0.0,0.0,5796.0,12.0,5.0,0.0,1.0,0.0,19.4697,1.56,0.0
2019/03/07,25.7,25.9,25.65,25.7,41.0,1055.0,0.0,0.0461,32.0,0.0,0.0,0.0,0.0,5798.0,7.0,5.0,0.0,1.0,0.0,19.4697,1.56,0.0
2019/03/08,25.65,25.65,25.4,25.5,56.0,1430.0,-0.7782,0.063,34.0,-1.0,0.0,0.0,-1.0,5804.0,6.0,0.0,0.0,1.0,0.0,19.32,1.55,0.0
2019/03/11,25.3,25.5,25.3,25.4,32.0,834.0,-0.3922,0.036,32.0,2.0,0.0,0.0,2.0,5799.0,0.0,5.0,0.0,1.0,0.0,19.2424,1.54,0.0
2019/03/12,25.4,25.85,25.3,25.5,86.0,2199.0,0.3937,0.0967,55.0,7.0,0.0,0.0,7.0,5772.0,0.0,27.0,0.0,1.0,0.0,19.3182,1.55,0.0
2019/03/13,25.5,25.5,25.3,25.3,39.0,989.0,-0.7843,0.0439,28.0,-5.0,0.0,0.0,-5.0,5761.0,5.0,16.0,0.0,1.0,0.0,19.1667,1.54,0.0
2019/03/14,25.4,25.6,25.3,25.45,56.0,1427.0,0.5929,0.063,51.0,-5.0,0.0,0.0,-5.0,5762.0,5.0,4.0,0.0,1.0,0.0,19.2803,1.55,0.0
2019/03/15,25.35,25.5,25.3,25.3,75.0,1905.0,-0.5894,0.0844,39.0,0.0,0.0,0.0,0.0,5744.0,4.0,21.0,0.0,1.0,0.0,19.17,1.54,0.0
2019/03/18,25.3,25.45,25.3,25.45,53.0,1347.0,0.5929,0.0596,44.0,1.0,0.0,-1.0,0.0,5739.0,1.0,6.0,0.0,5.0,4.0,19.28,1.55,0.0
2019/03/19,25.35,25.7,25.35,25.7,41.0,1049.0,0.9823,0.0461,40.0,1.0,0.0,0.0,1.0,5740.0,10.0,7.0,1.0,4.0,0.0,19.47,1.56,0.0
2019/03/20,25.7,25.75,25.4,25.55,28.0,718.0,-0.5837,0.0315,30.0,5.0,0.0,0.0,5.0,5732.0,4.0,12.0,0.0,4.0,0.0,19.36,1.55,0.0
2019/03/21,25.5,25.5,25.35,25.4,29.0,737.0,-0.5871,0.0326,54.0,-2.0,0.0,0.0,-2.0,5733.0,3.0,2.0,3.0,1.0,0.0,19.24,1.54,0.0
2019/03/22,25.9,25.9,25.4,25.6,49.0,1252.0,0.7874,0.0551,38.0,4.0,0.0,0.0,4.0,5736.0,3.0,0.0,0.0,1.0,0.0,19.39,1.56,0.0
2019/03/25,25.6,25.6,25.25,25.25,79.0,2000.0,-1.3672,0.0889,35.0,-3.0,0.0,0.0,-3.0,5685.0,5.0,56.0,1.0,0.0,0.0,19.13,1.53,0.0
2019/03/26,26.2,26.4,25.45,25.5,23.0,593.0,0.9901,0.0259,34.0,-1.0,0.0,0.0,-1.0,5691.0,7.0,1.0,0.0,0.0,0.0,19.32,1.55,0.0
2019/03/27,25.7,25.85,25.45,25.6,67.0,1714.0,0.3922,0.0754,38.0,3.0,0.0,0.0,3.0,5718.0,28.0,1.0,0.0,0.0,0.0,19.39,1.56,0.0
2019/03/28,25.9,27.3,25.8,26.6,723.0,19368.0,3.9063,0.8132,470.0,4.0,0.0,0.0,4.0,5755.0,81.0,44.0,0.0,0.0,0.0,14.94,1.59,5.64
2019/03/29,26.45,27.0,26.45,26.8,245.0,6551.0,0.7519,0.2756,133.0,-9.0,0.0,0.0,-9.0,5758.0,22.0,19.0,0.0,1.0,1.0,15.06,1.6,5.6
2019/04/01,26.9,26.9,26.4,26.55,189.0,5039.0,-0.9328,0.2126,84.0,-4.0,0.0,0.0,-4.0,5763.0,33.0,28.0,0.0,1.0,0.0,14.92,1.58,5.65
2019/04/02,26.4,26.55,26.3,26.45,111.0,2931.0,-0.3766,0.1248,52.0,4.0,0.0,0.0,4.0,5755.0,6.0,14.0,1.0,0.0,0.0,14.86,1.58,5.67
2019/04/03,26.3,26.7,26.3,26.65,95.0,2519.0,0.7561,0.1068,54.0,0.0,0.0,0.0,0.0,5769.0,16.0,2.0,0.0,0.0,0.0,14.97,1.59,5.63
2019/04/08,26.9,26.9,26.6,26.65,194.0,5197.0,0.0,0.2182,85.0,-1.0,0.0,0.0,-1.0,5778.0,26.0,17.0,0.0,0.0,0.0,14.97,1.59,5.63
2019/04/09,26.65,29.0,26.65,27.7,1150.0,32145.0,3.94,1.2934,600.0,0.0,0.0,0.0,0.0,5839.0,196.0,135.0,0.0,0.0,0.0,15.56,1.65,5.42
2019/04/10,28.1,28.3,27.3,27.75,383.0,10686.0,0.1805,0.4308,162.0,-4.0,0.0,0.0,-4.0,5815.0,39.0,63.0,0.0,0.0,0.0,15.59,1.65,5.41
2019/04/11,28.4,28.8,27.75,28.1,453.0,12814.0,1.2613,0.5095,213.0,1.0,0.0,0.0,1.0,5785.0,12.0,42.0,0.0,0.0,0.0,15.79,1.68,5.34
2019/04/12,28.1,28.1,27.55,27.7,151.0,4195.0,-1.4235,0.1698,95.0,-4.0,0.0,0.0,-4.0,5714.0,12.0,83.0,0.0,0.0,0.0,15.56,1.65,5.42
2019/04/15,27.65,28.5,27.65,28.1,147.0,4124.0,1.444,0.1653,87.0,10.0,0.0,5.0,15.0,5722.0,18.0,10.0,0.0,0.0,0.0,15.79,1.68,5.34
2019/04/16,27.8,28.4,27.8,27.95,127.0,3578.0,-0.5338,0.1428,77.0,-6.0,0.0,2.0,-4.0,5733.0,23.0,12.0,0.0,0.0,0.0,15.7,1.67,5.37
2019/04/17,27.95,28.0,27.85,27.9,83.0,2317.0,-0.1789,0.0934,55.0,12.0,0.0,0.0,12.0,5735.0,16.0,14.0,0.0,0.0,0.0,15.67,1.66,5.38
2019/04/18,27.9,27.9,27.6,27.6,138.0,3844.0,-1.0753,0.1552,63.0,-23.0,0.0,0.0,-23.0,5741.0,6.0,0.0,0.0,0.0,0.0,15.51,1.65,5.43
2019/04/19,27.7,27.75,27.35,27.55,90.0,2480.0,-0.1812,0.1012,64.0,0.0,0.0,0.0,0.0,5733.0,21.0,29.0,0.0,0.0,0.0,15.48,1.64,5.44
2019/04/22,27.55,27.6,27.35,27.5,110.0,3039.0,-0.1815,0.1237,113.0,-1.0,0.0,-1.0,-2.0,5705.0,7.0,35.0,0.0,0.0,0.0,15.45,1.64,5.45
2019/04/23,27.5,27.5,27.15,27.2,87.0,2376.0,-1.0909,0.0979,71.0,0.0,0.0,0.0,0.0,5667.0,3.0,41.0,0.0,0.0,0.0,15.28,1.62,5.51
2019/04/24,27.35,27.35,27.0,27.15,90.0,2440.0,-0.1838,0.1012,55.0,-3.0,0.0,0.0,-3.0,5671.0,6.0,2.0,0.0,0.0,0.0,15.25,1.62,5.52
2019/04/25,27.0,27.3,26.85,27.3,56.0,1517.0,0.5525,0.063,36.0,10.0,0.0,0.0,10.0,5662.0,3.0,12.0,0.0,0.0,0.0,15.34,1.63,5.49
2019/04/26,27.5,27.5,27.05,27.15,36.0,981.0,-0.5495,0.0405,30.0,0.0,0.0,0.0,0.0,5658.0,9.0,10.0,0.0,0.0,0.0,15.25,1.62,5.52
2019/04/29,27.15,27.25,26.8,27.0,63.0,1702.0,-0.5525,0.0709,44.0,-1.0,0.0,0.0,-1.0,5656.0,5.0,7.0,0.0,0.0,0.0,15.17,1.61,5.56
2019/04/30,27.0,27.0,26.75,26.9,34.0,915.0,-0.3704,0.0382,25.0,3.0,0.0,0.0,3.0,5642.0,8.0,12.0,0.0,0.0,0.0,15.11,1.6,5.58
2019/05/02,26.9,27.15,26.9,27.0,73.0,1971.0,0.3717,0.0821,37.0,-1.0,0.0,0.0,-1.0,5642.0,4.0,1.0,0.0,0.0,0.0,15.17,1.61,5.56
2019/05/03,27.15,27.15,26.95,26.95,37.0,1000.0,-0.1852,0.0416,26.0,1.0,0.0,0.0,1.0,5648.0,6.0,0.0,0.0,0.0,0.0,15.14,1.61,5.57
2019/05/06,27.0,27.0,26.7,26.85,46.0,1236.0,-0.3711,0.0517,31.0,-3.0,0.0,0.0,-3.0,5649.0,2.0,1.0,0.0,0.0,0.0,15.08,1.6,5.59
2019/05/07,26.85,27.0,26.8,26.9,30.0,816.0,0.1862,0.0337,23.0,-2.0,0.0,0.0,-2.0,5652.0,3.0,0.0,0.0,0.0,0.0,15.11,1.6,5.58
2019/05/08,26.9,26.9,26.85,26.85,30.0,807.0,-0.1859,0.0337,19.0,0.0,0.0,0.0,0.0,5652.0,0.0,0.0,0.0,0.0,0.0,15.08,1.6,5.59
2019/05/09,26.85,26.85,26.6,26.6,21.0,561.0,-0.9311,0.0236,20.0,-3.0,0.0,0.0,-3.0,5649.0,0.0,3.0,0.0,0.0,0.0,14.94,1.59,5.64
2019/05/10,26.6,26.9,26.55,26.55,42.0,1121.0,-0.188,0.0472,25.0,0.0,0.0,1.0,1.0,5657.0,17.0,9.0,0.0,0.0,0.0,14.92,1.58,5.65
2019/05/13,26.25,26.5,25.75,26.0,44.0,1145.0,-2.0716,0.0495,29.0,-6.0,0.0,3.0,-3.0,5670.0,19.0,6.0,0.0,0.0,0.0,14.61,1.55,5.77
2019/05/14,26.0,26.2,25.6,26.0,44.0,1142.0,0.0,0.0495,24.0,-3.0,0.0,3.0,0.0,5672.0,3.0,1.0,0.0,0.0,0.0,11.87,1.5,5.77
2019/05/15,26.3,26.6,26.3,26.5,86.0,2282.0,1.9231,0.0967,39.0,3.0,0.0,-4.0,-1.0,5678.0,20.0,14.0,0.0,0.0,0.0,12.1,1.53,5.66
2019/05/16,26.5,26.5,26.3,26.3,15.0,397.0,-0.7547,0.0169,11.0,0.0,0.0,0.0,0.0,5676.0,0.0,2.0,0.0,0.0,0.0,12.01,1.52,5.7
2019/05/17,26.3,26.65,26.0,26.5,63.0,1671.0,0.7605,0.0709,41.0,0.0,0.0,0.0,0.0,5685.0,11.0,2.0,0.0,0.0,0.0,12.1,1.53,5.66
2019/05/20,26.3,26.3,26.1,26.25,29.0,760.0,-0.9434,0.0326,22.0,0.0,0.0,3.0,3.0,5696.0,14.0,3.0,0.0,0.0,0.0,11.99,1.51,5.71
2019/05/21,26.5,26.5,26.05,26.35,29.0,761.0,0.381,0.0326,19.0,8.0,0.0,1.0,9.0,5697.0,9.0,2.0,0.0,0.0,0.0,12.03,1.52,5.69
2019/05/22,26.55,26.55,26.15,26.35,22.0,583.0,0.0,0.0247,15.0,0.0,0.0,0.0,0.0,5690.0,3.0,0.0,0.0,0.0,0.0,12.03,1.52,5.69
2019/05/23,26.1,26.2,25.8,25.9,44.0,1144.0,-1.7078,0.0495,26.0,0.0,0.0,0.0,0.0,5666.0,4.0,28.0,0.0,0.0,0.0,11.83,1.49,5.79
2019/05/24,25.75,26.15,25.7,26.0,22.0,571.0,0.3861,0.0247,18.0,0.0,0.0,0.0,0.0,5666.0,1.0,1.0,0.0,0.0,0.0,11.87,1.5,5.77
2019/05/27,26.0,26.3,25.9,26.0,39.0,1015.0,0.0,0.0439,26.0,15.0,0.0,0.0,15.0,5655.0,0.0,11.0,0.0,0.0,0.0,11.87,1.5,5.77
2019/05/28,26.45,26.5,26.05,26.1,31.0,815.0,0.3846,0.0349,19.0,3.0,0.0,0.0,3.0,5655.0,0.0,0.0,0.0,0.0,0.0,11.92,1.51,5.75
2019/05/29,26.3,26.4,26.3,26.4,48.0,1264.0,1.1494,0.054,26.0,8.0,0.0,0.0,8.0,5664.0,9.0,0.0,0.0,0.0,0.0,12.05,1.52,5.68
2019/05/30,26.2,26.3,26.1,26.3,16.0,419.0,-0.3788,0.018,17.0,0.0,0.0,0.0,0.0,5669.0,5.0,0.0,0.0,0.0,0.0,12.01,1.52,5.7
2019/05/31,26.3,26.3,26.3,26.3,1.0,28.0,0.0,0.0011,3.0,0.0,0.0,0.0,0.0,5669.0,0.0,0.0,0.0,0.0,0.0,12.01,1.52,5.7
2019/06/03,26.4,26.4,26.15,26.15,34.0,892.0,-0.5703,0.0382,16.0,1.0,0.0,0.0,1.0,5674.0,5.0,0.0,0.0,0.0,0.0,11.94,1.51,5.74
2019/06/04,26.15,26.3,26.05,26.05,35.0,913.0,-0.3824,0.0394,22.0,1.0,0.0,-1.0,0.0,5672.0,0.0,2.0,0.0,0.0,0.0,11.89,1.5,5.76
2019/06/05,26.25,26.25,26.0,26.2,31.0,808.0,0.5758,0.0349,19.0,0.0,0.0,0.0,0.0,5669.0,6.0,0.0,0.0,0.0,0.0,11.96,1.51,5.73
2019/06/06,26.1,26.1,25.85,25.95,48.0,1245.0,-0.9542,0.054,25.0,0.0,0.0,-1.0,-1.0,5668.0,0.0,1.0,0.0,0.0,0.0,11.85,1.5,5.78
2019/06/10,25.85,26.3,25.75,25.85,52.0,1353.0,-0.3854,0.0585,17.0,0.0,0.0,0.0,0.0,5667.0,1.0,2.0,0.0,0.0,0.0,11.8,1.49,5.8
2019/06/11,25.85,25.95,25.8,25.9,38.0,982.0,0.1934,0.0427,24.0,0.0,0.0,0.0,0.0,5668.0,5.0,4.0,0.0,0.0,0.0,11.83,1.49,5.79
2019/06/12,25.8,26.1,25.8,26.0,45.0,1185.0,0.3861,0.0506,23.0,0.0,0.0,0.0,0.0,5674.0,11.0,5.0,0.0,0.0,0.0,11.87,1.5,5.77
2019/06/13,26.15,26.15,26.0,26.0,13.0,344.0,0.0,0.0146,11.0,0.0,0.0,0.0,0.0,5671.0,7.0,10.0,0.0,0.0,0.0,11.87,1.5,5.77
2019/06/14,26.0,26.15,26.0,26.1,25.0,652.0,0.3846,0.0281,18.0,11.0,0.0,-1.0,10.0,5671.0,0.0,0.0,0.0,0.0,0.0,11.92,1.51,5.75
2019/06/17,26.05,26.05,25.95,25.95,56.0,1455.0,-0.5747,0.063,24.0,0.0,0.0,0.0,0.0,5677.0,12.0,6.0,0.0,0.0,0.0,11.85,1.5,5.78
2019/06/18,25.85,26.0,25.8,26.0,51.0,1332.0,0.1927,0.0574,28.0,0.0,0.0,0.0,0.0,5686.0,10.0,1.0,0.0,0.0,0.0,11.87,1.5,5.77
2019/06/19,26.0,26.25,26.0,26.2,77.0,2009.0,0.7692,0.0866,28.0,5.0,0.0,0.0,5.0,5697.0,12.0,1.0,0.0,0.0,0.0,11.96,1.51,5.73
2019/06/20,26.35,26.35,25.9,26.1,69.0,1798.0,-0.3817,0.0776,38.0,1.0,0.0,4.0,5.0,5706.0,13.0,4.0,0.0,0.0,0.0,11.92,1.51,5.75
2019/06/21,26.1,26.3,26.1,26.2,41.0,1079.0,0.3831,0.0461,36.0,10.0,0.0,0.0,10.0,5703.0,7.0,10.0,0.0,0.0,0.0,11.96,1.51,5.73
2019/06/24,26.3,26.3,26.2,26.3,55.0,1442.0,0.3817,0.0619,37.0,18.0,0.0,0.0,18.0,5705.0,8.0,6.0,0.0,0.0,0.0,12.01,1.52,5.7
2019/06/25,26.4,27.0,26.4,27.0,225.0,6015.0,2.6616,0.2531,123.0,2.0,0.0,0.0,2.0,5719.0,50.0,36.0,0.0,0.0,0.0,12.33,1.56,5.56
2019/06/26,27.3,27.85,27.1,27.65,518.0,14284.0,2.4074,0.5826,258.0,0.0,0.0,-4.0,-4.0,5789.0,119.0,49.0,0.0,0.0,0.0,12.63,1.59,5.42
2019/06/27,27.85,27.85,27.1,27.35,134.0,3668.0,-1.085,0.1507,78.0,-1.0,0.0,0.0,-1.0,5780.0,22.0,31.0,0.0,0.0,0.0,12.49,1.58,5.48
2019/06/28,27.2,28.25,27.1,27.95,224.0,6188.0,2.1938,0.2519,122.0,6.0,0.0,0.0,6.0,5827.0,98.0,51.0,0.0,0.0,0.0,12.76,1.61,5.37
2019/07/01,28.15,28.3,27.95,28.0,227.0,6374.0,0.1789,0.2553,133.0,-2.0,0.0,0.0,-2.0,5870.0,85.0,42.0,0.0,0.0,0.0,12.79,1.61,5.36
2019/07/02,28.05,29.45,28.05,28.4,615.0,17624.0,1.4286,0.6917,283.0,10.0,0.0,0.0,10.0,5903.0,101.0,68.0,0.0,0.0,0.0,12.97,1.64,5.28
2019/07/03,28.45,28.85,28.3,28.3,226.0,6454.0,-0.3521,0.2542,151.0,1.0,0.0,0.0,1.0,5885.0,18.0,36.0,0.0,0.0,0.0,12.92,1.63,5.3
2019/07/04,28.3,28.55,28.0,28.2,126.0,3557.0,-0.3534,0.1417,73.0,6.0,0.0,0.0,6.0,5867.0,12.0,30.0,0.0,0.0,0.0,12.88,1.63,5.32
2019/07/05,28.3,29.2,28.25,29.15,615.0,17711.0,3.3688,0.6917,258.0,13.0,0.0,0.0,13.0,5973.0,208.0,102.0,0.0,0.0,0.0,13.31,1.68,5.15
2019/07/08,29.5,29.65,29.0,29.6,534.0,15657.0,1.5437,0.6006,239.0,-4.0,0.0,0.0,-4.0,5989.0,187.0,171.0,0.0,0.0,0.0,13.52,1.71,5.07
2019/07/09,29.7,29.9,29.1,29.3,292.0,8654.0,-1.0135,0.3284,194.0,0.0,0.0,0.0,0.0,6007.0,119.0,101.0,0.0,0.0,0.0,13.38,1.69,5.12
2019/07/10,29.2,29.25,28.5,29.15,412.0,11943.0,-0.5119,0.4634,180.0,-4.0,0.0,0.0,-4.0,6020.0,122.0,109.0,0.0,1.0,1.0,13.31,1.68,5.15
2019/07/11,29.15,29.15,28.75,29.1,75.0,2173.0,-0.1715,0.0844,48.0,0.0,0.0,0.0,0.0,6033.0,28.0,15.0,0.0,1.0,0.0,13.29,1.68,5.15
2019/07/12,28.9,29.05,28.8,29.0,116.0,3383.0,-0.3436,0.1305,60.0,0.0,0.0,0.0,0.0,6016.0,32.0,49.0,0.0,1.0,0.0,13.24,1.67,5.17
2019/07/15,29.0,29.0,28.45,28.6,180.0,5152.0,-1.3793,0.2024,122.0,2.0,0.0,-1.0,1.0,5994.0,45.0,67.0,1.0,0.0,0.0,13.06,1.65,5.24
2019/07/16,28.6,28.75,27.8,27.8,440.0,12374.0,-2.7972,0.4949,244.0,3.0,0.0,0.0,3.0,5826.0,113.0,281.0,0.0,0.0,0.0,12.69,1.6,5.4
2019/07/17,27.8,28.35,27.8,28.25,159.0,4476.0,1.6187,0.1788,110.0,20.0,0.0,0.0,20.0,5799.0,17.0,41.0,0.0,0.0,0.0,12.9,1.63,5.31
2019/07/18,28.3,28.7,28.3,28.45,259.0,7400.0,0.708,0.2913,150.0,2.0,0.0,0.0,2.0,5739.0,26.0,86.0,0.0,0.0,0.0,12.99,1.64,5.27
2019/07/19,28.55,28.7,28.35,28.4,482.0,13754.0,-0.1757,0.5421,230.0,1.0,0.0,1.0,2.0,5708.0,25.0,56.0,0.0,0.0,0.0,12.97,1.64,5.28
2019/07/22,27.05,27.75,27.0,27.5,326.0,8944.0,2.1127,0.3667,216.0,-1.0,0.0,-2.0,-3.0,5720.0,75.0,63.0,0.0,1.0,1.0,12.56,1.59,5.45
2019/07/23,27.5,27.5,27.25,27.25,100.0,2762.0,-0.9091,0.1125,66.0,-12.0,0.0,0.0,-12.0,5726.0,18.0,11.0,0.0,1.0,0.0,12.44,1.57,5.5
2019/07/24,27.2,27.5,27.2,27.3,55.0,1513.0,0.1835,0.0619,50.0,-14.0,0.0,0.0,-14.0,5727.0,9.0,8.0,0.0,1.0,0.0,12.47,1.57,5.49
2019/07/25,27.25,27.25,27.1,27.2,94.0,2568.0,-0.3663,0.1057,52.0,-4.0,0.0,-1.0,-5.0,5733.0,19.0,13.0,0.0,1.0,0.0,12.42,1.57,5.51
2019/07/26,27.2,27.25,27.1,27.2,81.0,2209.0,0.0,0.0911,36.0,-4.0,0.0,0.0,-4.0,5786.0,57.0,4.0,0.0,1.0,0.0,12.42,1.57,5.51
2019/07/29,27.85,27.95,27.4,27.9,266.0,7399.0,2.5735,0.2991,150.0,6.0,0.0,0.0,6.0,5753.0,23.0,56.0,0.0,1.0,0.0,12.74,1.61,5.38
2019/07/30,28.0,28.0,27.4,27.4,144.0,3972.0,-1.7921,0.1619,86.0,-9.0,0.0,0.0,-9.0,5758.0,11.0,6.0,0.0,1.0,0.0,12.51,1.58,5.47
2019/07/31,27.5,27.5,27.25,27.25,75.0,2060.0,-0.5474,0.0843,54.0,0.0,0.0,0.0,0.0,5744.0,1.0,15.0,0.0,1.0,0.0,12.44,1.57,5.5
2019/08/01,27.1,27.35,27.1,27.25,40.0,1088.0,0.0,0.045,34.0,-1.0,0.0,0.0,-1.0,5738.0,3.0,9.0,0.0,1.0,0.0,12.44,1.57,5.5
2019/08/02,27.05,27.05,26.8,26.95,58.0,1564.0,-1.1009,0.0652,47.0,-1.0,0.0,0.0,-1.0,5734.0,12.0,7.0,0.0,1.0,0.0,12.31,1.55,5.57
2019/08/05,26.95,26.95,26.35,26.85,138.0,3688.0,-0.3711,0.1552,83.0,-16.0,0.0,0.0,-16.0,5709.0,7.0,32.0,0.0,1.0,0.0,12.26,1.55,5.59
2019/08/06,26.25,26.65,26.2,26.65,58.0,1536.0,-0.7449,0.0652,32.0,1.0,0.0,0.0,1.0,5703.0,2.0,8.0,0.0,1.0,0.0,12.17,1.54,5.63
2019/08/07,27.0,27.0,26.5,26.6,44.0,1187.0,-0.1876,0.0495,23.0,-1.0,0.0,1.0,0.0,5694.0,6.0,15.0,0.0,1.0,0.0,12.15,1.53,5.64
2019/08/08,26.6,26.75,26.2,26.5,103.0,2733.0,-0.3759,0.1158,58.0,0.0,0.0,0.0,0.0,5708.0,21.0,7.0,0.0,1.0,0.0,12.1,1.53,5.66
2019/08/12,26.05,26.45,26.05,26.4,104.0,2729.0,-0.3774,0.117,51.0,-2.0,0.0,0.0,-2.0,5726.0,22.0,4.0,0.0,1.0,0.0,12.05,1.52,5.68
2019/08/13,26.4,26.4,26.1,26.2,39.0,1020.0,-0.7576,0.0439,15.0,-1.0,0.0,0.0,-1.0,5732.0,6.0,0.0,0.0,1.0,0.0,22.02,1.66,5.73
2019/08/14,26.25,26.3,26.1,26.1,63.0,1650.0,-0.3817,0.0708,35.0,-4.0,0.0,0.0,-4.0,5735.0,3.0,0.0,0.0,1.0,0.0,21.93,1.65,5.75
2019/08/15,25.65,26.0,25.65,25.8,72.0,1880.0,-1.1494,0.081,34.0,1.0,0.0,0.0,1.0,5732.0,7.0,10.0,0.0,1.0,0.0,21.68,1.63,5.81
2019/08/16,25.6,25.95,25.6,25.75,35.0,921.0,-0.1938,0.0394,32.0,-2.0,0.0,1.0,-1.0,5723.0,3.0,12.0,0.0,1.0,0.0,21.64,1.63,5.83
2019/08/19,25.7,26.15,25.7,26.1,56.0,1455.0,1.3592,0.063,34.0,-9.0,0.0,0.0,-9.0,5746.0,25.0,2.0,1.0,0.0,0.0,21.93,1.65,5.75
2019/08/20,26.1,26.1,25.95,26.0,40.0,1041.0,-0.3831,0.045,30.0,0.0,0.0,0.0,0.0,5749.0,4.0,1.0,0.0,0.0,0.0,21.85,1.65,5.77
2019/08/21,26.0,26.0,25.95,26.0,17.0,444.0,0.0,0.0191,17.0,6.0,0.0,0.0,6.0,5752.0,3.0,0.0,0.0,0.0,0.0,21.85,1.65,5.77
2019/08/22,26.0,26.05,25.9,26.05,82.0,2132.0,0.1923,0.0922,37.0,15.0,0.0,0.0,15.0,5769.0,17.0,0.0,0.0,0.0,0.0,21.89,1.65,5.76
2019/08/23,26.05,26.05,26.0,26.05,28.0,728.0,0.0,0.0315,18.0,-3.0,0.0,0.0,-3.0,5774.0,6.0,1.0,0.0,0.0,0.0,21.89,1.65,5.76
2019/08/26,26.0,26.0,25.6,25.8,87.0,2234.0,-0.9597,0.0978,36.0,-4.0,0.0,0.0,-4.0,5786.0,42.0,30.0,0.0,0.0,0.0,21.68,1.63,5.81
2019/08/27,25.8,25.95,25.65,25.8,40.0,1038.0,0.0,0.045,25.0,-1.0,0.0,0.0,-1.0,5790.0,9.0,5.0,0.0,0.0,0.0,21.68,1.63,5.81
2019/08/28,25.65,25.8,25.25,25.6,149.0,3807.0,-0.7752,0.1676,90.0,3.0,0.0,0.0,3.0,5821.0,33.0,2.0,0.0,0.0,0.0,21.51,1.62,5.86
2019/08/29,25.55,25.6,25.5,25.6,24.0,632.0,0.0,0.027,20.0,-3.0,0.0,0.0,-3.0,5825.0,4.0,0.0,0.0,0.0,0.0,21.51,1.62,5.86
2019/08/30,26.1,26.1,25.95,26.0,78.0,2031.0,1.5625,0.0877,39.0,10.0,0.0,0.0,10.0,5862.0,43.0,6.0,0.0,0.0,0.0,21.85,1.65,5.77
2019/09/02,26.05,26.05,25.5,25.9,176.0,4520.0,-0.3846,0.1979,112.0,4.0,0.0,0.0,4.0,5868.0,8.0,2.0,0.0,0.0,0.0,21.76,1.64,5.79
2019/09/03,25.65,25.75,25.6,25.7,47.0,1212.0,-0.7722,0.0529,29.0,-1.0,0.0,0.0,-1.0,5870.0,12.0,10.0,0.0,0.0,0.0,21.6,1.63,5.84
2019/09/04,25.7,25.9,25.7,25.9,87.0,2242.0,0.7782,0.0978,51.0,5.0,0.0,0.0,5.0,5884.0,28.0,11.0,0.0,0.0,0.0,21.76,1.64,5.79
2019/09/05,26.45,26.45,25.55,25.9,68.0,1758.0,0.0,0.0765,46.0,-1.0,0.0,0.0,-1.0,5892.0,14.0,6.0,0.0,0.0,0.0,21.76,1.64,5.79
2019/09/06,25.9,26.2,25.85,26.2,119.0,3096.0,1.1583,0.1338,49.0,0.0,0.0,0.0,0.0,5892.0,16.0,16.0,0.0,0.0,0.0,22.02,1.66,5.73
2019/09/09,26.4,26.4,25.7,26.0,43.0,1121.0,-0.7634,0.0484,30.0,0.0,0.0,0.0,0.0,5891.0,5.0,6.0,0.0,0.0,0.0,21.85,1.65,5.77
2019/09/10,25.9,25.95,25.85,25.95,25.0,650.0,-0.1923,0.0281,20.0,-7.0,0.0,0.0,-7.0,5891.0,0.0,0.0,0.0,0.0,0.0,21.81,1.64,5.78
2019/09/11,26.0,26.0,25.7,25.7,50.0,1299.0,-0.9634,0.0562,37.0,-5.0,0.0,0.0,-5.0,5887.0,18.0,22.0,0.0,0.0,0.0,21.6,1.63,5.84
2019/09/12,25.85,25.85,25.6,25.75,54.0,1391.0,0.1946,0.0607,37.0,-3.0,0.0,0.0,-3.0,5903.0,17.0,1.0,0.0,0.0,0.0,21.64,1.63,5.83
2019/09/16,25.7,25.9,25.65,25.7,55.0,1415.0,-0.1942,0.0619,13.0,0.0,0.0,0.0,0.0,5902.0,2.0,2.0,0.0,0.0,0.0,21.6,1.63,5.84
2019/09/17,25.7,25.7,25.5,25.5,37.0,948.0,-0.7782,0.0416,30.0,0.0,0.0,0.0,0.0,5897.0,8.0,13.0,0.0,0.0,0.0,21.43,1.61,5.88
2019/09/18,25.55,26.0,25.5,25.9,93.0,2404.0,1.5686,0.1046,63.0,38.0,0.0,0.0,38.0,5917.0,25.0,5.0,0.0,0.0,0.0,21.76,1.64,5.79
2019/09/19,25.75,25.75,25.55,25.75,20.0,521.0,-0.5792,0.0225,16.0,0.0,0.0,0.0,0.0,5926.0,9.0,0.0,0.0,0.0,0.0,21.64,1.63,5.83
2019/09/20,25.8,25.85,25.75,25.8,19.0,489.0,0.1942,0.0214,14.0,-2.0,0.0,0.0,-2.0,5922.0,2.0,6.0,0.0,0.0,0.0,21.68,1.63,5.81
2019/09/23,25.7,25.7,25.45,25.6,45.0,1148.0,-0.7752,0.0506,36.0,-6.0,0.0,-1.0,-7.0,5937.0,16.0,1.0,0.0,0.0,0.0,21.51,1.62,5.86
2019/09/24,25.55,25.7,25.5,25.7,16.0,408.0,0.3906,0.018,14.0,0.0,0.0,-3.0,-3.0,5936.0,4.0,0.0,0.0,0.0,0.0,21.6,1.63,5.84
2019/09/25,25.7,25.7,25.5,25.5,13.0,332.0,-0.7782,0.0146,12.0,0.0,0.0,0.0,0.0,5927.0,1.0,5.0,0.0,0.0,0.0,21.43,1.61,5.88
2019/09/26,25.5,25.6,25.5,25.5,32.0,819.0,0.0,0.036,21.0,0.0,0.0,0.0,0.0,5926.0,6.0,6.0,0.0,0.0,0.0,21.43,1.61,5.88
2019/09/27,25.5,25.6,25.3,25.35,31.0,788.0,-0.5882,0.0349,36.0,-15.0,0.0,0.0,-15.0,5933.0,10.0,3.0,0.0,0.0,0.0,21.3,1.6,5.92
2019/10/01,25.65,25.65,25.4,25.55,16.0,408.0,0.789,0.018,15.0,8.0,0.0,0.0,8.0,5792.0,1.0,4.0,0.0,0.0,0.0,21.47,1.62,5.87
2019/10/02,25.4,25.5,25.4,25.45,15.0,381.0,-0.3914,0.0169,12.0,2.0,0.0,0.0,2.0,5490.0,0.0,4.0,0.0,0.0,0.0,21.39,1.61,5.89
2019/10/03,25.2,25.45,25.2,25.45,21.0,532.0,0.0,0.0236,18.0,3.0,0.0,0.0,3.0,5368.0,9.0,4.0,0.0,0.0,0.0,21.39,1.61,5.89
2019/10/04,25.35,25.45,25.3,25.45,12.0,306.0,0.0,0.0135,14.0,0.0,0.0,0.0,0.0,5250.0,2.0,0.0,0.0,0.0,0.0,21.39,1.61,5.89
2019/10/07,25.45,25.45,25.3,25.45,37.0,939.0,0.0,0.0416,21.0,0.0,0.0,0.0,0.0,5236.0,6.0,20.0,0.0,0.0,0.0,21.39,1.61,5.89
2019/10/08,25.4,25.4,25.2,25.35,47.0,1187.0,-0.3929,0.0528,31.0,0.0,0.0,0.0,0.0,4380.0,15.0,20.0,0.0,0.0,0.0,21.3,1.6,5.92
2019/10/09,25.3,25.35,25.15,25.35,69.0,1747.0,0.0,0.0776,26.0,1.0,0.0,0.0,1.0,3750.0,49.0,49.0,0.0,0.0,0.0,21.3,1.6,5.92
2019/10/14,25.35,25.45,25.25,25.25,57.0,1443.0,-0.3945,0.0641,30.0,0.0,0.0,0.0,0.0,3739.0,6.0,17.0,0.0,0.0,0.0,21.22,1.6,5.94
2019/10/15,25.25,25.25,24.6,25.0,41.0,1026.0,-0.9901,0.0461,31.0,0.0,0.0,-1.0,-1.0,3740.0,4.0,3.0,0.0,0.0,0.0,21.01,1.58,6.0
2019/10/16,25.5,25.5,25.1,25.15,20.0,505.0,0.6,0.0225,20.0,8.0,0.0,0.0,8.0,3731.0,0.0,9.0,0.0,0.0,0.0,21.13,1.59,5.96
2019/10/17,25.5,25.5,25.2,25.45,10.0,256.0,1.1928,0.0112,10.0,0.0,0.0,0.0,0.0,3727.0,1.0,5.0,0.0,0.0,0.0,21.39,1.61,5.89
2019/10/18,26.0,26.0,25.3,25.45,43.0,1098.0,0.0,0.0484,30.0,10.0,0.0,-1.0,9.0,3747.0,23.0,3.0,0.0,0.0,0.0,21.39,1.61,5.89
2019/10/21,25.5,25.5,25.05,25.35,18.0,455.0,-0.3929,0.0202,16.0,0.0,0.0,1.0,1.0,3752.0,5.0,0.0,0.0,0.0,0.0,21.3,1.6,5.92
2019/10/22,25.35,25.35,25.1,25.2,45.0,1133.0,-0.5917,0.0506,27.0,12.0,0.0,0.0,12.0,3760.0,8.0,0.0,0.0,0.0,0.0,21.18,1.59,5.95
2019/10/23,25.2,25.35,24.9,24.9,85.0,2133.0,-1.1905,0.0956,53.0,1.0,0.0,0.0,1.0,3761.0,24.0,23.0,0.0,0.0,0.0,20.92,1.58,6.02
2019/10/24,25.3,25.35,25.15,25.3,31.0,784.0,1.6064,0.0349,22.0,0.0,0.0,-1.0,-1.0,3755.0,2.0,8.0,0.0,0.0,0.0,21.26,1.6,5.93
2019/10/25,25.1,25.15,25.0,25.05,42.0,1052.0,-0.9881,0.0472,26.0,0.0,0.0,0.0,0.0,2939.0,14.0,5.0,0.0,0.0,0.0,21.05,1.59,5.99
2019/10/28,25.0,25.0,24.8,24.9,36.0,902.0,-0.5988,0.0405,22.0,0.0,0.0,0.0,0.0,2935.0,0.0,4.0,0.0,0.0,0.0,20.92,1.58,6.02
2019/10/29,24.8,25.0,24.65,24.95,78.0,1940.0,0.2008,0.0877,53.0,7.0,0.0,0.0,7.0,2941.0,6.0,0.0,0.0,0.0,0.0,20.97,1.58,6.01
2019/10/30,24.8,25.25,24.8,25.2,57.0,1447.0,1.002,0.0641,42.0,2.0,0.0,0.0,2.0,2963.0,26.0,4.0,0.0,0.0,0.0,21.18,1.59,5.95
2019/10/31,25.2,25.2,24.9,24.95,52.0,1301.0,-0.9921,0.0585,30.0,-4.0,0.0,2.0,-2.0,2987.0,24.0,0.0,0.0,0.0,0.0,20.97,1.58,6.01
2019/11/01,24.9,24.9,24.65,24.8,39.0,965.0,-0.6012,0.0439,33.0,2.0,0.0,0.0,2.0,2989.0,5.0,2.0,0.0,0.0,0.0,20.84,1.57,6.05
2019/11/04,24.8,25.0,24.8,24.8,30.0,747.0,0.0,0.0337,17.0,0.0,0.0,0.0,0.0,2988.0,0.0,1.0,0.0,0.0,0.0,20.84,1.57,6.05
2019/11/05,24.8,24.95,24.8,24.9,65.0,1613.0,0.4032,0.0731,35.0,0.0,0.0,0.0,0.0,2993.0,5.0,0.0,0.0,0.0,0.0,20.92,1.58,6.02
2019/11/06,24.9,24.95,24.75,24.9,36.0,896.0,0.0,0.0405,25.0,0.0,0.0,0.0,0.0,3003.0,10.0,0.0,0.0,0.0,0.0,20.92,1.58,6.02
2019/11/07,24.9,24.9,24.75,24.8,46.0,1142.0,-0.4016,0.0517,36.0,-1.0,0.0,0.0,-1.0,3025.0,23.0,1.0,0.0,0.0,0.0,20.84,1.57,6.05
2019/11/08,24.9,25.1,24.8,25.1,115.0,2874.0,1.2097,0.1293,54.0,-2.0,0.0,0.0,-2.0,3045.0,25.0,0.0,0.0,0.0,0.0,21.09,1.59,5.98
2019/11/11,24.85,24.85,24.25,24.5,114.0,2800.0,-2.3904,0.1282,66.0,0.0,0.0,0.0,0.0,3060.0,32.0,17.0,0.0,0.0,0.0,20.59,1.55,6.12
2019/11/12,24.5,24.5,24.3,24.45,26.0,634.0,-0.2041,0.0292,22.0,0.0,0.0,0.0,0.0,3068.0,8.0,0.0,0.0,0.0,0.0,20.55,1.55,6.13
2019/11/13,24.45,24.45,24.05,24.2,73.0,1768.0,-1.0225,0.0821,40.0,0.0,0.0,0.0,0.0,3052.0,4.0,20.0,0.0,1.0,1.0,24.95,1.54,6.2
2019/11/14,24.2,24.95,24.05,24.2,52.0,1257.0,0.0,0.0585,36.0,1.0,0.0,0.0,1.0,3060.0,8.0,0.0,0.0,1.0,0.0,24.95,1.54,6.2
2019/11/15,24.25,24.25,24.15,24.25,26.0,630.0,0.2066,0.0292,20.0,1.0,0.0,0.0,1.0,3056.0,1.0,0.0,0.0,1.0,0.0,25.0,1.54,6.19
2019/11/18,24.25,24.7,24.0,24.0,91.0,2196.0,-1.0309,0.1023,41.0,1.0,0.0,0.0,1.0,3051.0,46.0,51.0,0.0,1.0,0.0,24.74,1.53,6.25
2019/11/19,24.05,24.3,24.05,24.15,45.0,1091.0,0.625,0.0506,25.0,0.0,0.0,0.0,0.0,3071.0,20.0,0.0,0.0,1.0,0.0,24.9,1.54,6.21
2019/11/20,24.1,24.15,24.0,24.05,64.0,1541.0,-0.4141,0.072,33.0,5.0,0.0,0.0,5.0,3105.0,42.0,8.0,0.0,1.0,0.0,24.79,1.53,6.24
2019/11/21,24.05,24.1,24.0,24.1,144.0,3470.0,0.2079,0.1619,45.0,-9.0,0.0,0.0,-9.0,3096.0,87.0,96.0,0.0,1.0,0.0,24.85,1.54,6.22
2019/11/22,24.15,26.0,24.05,25.35,498.0,12481.0,5.1867,0.56,287.0,0.0,0.0,0.0,0.0,3156.0,138.0,78.0,1.0,10.0,10.0,26.13,1.61,5.92
2019/11/25,25.3,25.75,25.05,25.05,131.0,3324.0,-1.1834,0.1473,95.0,0.0,0.0,0.0,0.0,3133.0,15.0,35.0,0.0,10.0,0.0,25.82,1.6,5.99
2019/11/26,25.05,25.5,25.0,25.1,64.0,1614.0,0.1996,0.072,39.0,0.0,0.0,0.0,0.0,3133.0,17.0,17.0,0.0,10.0,0.0,25.88,1.6,5.98
2019/11/27,25.05,25.25,25.0,25.0,60.0,1508.0,-0.3984,0.0675,37.0,0.0,0.0,0.0,0.0,3135.0,22.0,20.0,0.0,10.0,0.0,25.77,1.59,6.0
2019/11/28,25.0,25.2,25.0,25.1,35.0,879.0,0.4,0.0394,25.0,1.0,0.0,0.0,1.0,3144.0,13.0,4.0,0.0,10.0,0.0,25.88,1.6,5.98
2019/11/29,25.1,25.3,25.0,25.1,70.0,1763.0,0.0,0.0787,38.0,-8.0,0.0,0.0,-8.0,3066.0,16.0,14.0,0.0,10.0,0.0,25.88,1.6,5.98
2019/12/02,24.9,24.9,24.7,24.85,38.0,943.0,-0.996,0.0427,21.0,0.0,0.0,0.0,0.0,2762.0,8.0,14.0,0.0,10.0,0.0,25.62,1.58,6.04
2019/12/03,24.6,24.7,24.5,24.65,24.0,598.0,-0.8048,0.027,23.0,0.0,0.0,0.0,0.0,2754.0,4.0,11.0,0.0,10.0,0.0,25.41,1.57,6.09
2019/12/04,24.65,24.65,24.35,24.65,36.0,884.0,0.0,0.0405,26.0,0.0,0.0,0.0,0.0,2745.0,2.0,11.0,0.0,10.0,0.0,25.41,1.57,6.09
2019/12/05,24.55,25.9,24.4,25.8,940.0,23803.0,4.6653,1.057,269.0,1.0,0.0,0.0,1.0,3287.0,598.0,56.0,0.0,12.0,2.0,26.6,1.64,5.81
2019/12/06,26.05,26.15,25.35,25.35,160.0,4111.0,-1.7442,0.1799,107.0,0.0,0.0,0.0,0.0,3318.0,39.0,8.0,2.0,10.0,0.0,26.13,1.61,5.92
2019/12/09,25.45,25.55,25.3,25.3,127.0,3226.0,-0.1972,0.1428,35.0,3.0,0.0,0.0,3.0,3305.0,90.0,103.0,0.0,10.0,0.0,26.08,1.61,5.93
2019/12/10,25.7,25.7,25.4,25.5,21.0,537.0,0.7905,0.0236,18.0,0.0,0.0,0.0,0.0,3311.0,8.0,0.0,0.0,10.0,0.0,26.29,1.62,5.88
2019/12/11,25.7,25.75,25.15,25.2,53.0,1345.0,-1.1765,0.0596,42.0,-2.0,0.0,0.0,-2.0,3312.0,8.0,7.0,0.0,10.0,0.0,25.98,1.61,5.95
2019/12/12,25.2,25.2,24.85,24.85,86.0,2153.0,-1.3889,0.0967,47.0,1.0,0.0,0.0,1.0,3326.0,47.0,33.0,5.0,5.0,0.0,25.62,1.58,6.04
2019/12/13,25.0,25.2,24.75,24.75,88.0,2192.0,-0.4024,0.0989,55.0,4.0,0.0,0.0,4.0,3318.0,12.0,13.0,0.0,5.0,0.0,25.52,1.58,6.06
2019/12/16,24.7,25.1,24.7,25.1,42.0,1047.0,1.4141,0.0472,38.0,16.0,0.0,0.0,16.0,3318.0,13.0,7.0,0.0,5.0,0.0,25.88,1.6,5.98
2019/12/17,25.7,25.7,24.8,25.0,52.0,1310.0,-0.3984,0.0585,46.0,9.0,0.0,0.0,9.0,3324.0,10.0,4.0,0.0,5.0,0.0,25.77,1.59,6.0
2019/12/18,25.5,26.0,25.25,25.25,576.0,14703.0,1.0,0.6477,180.0,19.0,0.0,1.0,20.0,3636.0,355.0,43.0,5.0,0.0,0.0,26.03,1.61,5.94
2019/12/19,25.25,25.3,25.0,25.1,146.0,3680.0,-0.5941,0.1642,67.0,-7.0,0.0,0.0,-7.0,3594.0,8.0,50.0,0.0,0.0,0.0,25.88,1.6,5.98
2019/12/20,25.1,25.1,25.0,25.0,31.0,792.0,-0.3984,0.0349,21.0,0.0,0.0,0.0,0.0,3587.0,6.0,13.0,0.0,0.0,0.0,25.77,1.59,6.0
2019/12/23,25.0,25.1,24.75,24.75,60.0,1492.0,-1.0,0.0675,40.0,1.0,0.0,0.0,1.0,3582.0,6.0,10.0,0.0,0.0,0.0,25.52,1.58,6.06
2019/12/24,25.0,25.0,24.5,24.55,113.0,2790.0,-0.8081,0.1271,68.0,-1.0,0.0,0.0,-1.0,3578.0,27.0,31.0,0.0,0.0,0.0,25.31,1.56,6.11
2019/12/25,24.6,24.7,24.55,24.65,28.0,691.0,0.4073,0.0315,20.0,0.0,0.0,0.0,0.0,3569.0,4.0,12.0,0.0,0.0,0.0,25.41,1.57,6.09
2019/12/26,24.5,24.6,24.4,24.5,50.0,1228.0,-0.6085,0.0562,28.0,1.0,0.0,0.0,1.0,3569.0,18.0,18.0,0.0,0.0,0.0,25.26,1.56,6.12
2019/12/27,24.45,24.65,24.45,24.55,66.0,1619.0,0.2041,0.0742,30.0,1.0,0.0,1.0,2.0,3574.0,7.0,2.0,0.0,0.0,0.0,25.31,1.56,6.11
2019/12/30,24.6,24.9,24.5,24.5,83.0,2048.0,-0.2037,0.0933,30.0,0.0,0.0,0.0,0.0,3569.0,43.0,48.0,0.0,0.0,0.0,25.26,1.56,6.12
2019/12/31,24.5,24.9,24.5,24.9,50.0,1236.0,1.6327,0.0562,41.0,0.0,0.0,0.0,0.0,3566.0,12.0,15.0,0.0,0.0,0.0,25.67,1.59,6.02
2020/01/02,24.9,25.2,24.9,25.0,87.0,2177.0,0.4016,0.0978,46.0,13.0,0.0,0.0,13.0,3564.0,9.0,11.0,0.0,0.0,0.0,25.77,1.59,6.0
2020/01/03,25.1,25.2,24.7,24.75,60.0,1495.0,-1.0,0.0675,52.0,14.0,0.0,0.0,14.0,3545.0,10.0,29.0,0.0,0.0,0.0,25.52,1.58,6.06
2020/01/06,24.6,24.6,24.5,24.6,33.0,813.0,-0.6061,0.0371,29.0,0.0,0.0,0.0,0.0,3541.0,5.0,9.0,0.0,0.0,0.0,25.36,1.57,6.1
2020/01/07,24.65,24.65,24.4,24.6,41.0,1006.0,0.0,0.0461,28.0,5.0,0.0,0.0,5.0,3543.0,3.0,1.0,0.0,0.0,0.0,25.36,1.57,6.1
2020/01/08,24.4,24.4,24.05,24.1,45.0,1087.0,-2.0325,0.0506,34.0,1.0,0.0,0.0,1.0,3545.0,9.0,7.0,0.0,0.0,0.0,24.85,1.54,6.22
2020/01/09,24.45,24.45,24.15,24.2,43.0,1042.0,0.4149,0.0484,21.0,0.0,0.0,-1.0,-1.0,3542.0,2.0,5.0,0.0,0.0,0.0,24.95,1.54,6.2
2020/01/10,24.35,24.5,24.3,24.4,53.0,1295.0,0.8264,0.0596,41.0,8.0,0.0,0.0,8.0,3533.0,7.0,16.0,0.0,0.0,0.0,25.15,1.55,6.15
2020/01/13,24.1,24.8,24.1,24.8,182.0,4483.0,1.6393,0.2046,82.0,1.0,0.0,-11.0,-10.0,3632.0,123.0,24.0,0.0,0.0,0.0,25.57,1.58,6.05
2020/01/14,24.8,24.8,24.45,24.55,64.0,1576.0,-1.0081,0.072,37.0,0.0,0.0,11.0,11.0,3625.0,4.0,11.0,0.0,0.0,0.0,25.31,1.56,6.11
2020/01/15,24.45,24.55,24.45,24.55,68.0,1669.0,0.0,0.0765,28.0,0.0,0.0,0.0,0.0,3665.0,43.0,3.0,0.0,0.0,0.0,25.31,1.56,6.11
2020/01/16,24.45,24.5,24.25,24.5,119.0,2909.0,-0.2037,0.1338,52.0,1.0,0.0,-1.0,0.0,3731.0,74.0,8.0,0.0,0.0,0.0,25.26,1.56,6.12
2020/01/17,24.5,24.5,24.3,24.3,130.0,3167.0,-0.8163,0.1462,50.0,-1.0,0.0,0.0,-1.0,3782.0,61.0,9.0,0.0,0.0,0.0,25.05,1.55,6.17
2020/01/20,24.2,24.7,24.2,24.6,87.0,2123.0,1.2346,0.0978,59.0,2.0,0.0,0.0,2.0,3783.0,7.0,6.0,0.0,0.0,0.0,25.36,1.57,6.1
2020/01/30,24.5,25.4,24.5,24.85,307.0,7670.0,1.0163,0.3452,199.0,2.0,0.0,0.0,2.0,3852.0,86.0,17.0,0.0,1.0,1.0,25.62,1.58,6.04
2020/01/31,24.25,24.85,24.25,24.35,73.0,1784.0,-2.0121,0.0821,55.0,-3.0,0.0,0.0,-3.0,3845.0,13.0,15.0,1.0,0.0,0.0,25.1,1.55,6.16
2020/02/03,24.15,24.8,24.0,24.6,222.0,5403.0,1.0267,0.2496,81.0,20.0,0.0,5.0,25.0,3885.0,85.0,45.0,0.0,0.0,0.0,25.36,1.57,6.1
2020/02/04,24.6,24.7,24.4,24.5,56.0,1379.0,-0.4065,0.063,35.0,-5.0,0.0,0.0,-5.0,3901.0,27.0,11.0,0.0,0.0,0.0,25.26,1.56,6.12
2020/02/05,24.7,24.8,24.55,24.6,150.0,3714.0,0.4082,0.1687,88.0,-4.0,0.0,-1.0,-5.0,3904.0,9.0,6.0,0.0,0.0,0.0,25.36,1.57,6.1
2020/02/06,24.65,24.65,24.2,24.3,69.0,1684.0,-1.2195,0.0776,58.0,-7.0,0.0,1.0,-6.0,3905.0,13.0,12.0,0.0,0.0,0.0,25.05,1.55,6.17
2020/02/07,24.3,24.3,24.1,24.2,58.0,1407.0,-0.4115,0.0652,58.0,-20.0,0.0,0.0,-20.0,3907.0,5.0,3.0,0.0,0.0,0.0,24.95,1.54,6.2
2020/02/10,24.2,24.2,24.0,24.0,103.0,2494.0,-0.8264,0.1158,50.0,-6.0,0.0,0.0,-6.0,3949.0,52.0,10.0,0.0,0.0,0.0,24.74,1.53,6.25
2020/02/11,24.0,24.1,23.9,24.05,164.0,3938.0,0.2083,0.1844,71.0,0.0,0.0,0.0,0.0,4025.0,82.0,6.0,0.0,0.0,0.0,24.79,1.53,6.24
2020/02/12,24.05,24.1,23.85,23.85,133.0,3187.0,-0.8316,0.1495,79.0,-1.0,0.0,-3.0,-4.0,4006.0,43.0,62.0,0.0,0.0,0.0,24.59,1.52,6.29
2020/02/13,23.85,23.9,23.75,23.75,64.0,1525.0,-0.4193,0.072,48.0,-15.0,0.0,0.0,-15.0,4010.0,13.0,9.0,0.0,0.0,0.0,24.48,1.51,6.32
2020/02/14,23.75,23.75,23.45,23.7,80.0,1889.0,-0.2105,0.09,56.0,-3.0,0.0,0.0,-3.0,4029.0,21.0,2.0,0.0,0.0,0.0,24.43,1.51,6.33
2020/02/17,23.7,24.3,23.5,23.85,170.0,4049.0,0.6329,0.1912,94.0,0.0,0.0,-3.0,-3.0,4051.0,72.0,50.0,0.0,0.0,0.0,24.59,1.52,6.29
2020/02/18,23.85,23.9,23.7,23.75,16.0,382.0,-0.4193,0.018,13.0,-1.0,0.0,0.0,-1.0,4047.0,0.0,4.0,0.0,0.0,0.0,24.48,1.51,6.32
2020/02/19,23.75,23.85,23.75,23.8,18.0,428.0,0.2105,0.0202,10.0,1.0,0.0,0.0,1.0,4058.0,12.0,1.0,0.0,0.0,0.0,24.54,1.52,6.3
2020/02/20,23.8,24.0,23.5,23.9,82.0,1942.0,0.4202,0.0922,73.0,1.0,0.0,0.0,1.0,4075.0,27.0,10.0,0.0,0.0,0.0,24.64,1.52,6.28
2020/02/21,24.0,24.15,24.0,24.0,38.0,915.0,0.4184,0.0427,35.0,9.0,0.0,0.0,9.0,4071.0,1.0,5.0,0.0,0.0,0.0,24.74,1.53,6.25
2020/02/24,24.0,24.1,23.8,24.05,79.0,1891.0,0.2083,0.0888,43.0,-11.0,0.0,-1.0,-12.0,4084.0,22.0,9.0,0.0,0.0,0.0,24.79,1.53,6.24
2020/02/25,24.05,24.3,24.0,24.3,129.0,3122.0,1.0395,0.1451,60.0,-2.0,0.0,2.0,0.0,3625.0,87.0,26.0,0.0,0.0,0.0,25.05,1.55,6.17
2020/02/26,24.05,24.05,23.8,23.8,57.0,1368.0,-2.0576,0.0641,40.0,0.0,0.0,0.0,0.0,3650.0,30.0,5.0,0.0,0.0,0.0,24.54,1.52,6.3
2020/02/27,23.9,24.0,23.7,24.0,80.0,1908.0,0.8403,0.09,45.0,7.0,0.0,-2.0,5.0,3681.0,32.0,1.0,0.0,0.0,0.0,24.74,1.53,6.25
2020/03/02,24.0,24.2,23.75,24.2,169.0,4075.0,0.8333,0.19,102.0,16.0,0.0,-8.0,8.0,3740.0,80.0,21.0,0.0,0.0,0.0,24.95,1.54,6.2
2020/03/03,24.4,24.4,24.0,24.3,120.0,2906.0,0.4132,0.1349,59.0,-8.0,0.0,11.0,3.0,3799.0,64.0,5.0,0.0,0.0,0.0,25.05,1.55,6.17
2020/03/04,24.25,24.25,24.0,24.0,47.0,1132.0,-1.2346,0.0528,40.0,0.0,0.0,-1.0,-1.0,3808.0,19.0,10.0,0.0,0.0,0.0,24.74,1.53,6.25
2020/03/05,24.0,24.2,23.9,23.9,61.0,1469.0,-0.4167,0.0686,31.0,0.0,0.0,0.0,0.0,3823.0,31.0,16.0,0.0,0.0,0.0,24.64,1.52,6.28
2020/03/06,23.85,26.25,23.85,26.25,323.0,8102.0,9.8326,0.3632,177.0,18.0,0.0,0.0,18.0,3876.0,70.0,17.0,0.0,33.0,33.0,27.06,1.67,5.71
2020/03/09,26.8,26.8,24.3,24.45,965.0,25022.0,-6.8571,1.0851,663.0,-61.0,0.0,-2.0,-63.0,3910.0,151.0,117.0,32.0,1.0,0.0,25.21,1.56,6.13
2020/03/10,26.0,26.0,23.9,24.3,230.0,5670.0,-0.6135,0.2586,191.0,21.0,0.0,1.0,22.0,3897.0,20.0,33.0,1.0,0.0,0.0,25.05,1.55,6.17
2020/03/11,24.0,24.6,24.0,24.0,89.0,2159.0,-1.2346,0.1001,82.0,5.0,0.0,-1.0,4.0,3896.0,12.0,13.0,0.0,0.0,0.0,24.74,1.53,6.25
2020/03/12,23.9,23.9,22.0,22.4,294.0,6682.0,-6.6667,0.3306,123.0,6.0,0.0,-3.0,3.0,3824.0,54.0,126.0,0.0,1.0,1.0,23.09,1.43,6.7
2020/03/13,20.55,22.4,20.2,22.4,941.0,19345.0,0.0,1.0581,269.0,-39.0,0.0,0.0,-39.0,3556.0,406.0,674.0,0.0,27.0,26.0,23.09,1.43,6.7
2020/03/16,22.15,22.2,20.9,21.15,189.0,4062.0,-5.5804,0.2125,111.0,-20.0,0.0,0.0,-20.0,3477.0,24.0,103.0,26.0,1.0,0.0,21.8,1.35,7.09
2020/03/17,21.05,21.05,19.5,20.0,215.0,4266.0,-5.4374,0.2418,118.0,2.0,0.0,1.0,3.0,3445.0,56.0,88.0,0.0,1.0,0.0,20.62,1.27,7.5
2020/03/18,20.0,20.55,19.45,19.45,223.0,4464.0,-2.75,0.2507,107.0,-6.0,0.0,-1.0,-7.0,3407.0,121.0,139.0,0.0,1.0,0.0,20.05,1.24,7.71
2020/03/19,19.45,19.45,17.55,17.55,661.0,11661.0,-9.7686,0.7432,195.0,-8.0,0.0,-1.0,-9.0,3042.0,36.0,401.0,0.0,1.0,0.0,18.09,1.12,8.55
2020/03/20,18.1,18.2,17.75,18.0,264.0,4750.0,2.5641,0.2968,171.0,18.0,0.0,0.0,18.0,3051.0,80.0,66.0,0.0,3.0,2.0,18.56,1.15,8.33
2020/03/23,17.0,17.0,16.2,16.6,387.0,6353.0,-7.7778,0.4352,171.0,-39.0,0.0,0.0,-39.0,3156.0,131.0,26.0,0.0,3.0,0.0,17.11,1.06,9.04
2020/03/24,16.9,17.15,16.7,16.7,909.0,14032.0,0.6024,1.0221,111.0,-22.0,0.0,0.0,-22.0,3163.0,27.0,17.0,0.0,3.0,0.0,17.22,1.06,8.98
2020/03/25,17.25,18.0,17.0,17.8,220.0,3857.0,6.5868,0.2474,100.0,0.0,0.0,0.0,0.0,3219.0,97.0,41.0,1.0,2.0,0.0,18.35,1.13,8.43
2020/03/26,17.85,18.4,17.7,18.2,122.0,2214.0,2.2472,0.1372,58.0,-26.0,0.0,0.0,-26.0,3251.0,37.0,5.0,0.0,3.0,1.0,18.76,1.16,8.24
2020/03/27,18.7,20.0,18.2,20.0,312.0,6021.0,9.8901,0.3508,126.0,2.0,0.0,0.0,2.0,3182.0,5.0,74.0,0.0,16.0,13.0,20.62,1.27,7.5
2020/03/30,19.75,21.0,19.6,20.8,232.0,4749.0,4.0,0.2609,182.0,29.0,0.0,-1.0,28.0,3227.0,70.0,25.0,13.0,3.0,0.0,32.0,1.34,3.85
2020/03/31,21.3,21.3,20.6,20.7,133.0,2800.0,-0.4808,0.1495,124.0,-8.0,0.0,0.0,-8.0,3224.0,18.0,21.0,0.0,3.0,0.0,31.85,1.33,3.86
2020/04/01,20.8,20.9,20.0,20.5,718.0,13485.0,-0.9662,0.8073,44.0,0.0,0.0,0.0,0.0,3220.0,8.0,12.0,0.0,3.0,0.0,31.54,1.32,3.9
2020/04/06,20.2,20.6,20.1,20.5,98.0,2001.0,0.0,0.1102,74.0,24.0,0.0,0.0,24.0,3215.0,5.0,10.0,0.0,3.0,0.0,31.54,1.32,3.9
2020/04/07,21.1,21.5,20.5,20.55,92.0,1910.0,0.2439,0.1034,60.0,-4.0,0.0,0.0,-4.0,3213.0,9.0,11.0,0.0,3.0,0.0,31.62,1.32,3.89
2020/04/08,20.55,20.65,20.4,20.4,87.0,1791.0,-0.7299,0.0978,90.0,-30.0,0.0,0.0,-30.0,3210.0,6.0,9.0,0.0,3.0,0.0,31.38,1.31,3.92
2020/04/09,20.6,20.6,20.35,20.4,52.0,1064.0,0.0,0.0585,43.0,-4.0,0.0,0.0,-4.0,3199.0,1.0,12.0,0.0,3.0,0.0,31.38,1.31,3.92
2020/04/10,20.35,21.3,20.35,21.1,164.0,3432.0,3.4314,0.1844,98.0,13.0,0.0,0.0,13.0,3195.0,8.0,12.0,0.0,3.0,0.0,32.46,1.36,3.79
2020/04/13,21.1,21.1,20.5,21.0,106.0,2229.0,-0.4739,0.1192,68.0,-12.0,0.0,-1.0,-13.0,3206.0,13.0,2.0,0.0,3.0,0.0,32.31,1.35,3.81
2020/04/14,21.4,21.5,21.15,21.4,101.0,2161.0,1.9048,0.1136,56.0,10.0,0.0,1.0,11.0,3192.0,0.0,14.0,0.0,3.0,0.0,32.92,1.37,3.74
2020/04/15,21.65,21.7,21.25,21.45,77.0,1658.0,0.2336,0.0866,72.0,6.0,0.0,0.0,6.0,3177.0,1.0,16.0,0.0,3.0,0.0,33.0,1.38,3.73
2020/04/16,20.75,21.3,20.75,21.25,32.0,691.0,-0.9324,0.036,46.0,-7.0,0.0,0.0,-7.0,3180.0,3.0,0.0,0.0,3.0,0.0,32.69,1.36,3.76
2020/04/17,21.45,21.55,21.0,21.35,71.0,1521.0,0.4706,0.0798,62.0,9.0,0.0,0.0,9.0,3174.0,0.0,6.0,0.0,3.0,0.0,32.85,1.37,3.75
2020/04/20,22.0,23.45,22.0,23.45,525.0,12152.0,9.8361,0.5903,175.0,11.0,0.0,0.0,11.0,3182.0,51.0,43.0,0.0,6.0,3.0,36.08,1.51,3.41
2020/04/21,24.5,25.0,23.25,23.45,1230.0,29737.0,0.0,1.383,731.0,-27.0,0.0,-2.0,-29.0,3125.0,180.0,237.0,3.0,3.0,0.0,36.08,1.51,3.41
2020/04/22,23.25,23.6,22.55,23.4,176.0,4070.0,-0.2132,0.1979,143.0,11.0,0.0,0.0,11.0,3111.0,9.0,23.0,0.0,3.0,0.0,36.0,1.5,3.42
2020/04/23,23.6,24.0,23.45,23.7,171.0,4075.0,1.2821,0.1923,127.0,-5.0,0.0,0.0,-5.0,3106.0,17.0,22.0,3.0,0.0,0.0,36.46,1.52,3.38
2020/04/24,23.95,24.0,23.5,23.7,105.0,2508.0,0.0,0.1181,100.0,-9.0,0.0,0.0,-9.0,3097.0,9.0,18.0,0.0,0.0,0.0,36.46,1.52,3.38
2020/04/27,23.7,24.1,23.6,24.1,121.0,2886.0,1.6878,0.1361,96.0,16.0,0.0,0.0,16.0,3107.0,27.0,17.0,0.0,0.0,0.0,37.08,1.55,3.32
2020/04/28,24.3,24.3,23.4,23.4,95.0,2265.0,-2.9046,0.1068,72.0,-10.0,0.0,0.0,-10.0,3110.0,22.0,19.0,0.0,0.0,0.0,36.0,1.5,3.42
2020/04/29,23.45,24.15,23.45,23.75,123.0,2933.0,1.4957,0.1383,78.0,21.0,0.0,0.0,21.0,3117.0,8.0,1.0,0.0,0.0,0.0,36.54,1.53,3.37
2020/04/30,23.75,24.15,23.6,24.0,179.0,4284.0,1.0526,0.2013,93.0,25.0,0.0,0.0,25.0,3110.0,10.0,17.0,0.0,0.0,0.0,36.92,1.54,3.33
2020/05/04,24.1,24.9,23.35,24.5,160.0,3915.0,2.0833,0.1799,126.0,-5.0,0.0,0.0,-5.0,3139.0,41.0,11.0,0.0,1.0,1.0,37.69,1.57,3.27
2020/05/05,24.5,24.65,24.15,24.15,78.0,1913.0,-1.4286,0.0877,65.0,4.0,0.0,0.0,4.0,3121.0,7.0,25.0,1.0,0.0,0.0,37.15,1.55,3.31
2020/05/06,24.55,25.75,24.1,24.85,491.0,12347.0,2.8986,0.5521,268.0,0.0,0.0,0.0,0.0,3133.0,62.0,50.0,0.0,0.0,0.0,38.23,1.6,3.22
2020/05/07,25.1,25.6,24.65,24.75,255.0,6387.0,-0.4024,0.2867,148.0,0.0,0.0,0.0,0.0,3173.0,60.0,20.0,0.0,0.0,0.0,38.08,1.59,3.23
2020/05/08,25.05,25.3,24.0,24.2,126.0,3079.0,-2.2222,0.1417,86.0,-13.0,0.0,0.0,-13.0,3159.0,32.0,46.0,0.0,0.0,0.0,37.23,1.55,3.31
2020/05/11,24.25,24.5,23.5,24.2,121.0,2916.0,0.0,0.1361,75.0,13.0,0.0,0.0,13.0,3149.0,3.0,13.0,0.0,0.0,0.0,37.23,1.55,3.31
2020/05/12,24.3,24.3,23.95,24.0,29.0,698.0,-0.8264,0.0326,27.0,2.0,0.0,0.0,2.0,3147.0,0.0,2.0,0.0,0.0,0.0,36.92,1.54,3.33
2020/05/13,24.1,24.5,24.05,24.4,70.0,1700.0,1.6667,0.0787,43.0,13.0,0.0,0.0,13.0,3158.0,11.0,0.0,0.0,0.0,0.0,87.14,1.57,3.28
2020/05/14,24.4,24.4,23.75,23.8,83.0,2023.0,-2.459,0.0933,55.0,-12.0,0.0,0.0,-12.0,3162.0,7.0,3.0,0.0,0.0,0.0,85.0,1.53,3.36
2020/05/15,23.4,24.0,23.25,23.95,181.0,4276.0,0.6303,0.2035,100.0,-3.0,0.0,1.0,-2.0,3118.0,11.0,55.0,0.0,0.0,0.0,85.54,1.54,3.34
2020/05/18,24.15,24.75,24.0,24.25,133.0,3234.0,1.2526,0.1495,99.0,26.0,0.0,3.0,29.0,3133.0,27.0,12.0,0.0,0.0,0.0,86.61,1.56,3.3
2020/05/19,24.4,24.5,23.95,24.0,118.0,2843.0,-1.0309,0.1327,52.0,-6.0,0.0,1.0,-5.0,3131.0,4.0,6.0,0.0,0.0,0.0,85.71,1.54,3.33
2020/05/20,24.05,24.4,23.55,23.8,185.0,4460.0,-0.8333,0.208,103.0,-22.0,0.0,0.0,-22.0,3156.0,39.0,14.0,0.0,0.0,0.0,85.0,1.53,3.36
2020/05/21,24.25,24.25,23.7,23.8,66.0,1573.0,0.0,0.0742,58.0,7.0,0.0,0.0,7.0,3138.0,9.0,27.0,0.0,0.0,0.0,85.0,1.53,3.36
2020/05/22,23.8,24.15,23.75,23.85,102.0,2445.0,0.2101,0.1147,69.0,-6.0,0.0,0.0,-6.0,3129.0,6.0,15.0,0.0,0.0,0.0,85.18,1.53,3.35
2020/05/25,23.85,24.8,23.85,24.5,250.0,6155.0,2.7254,0.2811,157.0,41.0,0.0,0.0,41.0,3124.0,22.0,27.0,0.0,0.0,0.0,87.5,1.57,3.27
2020/05/26,24.8,25.2,24.2,24.2,290.0,7176.0,-1.2245,0.3261,154.0,-32.0,0.0,0.0,-32.0,3114.0,14.0,24.0,0.0,0.0,0.0,86.43,1.55,3.31
2020/05/27,24.7,24.7,23.9,24.0,126.0,3039.0,-0.8264,0.1417,101.0,-16.0,0.0,1.0,-15.0,3107.0,1.0,8.0,0.0,0.0,0.0,85.71,1.54,3.33
2020/05/28,24.05,24.3,23.95,23.95,63.0,1517.0,-0.2083,0.0708,53.0,3.0,0.0,0.0,3.0,3104.0,2.0,5.0,0.0,0.0,0.0,85.54,1.54,3.34
2020/05/29,23.95,24.45,23.9,24.05,41.0,994.0,0.4175,0.0461,30.0,1.0,0.0,-1.0,0.0,3113.0,12.0,3.0,0.0,0.0,0.0,85.89,1.54,3.33
2020/06/01,24.0,24.15,23.8,23.95,63.0,1512.0,-0.4158,0.0708,38.0,-1.0,0.0,0.0,-1.0,3113.0,1.0,1.0,0.0,0.0,0.0,85.54,1.54,3.34
2020/06/02,23.95,24.2,23.8,24.0,46.0,1103.0,0.2088,0.0517,39.0,-3.0,0.0,1.0,-2.0,3104.0,0.0,9.0,0.0,0.0,0.0,85.71,1.54,3.33
2020/06/03,24.2,24.25,23.9,24.0,92.0,2217.0,0.0,0.1034,57.0,7.0,0.0,2.0,9.0,3104.0,2.0,2.0,0.0,0.0,0.0,85.71,1.54,3.33
2020/06/04,24.0,24.4,24.0,24.05,69.0,1675.0,0.2083,0.0776,34.0,-1.0,0.0,0.0,-1.0,3095.0,1.0,10.0,0.0,0.0,0.0,85.89,1.54,3.33
2020/06/05,24.0,24.15,24.0,24.05,63.0,1516.0,0.0,0.0708,36.0,8.0,0.0,0.0,8.0,3082.0,4.0,17.0,0.0,0.0,0.0,85.89,1.54,3.33
2020/06/08,24.05,24.25,24.0,24.0,71.0,1718.0,-0.2079,0.0798,56.0,-2.0,0.0,0.0,-2.0,3074.0,0.0,8.0,0.0,0.0,0.0,85.71,1.54,3.33
2020/06/09,24.0,24.3,23.9,24.25,116.0,2807.0,1.0417,0.1304,69.0,15.0,0.0,0.0,15.0,3070.0,2.0,6.0,0.0,0.0,0.0,86.61,1.56,3.3
2020/06/10,24.1,24.25,23.9,24.2,169.0,4077.0,-0.2062,0.19,104.0,15.0,0.0,0.0,15.0,3074.0,5.0,1.0,0.0,0.0,0.0,86.43,1.55,3.31
2020/06/11,24.05,24.25,23.5,23.55,181.0,4325.0,-2.686,0.2035,103.0,-16.0,0.0,0.0,-16.0,3029.0,1.0,46.0,0.0,0.0,0.0,84.11,1.51,3.4
2020/06/12,23.1,23.9,23.1,23.8,96.0,2257.0,1.0616,0.1079,64.0,-8.0,0.0,4.0,-4.0,3017.0,1.0,13.0,0.0,0.0,0.0,85.0,1.53,3.36
2020/06/15,23.6,25.0,23.6,24.65,339.0,8286.0,3.5714,0.3812,202.0,29.0,0.0,0.0,29.0,3054.0,53.0,16.0,0.0,0.0,0.0,88.04,1.58,3.25
2020/06/16,24.65,24.65,24.3,24.55,191.0,4682.0,-0.4057,0.2148,139.0,13.0,0.0,2.0,15.0,3069.0,35.0,20.0,0.0,0.0,0.0,87.68,1.58,3.26
2020/06/17,24.55,25.8,24.4,25.45,1078.0,27337.0,3.666,1.2121,534.0,39.0,0.0,0.0,39.0,3176.0,120.0,13.0,0.0,0.0,0.0,90.89,1.63,3.14
2020/06/18,25.75,26.95,25.75,26.5,1539.0,40468.0,4.1257,1.7305,813.0,-20.0,0.0,-2.0,-22.0,3419.0,364.0,121.0,0.0,1.0,1.0,94.64,1.7,3.02
2020/06/19,26.9,27.2,25.4,25.8,639.0,16806.0,-2.6415,0.7185,362.0,-39.0,0.0,0.0,-39.0,3405.0,83.0,97.0,1.0,0.0,0.0,92.14,1.66,3.1
2020/06/22,25.9,26.25,25.1,25.1,284.0,7313.0,-2.7132,0.3193,176.0,22.0,0.0,0.0,22.0,3386.0,48.0,67.0,0.0,0.0,0.0,89.64,1.61,3.19
2020/06/23,25.4,25.7,24.2,24.75,272.0,6772.0,-1.3944,0.3058,177.0,8.0,0.0,0.0,8.0,3381.0,29.0,32.0,0.0,3.0,3.0,88.39,1.59,3.23
2020/06/24,24.8,24.8,24.2,24.3,183.0,4465.0,-1.8182,0.2058,126.0,-9.0,0.0,0.0,-9.0,3386.0,39.0,34.0,1.0,14.0,12.0,,1.52,0.0
2020/06/29,24.2,25.0,24.2,24.35,219.0,5375.0,0.2058,0.2463,149.0,8.0,0.0,-3.0,5.0,3400.0,17.0,3.0,0.0,17.0,3.0,86.96,1.56,3.29
2020/06/30,24.8,24.8,24.4,24.6,59.0,1445.0,1.0267,0.0663,46.0,-10.0,0.0,0.0,-10.0,3388.0,4.0,16.0,0.0,17.0,0.0,87.86,1.58,3.25
2020/07/01,24.6,24.75,24.45,24.7,76.0,1869.0,0.4065,0.0855,61.0,3.0,0.0,0.0,3.0,3388.0,3.0,3.0,0.0,17.0,0.0,88.21,1.59,3.24
2020/07/02,24.8,25.4,24.7,25.05,235.0,5906.0,1.417,0.2642,178.0,15.0,0.0,0.0,15.0,3390.0,32.0,30.0,0.0,19.0,2.0,89.46,1.61,3.19
2020/07/03,25.1,25.3,24.8,25.0,158.0,3945.0,-0.1996,0.1777,106.0,-9.0,0.0,0.0,-9.0,3400.0,18.0,8.0,0.0,19.0,0.0,89.29,1.6,3.2
2020/07/06,25.15,25.3,25.0,25.05,193.0,4858.0,0.2,0.217,131.0,23.0,0.0,2.0,25.0,3377.0,19.0,42.0,0.0,19.0,0.0,89.46,1.61,3.19
2020/07/07,25.05,25.1,24.05,24.2,259.0,6364.0,-3.3932,0.2912,176.0,-20.0,0.0,0.0,-20.0,3384.0,15.0,8.0,0.0,19.0,0.0,86.43,1.55,3.31
2020/07/08,24.15,25.75,24.15,25.45,534.0,13516.0,5.1653,0.6004,314.0,84.0,0.0,0.0,84.0,3361.0,38.0,61.0,0.0,19.0,0.0,90.89,1.63,3.14
2020/07/09,25.9,26.85,25.45,26.5,1119.0,29398.0,4.1257,1.2582,596.0,41.0,0.0,0.0,41.0,3386.0,90.0,64.0,3.0,16.0,0.0,94.64,1.7,3.02
2020/07/10,26.8,26.8,25.3,26.0,519.0,13423.0,-1.8868,0.5836,299.0,-59.0,0.0,-1.0,-60.0,3376.0,51.0,61.0,0.0,16.0,0.0,92.86,1.67,3.08
2020/07/13,25.9,26.1,25.45,25.5,198.0,5090.0,-1.9231,0.2226,134.0,-27.0,0.0,0.0,-27.0,3361.0,19.0,34.0,0.0,16.0,0.0,91.07,1.64,3.14
2020/07/14,25.5,25.5,24.45,24.55,266.0,6670.0,-3.7255,0.2991,155.0,-38.0,0.0,0.0,-38.0,3319.0,19.0,61.0,0.0,18.0,2.0,87.68,1.58,3.26
2020/07/15,24.7,24.9,24.3,24.4,149.0,3669.0,-0.611,0.1675,107.0,-6.0,0.0,0.0,-6.0,3304.0,4.0,19.0,2.0,16.0,0.0,87.14,1.57,3.28
2020/07/16,24.45,24.65,24.35,24.35,74.0,1813.0,-0.2049,0.0832,62.0,-2.0,0.0,-1.0,-3.0,3301.0,2.0,5.0,0.0,16.0,0.0,86.96,1.56,3.29
2020/07/17,24.5,24.5,23.45,23.5,321.0,7658.0,-3.4908,0.3609,200.0,-46.0,0.0,0.0,-46.0,3299.0,28.0,30.0,5.0,11.0,0.0,83.93,1.51,3.4
2020/07/20,23.55,23.95,23.25,23.75,70.0,1653.0,1.0638,0.0787,49.0,-3.0,0.0,0.0,-3.0,3292.0,2.0,7.0,8.0,3.0,0.0,84.82,1.52,3.37
2020/07/21,23.9,24.15,23.7,23.95,84.0,2011.0,0.8421,0.0945,68.0,-1.0,0.0,0.0,-1.0,3313.0,22.0,1.0,3.0,0.0,0.0,85.54,1.54,3.34
2020/07/22,24.5,24.5,24.05,24.05,69.0,1677.0,0.4175,0.0776,53.0,-14.0,0.0,0.0,-14.0,3318.0,7.0,2.0,0.0,0.0,0.0,85.89,1.54,3.33
2020/07/23,24.1,24.1,23.55,23.6,82.0,1947.0,-1.8711,0.0922,62.0,-12.0,0.0,0.0,-12.0,3308.0,10.0,20.0,0.0,1.0,1.0,84.29,1.51,3.39
2020/07/24,23.5,23.6,23.25,23.3,201.0,4710.0,-1.2712,0.226,114.0,-21.0,0.0,0.0,-21.0,3296.0,10.0,22.0,0.0,1.0,0.0,83.21,1.5,3.43
2020/07/27,23.25,23.25,22.5,22.6,221.0,5039.0,-3.0043,0.2485,123.0,-21.0,0.0,0.0,-21.0,3295.0,25.0,26.0,0.0,6.0,5.0,80.71,1.45,3.54
2020/07/28,22.5,22.5,21.65,21.65,250.0,5528.0,-4.2035,0.2811,146.0,-5.0,0.0,0.0,-5.0,3282.0,32.0,45.0,1.0,5.0,0.0,77.32,1.39,3.74
2020/07/29,21.95,22.95,21.9,22.6,113.0,2541.0,4.388,0.1271,68.0,1.0,0.0,0.0,1.0,3284.0,28.0,25.0,5.0,0.0,0.0,80.71,1.45,3.58
2020/07/30,22.8,23.0,22.5,22.65,127.0,2886.0,0.2212,0.1428,70.0,-7.0,0.0,0.0,-7.0,3277.0,18.0,25.0,0.0,0.0,0.0,80.89,1.45,3.58
2020/07/31,22.6,22.85,22.6,22.85,75.0,1710.0,0.883,0.0843,50.0,1.0,0.0,0.0,1.0,3271.0,1.0,7.0,0.0,0.0,0.0,81.61,1.47,3.54
2020/08/03,22.65,22.85,22.5,22.65,118.0,2668.0,-0.8753,0.1327,76.0,4.0,0.0,0.0,4.0,3275.0,4.0,0.0,0.0,0.0,0.0,80.89,1.45,3.58
2020/08/04,22.8,23.0,22.7,22.8,136.0,3121.0,0.6623,0.1529,109.0,-7.0,0.0,0.0,-7.0,3270.0,7.0,12.0,0.0,0.0,0.0,81.43,1.46,3.55
2020/08/05,22.2,22.45,22.05,22.1,113.0,2509.0,0.482,0.1271,78.0,-11.0,0.0,0.0,-11.0,3265.0,1.0,6.0,0.0,1.0,1.0,78.93,1.42,3.67
2020/08/06,22.1,22.2,22.0,22.1,551.0,12177.0,0.0,0.6196,44.0,-6.0,0.0,0.0,-6.0,3267.0,6.0,4.0,0.0,1.0,0.0,78.93,1.42,3.67
2020/08/07,22.15,22.2,21.9,21.95,793.0,17422.0,-0.6787,0.8917,57.0,-6.0,0.0,0.0,-6.0,3282.0,20.0,5.0,0.0,1.0,0.0,78.39,1.41,3.69
2020/08/10,22.0,22.0,21.5,22.0,763.0,16737.0,0.2278,0.8579,99.0,-4.0,0.0,-4.0,-8.0,3277.0,6.0,11.0,0.0,1.0,0.0,78.57,1.41,3.68
2020/08/11,21.7,22.45,21.7,22.45,120.0,2685.0,2.0455,0.1349,71.0,3.0,0.0,0.0,3.0,3293.0,18.0,2.0,0.0,1.0,0.0,80.18,1.44,3.61
2020/08/12,23.5,24.65,23.4,23.8,1470.0,35840.0,6.0134,1.6529,747.0,21.0,0.0,7.0,28.0,3312.0,137.0,118.0,1.0,0.0,0.0,58.05,1.62,3.4
2020/08/13,23.9,24.5,23.25,23.25,279.0,6633.0,-2.3109,0.3137,176.0,-20.0,0.0,0.0,-20.0,3273.0,19.0,58.0,0.0,0.0,0.0,56.71,1.58,3.48
2020/08/14,23.2,23.5,22.85,23.5,113.0,2639.0,1.0753,0.1271,50.0,-3.0,0.0,-7.0,-10.0,3266.0,1.0,8.0,0.0,0.0,0.0,57.32,1.6,3.45
2020/08/17,23.5,23.55,23.0,23.3,140.0,3261.0,-0.8511,0.1594,90.0,5.0,0.0,1.0,6.0,3293.0,32.0,5.0,0.0,0.0,0.0,56.83,1.58,3.48
2020/08/18,23.35,23.45,23.0,23.35,116.0,2708.0,0.2146,0.132,64.0,-5.0,0.0,9.0,4.0,3283.0,27.0,37.0,0.0,0.0,0.0,56.95,1.59,3.47
2020/08/19,23.4,24.0,23.15,23.25,91.0,2134.0,-0.4283,0.1036,56.0,-7.0,0.0,-10.0,-17.0,3284.0,3.0,2.0,0.0,0.0,0.0,56.71,1.58,3.48
2020/08/20,23.15,23.15,22.05,22.85,133.0,3031.0,-1.7204,0.1514,90.0,-4.0,0.0,0.0,-4.0,3265.0,7.0,26.0,0.0,0.0,0.0,55.73,1.55,3.54
2020/08/21,22.75,23.5,22.65,23.5,65.0,1502.0,2.8446,0.074,56.0,-2.0,0.0,1.0,-1.0,3263.0,0.0,2.0,0.0,0.0,0.0,57.32,1.6,3.45
2020/08/24,23.8,23.8,23.0,23.5,111.0,2586.0,0.0,0.1264,70.0,5.0,0.0,0.0,5.0,3261.0,0.0,2.0,0.0,0.0,0.0,57.32,1.6,3.45
2020/08/25,23.35,23.55,23.3,23.4,45.0,1052.0,-0.4255,0.0512,23.0,0.0,0.0,0.0,0.0,3274.0,17.0,4.0,0.0,0.0,0.0,57.07,1.59,3.46
2020/08/26,23.4,23.4,23.2,23.4,100.0,2334.0,0.0,0.1138,40.0,1.0,0.0,0.0,1.0,3258.0,1.0,17.0,0.0,0.0,0.0,57.07,1.59,3.46
2020/08/27,23.4,23.5,22.65,23.45,230.0,5355.0,0.2137,0.2618,97.0,1.0,0.0,2.0,3.0,3244.0,1.0,15.0,0.0,0.0,0.0,57.2,1.59,3.45
2020/08/28,23.15,23.65,23.15,23.3,194.0,4541.0,-0.6397,0.2208,75.0,4.0,0.0,-1.0,3.0,3226.0,2.0,20.0,0.0,0.0,0.0,56.83,1.58,3.48
2020/08/31,23.3,23.45,23.1,23.25,50.0,1166.0,-0.2146,0.0569,38.0,3.0,0.0,1.0,4.0,3233.0,8.0,1.0,0.0,0.0,0.0,56.71,1.58,3.48
2020/09/01,23.25,23.25,22.95,23.0,59.0,1363.0,-1.0753,0.0672,37.0,-2.0,0.0,0.0,-2.0,3229.0,5.0,9.0,0.0,0.0,0.0,56.1,1.56,3.52
2020/09/02,22.8,23.35,22.8,23.0,38.0,876.0,0.0,0.0433,31.0,0.0,0.0,0.0,0.0,3233.0,4.0,0.0,0.0,0.0,0.0,56.1,1.56,3.52
2020/09/03,23.05,23.55,23.0,23.2,103.0,2403.0,0.8696,0.1172,70.0,1.0,0.0,-1.0,0.0,3234.0,4.0,3.0,0.0,0.0,0.0,56.59,1.58,3.49
2020/09/04,23.0,23.3,22.9,23.3,49.0,1144.0,0.431,0.0558,45.0,4.0,0.0,0.0,4.0,3233.0,0.0,1.0,0.0,0.0,0.0,56.83,1.58,3.48
2020/09/07,23.2,23.45,23.2,23.25,42.0,981.0,-0.2146,0.0478,31.0,-4.0,0.0,3.0,-1.0,3232.0,0.0,1.0,0.0,0.0,0.0,56.71,1.58,3.48
2020/09/08,23.45,23.5,23.35,23.4,57.0,1336.0,0.6452,0.0649,34.0,3.0,0.0,0.0,3.0,3232.0,6.0,6.0,0.0,0.0,0.0,57.07,1.59,3.46
2020/09/09,23.35,23.6,23.35,23.55,41.0,962.0,0.641,0.0467,34.0,5.0,0.0,-2.0,3.0,3239.0,8.0,1.0,0.0,0.0,0.0,57.44,1.6,3.44
2020/09/10,23.85,23.85,23.35,23.45,79.0,1866.0,-0.4246,0.0899,44.0,1.0,0.0,-1.0,0.0,3234.0,2.0,7.0,0.0,0.0,0.0,57.2,1.59,3.45
2020/09/11,23.4,23.85,23.2,23.3,86.0,2044.0,-0.6397,0.0979,50.0,-2.0,0.0,0.0,-2.0,3231.0,0.0,3.0,0.0,0.0,0.0,56.83,1.58,3.48
2020/09/14,23.3,23.8,23.3,23.8,65.0,1536.0,2.1459,0.074,42.0,3.0,0.0,0.0,3.0,3229.0,0.0,2.0,0.0,0.0,0.0,58.05,1.62,3.4
2020/09/15,23.8,24.35,23.7,24.3,206.0,4974.0,2.1008,0.2345,92.0,11.0,0.0,0.0,11.0,3230.0,9.0,8.0,0.0,0.0,0.0,59.27,1.65,3.33
2020/09/16,24.55,24.7,24.1,24.55,372.0,9121.0,1.0288,0.4235,174.0,20.0,0.0,-2.0,18.0,3213.0,0.0,17.0,0.0,0.0,0.0,59.88,1.67,3.3
2020/09/17,24.25,24.6,23.95,24.6,92.0,2244.0,0.2037,0.1047,56.0,4.0,0.0,0.0,4.0,3211.0,1.0,2.0,0.0,0.0,0.0,60.0,1.67,3.29
2020/09/18,24.3,24.8,24.3,24.55,86.0,2110.0,-0.2033,0.0979,54.0,26.0,0.0,0.0,26.0,3209.0,0.0,2.0,0.0,0.0,0.0,59.88,1.67,3.3
2020/09/21,24.5,24.6,24.3,24.3,104.0,2541.0,-1.0183,0.1184,52.0,28.0,0.0,0.0,28.0,3205.0,5.0,9.0,0.0,0.0,0.0,59.27,1.65,3.33
2020/09/22,24.1,24.3,23.95,24.3,63.0,1519.0,0.0,0.0717,28.0,6.0,0.0,0.0,6.0,3208.0,5.0,2.0,0.0,0.0,0.0,59.27,1.65,3.33
2020/09/23,24.3,24.5,24.15,24.35,113.0,2745.0,0.2058,0.1286,56.0,-16.0,0.0,0.0,-16.0,3210.0,5.0,3.0,0.0,0.0,0.0,59.39,1.66,3.33
2020/09/24,24.35,24.35,23.65,23.75,125.0,2986.0,-2.4641,0.1423,85.0,-12.0,0.0,0.0,-12.0,3204.0,0.0,6.0,0.0,0.0,0.0,59.88,1.67,3.3
2020/09/25,23.65,24.1,23.4,23.4,50.0,1187.0,-1.4737,0.0569,33.0,-1.0,0.0,0.0,-1.0,3200.0,1.0,5.0,0.0,0.0,0.0,57.07,1.59,3.46
2020/09/28,23.4,24.0,23.4,24.0,109.0,2601.0,2.5641,0.1241,38.0,-1.0,0.0,0.0,-1.0,3152.0,3.0,51.0,0.0,0.0,0.0,58.54,1.63,3.38
2020/09/29,24.0,24.05,23.9,24.0,49.0,1175.0,0.0,0.0558,35.0,2.0,0.0,0.0,2.0,3152.0,0.0,0.0,0.0,0.0,0.0,58.54,1.63,3.38
2020/09/30,23.85,24.0,23.7,24.0,51.0,1230.0,0.0,0.0581,31.0,9.0,0.0,0.0,9.0,3151.0,0.0,1.0,0.0,0.0,0.0,58.54,1.63,3.38
2020/10/05,24.15,24.35,24.05,24.25,168.0,4055.0,1.0417,0.1912,46.0,15.0,0.0,0.0,15.0,3151.0,0.0,0.0,0.0,0.0,0.0,59.15,1.65,3.34
2020/10/06,24.35,24.5,24.0,24.5,85.0,2071.0,1.0309,0.0968,46.0,10.0,0.0,0.0,10.0,3148.0,1.0,4.0,0.0,0.0,0.0,59.76,1.67,3.31
2020/10/07,24.5,25.05,24.2,24.9,254.0,6308.0,1.6327,0.2891,93.0,-1.0,0.0,-1.0,-2.0,3148.0,3.0,3.0,0.0,0.0,0.0,60.73,1.69,3.25
2020/10/08,25.45,25.45,24.75,24.95,139.0,3467.0,0.2008,0.1582,69.0,-1.0,0.0,0.0,-1.0,3157.0,10.0,1.0,0.0,0.0,0.0,60.85,1.7,3.25
2020/10/12,25.1,25.1,23.8,23.8,155.0,3768.0,-4.6092,0.1764,71.0,6.0,0.0,0.0,6.0,3132.0,8.0,33.0,0.0,0.0,0.0,58.05,1.62,3.4
2020/10/13,23.9,24.0,23.4,23.4,106.0,2511.0,-1.6807,0.1207,61.0,-6.0,0.0,-4.0,-10.0,3135.0,3.0,0.0,0.0,0.0,0.0,57.07,1.59,3.46
2020/10/14,23.8,23.8,23.4,23.45,33.0,782.0,0.2137,0.0376,28.0,11.0,0.0,0.0,11.0,3131.0,3.0,7.0,0.0,0.0,0.0,57.2,1.59,3.45
2020/10/15,23.2,23.4,23.2,23.35,24.0,564.0,-0.4264,0.0273,23.0,1.0,0.0,0.0,1.0,3130.0,0.0,1.0,0.0,0.0,0.0,56.95,1.59,3.47
2020/10/16,23.4,23.6,23.0,23.1,60.0,1424.0,-1.0707,0.0683,47.0,-10.0,0.0,0.0,-10.0,3141.0,27.0,16.0,0.0,0.0,0.0,56.34,1.57,3.51
2020/10/19,23.1,23.25,23.0,23.05,52.0,1213.0,-0.2165,0.0592,52.0,3.0,0.0,0.0,3.0,3142.0,3.0,2.0,0.0,0.0,0.0,56.22,1.57,3.51
2020/10/20,23.2,23.2,23.05,23.05,23.0,538.0,0.0,0.0262,18.0,1.0,0.0,0.0,1.0,3133.0,1.0,10.0,0.0,0.0,0.0,56.22,1.57,3.51
2020/10/21,22.75,23.15,22.75,23.0,36.0,828.0,-0.2169,0.041,33.0,0.0,0.0,0.0,0.0,3136.0,3.0,0.0,0.0,0.0,0.0,56.1,1.56,3.52
2020/10/22,23.0,23.0,22.85,23.0,28.0,645.0,0.0,0.0319,20.0,-1.0,0.0,0.0,-1.0,3136.0,1.0,1.0,0.0,0.0,0.0,56.1,1.56,3.52
2020/10/23,23.0,23.0,22.75,22.85,64.0,1463.0,-0.6522,0.0729,43.0,2.0,0.0,0.0,2.0,3138.0,3.0,1.0,0.0,0.0,0.0,55.73,1.55,3.54
2020/10/26,22.95,22.95,22.8,22.85,13.0,299.0,0.0,0.0148,12.0,-3.0,0.0,0.0,-3.0,3137.0,0.0,1.0,0.0,0.0,0.0,55.73,1.55,3.54
2020/10/27,22.85,22.85,22.65,22.8,27.0,614.0,-0.2188,0.0307,20.0,-2.0,0.0,0.0,-2.0,3138.0,2.0,1.0,0.0,0.0,0.0,55.61,1.55,3.55
2020/10/28,22.8,23.25,22.75,22.75,32.0,730.0,-0.2193,0.0364,29.0,-5.0,0.0,0.0,-5.0,3139.0,1.0,0.0,0.0,0.0,0.0,55.49,1.55,3.56
2020/10/29,22.35,22.85,22.35,22.85,8.0,182.0,0.4396,0.0091,8.0,1.0,0.0,0.0,1.0,3139.0,0.0,0.0,0.0,0.0,0.0,55.73,1.55,3.54
2020/10/30,22.5,22.8,22.5,22.55,34.0,769.0,-1.3129,0.0387,24.0,-8.0,0.0,0.0,-8.0,3140.0,1.0,0.0,0.0,0.0,0.0,55.0,1.53,3.59
2020/11/02,22.5,22.55,22.5,22.55,17.0,383.0,0.0,0.0194,12.0,0.0,0.0,-1.0,-1.0,3152.0,12.0,0.0,0.0,0.0,0.0,55.0,1.53,3.59
2020/11/03,22.75,22.9,22.55,22.55,56.0,1266.0,0.0,0.0637,24.0,9.0,0.0,0.0,9.0,3154.0,2.0,0.0,0.0,0.0,0.0,55.0,1.53,3.59
2020/11/04,22.7,22.8,22.6,22.6,21.0,475.0,0.2217,0.0239,21.0,-2.0,0.0,1.0,-1.0,3149.0,0.0,5.0,0.0,0.0,0.0,55.12,1.54,3.58
2020/11/05,22.75,22.75,22.65,22.65,6.0,136.0,0.2212,0.0068,7.0,-1.0,0.0,1.0,0.0,3149.0,0.0,0.0,0.0,0.0,0.0,55.24,1.54,3.58
2020/11/06,22.7,22.8,22.45,22.45,44.0,994.0,-0.883,0.0501,32.0,-3.0,0.0,0.0,-3.0,3149.0,0.0,0.0,0.0,0.0,0.0,54.76,1.53,3.61
2020/11/09,22.45,22.6,22.45,22.45,44.0,991.0,0.0,0.0501,31.0,2.0,0.0,0.0,2.0,3144.0,1.0,6.0,0.0,0.0,0.0,39.91,1.5,3.56
2020/11/10,22.5,22.5,22.35,22.5,39.0,895.0,0.2227,0.0444,33.0,0.0,0.0,0.0,0.0,3145.0,1.0,0.0,0.0,0.0,0.0,54.88,1.53,3.6
2020/11/11,22.4,22.65,22.4,22.55,22.0,501.0,0.2222,0.025,22.0,2.0,0.0,1.0,3.0,3146.0,1.0,0.0,0.0,0.0,0.0,55.0,1.53,3.59
2020/11/12,22.5,22.5,22.4,22.45,31.0,697.0,-0.4435,0.0353,30.0,0.0,0.0,0.0,0.0,3145.0,0.0,1.0,0.0,0.0,0.0,39.39,1.48,3.61
2020/11/13,22.2,22.45,22.2,22.45,9.0,207.0,0.0,0.0102,12.0,1.0,0.0,-1.0,0.0,3146.0,1.0,0.0,0.0,0.0,0.0,39.39,1.48,3.61
2020/11/16,22.45,22.6,22.4,22.5,42.0,946.0,0.2227,0.0486,28.0,3.0,0.0,0.0,3.0,3146.0,0.0,0.0,0.0,0.0,0.0,39.47,1.49,3.6
2020/11/17,22.7,22.8,22.4,22.6,79.0,1787.0,0.4444,0.0915,50.0,-3.0,0.0,1.0,-2.0,3142.0,1.0,5.0,0.0,0.0,0.0,39.65,1.49,3.58
2020/11/18,22.6,22.75,22.5,22.75,33.0,754.0,0.6637,0.0382,33.0,5.0,0.0,0.0,5.0,3144.0,3.0,1.0,0.0,0.0,0.0,39.91,1.5,3.56
2020/11/19,22.75,22.9,22.6,22.75,17.0,388.0,0.0,0.0197,17.0,0.0,0.0,0.0,0.0,3141.0,0.0,3.0,0.0,0.0,0.0,39.91,1.5,3.56
2020/11/20,22.6,22.75,22.6,22.75,9.0,207.0,0.0,0.0104,13.0,0.0,0.0,0.0,0.0,3141.0,0.0,0.0,0.0,0.0,0.0,39.91,1.5,3.56
2020/11/23,22.55,22.85,22.55,22.75,58.0,1318.0,0.0,0.0672,46.0,17.0,0.0,1.0,18.0,3138.0,0.0,3.0,0.0,0.0,0.0,39.91,1.5,3.56
2020/11/24,22.7,22.8,22.6,22.8,37.0,860.0,0.2198,0.0429,29.0,0.0,0.0,0.0,0.0,3139.0,1.0,0.0,0.0,0.0,0.0,40.0,1.5,3.55
2020/11/25,22.7,22.8,22.6,22.65,32.0,736.0,-0.6579,0.0371,32.0,-1.0,0.0,0.0,-1.0,3135.0,0.0,4.0,0.0,0.0,0.0,39.74,1.5,3.58
2020/11/26,22.7,22.75,22.65,22.75,41.0,932.0,0.4415,0.0475,25.0,7.0,0.0,0.0,7.0,3133.0,0.0,2.0,0.0,0.0,0.0,39.91,1.5,3.56
2020/11/27,22.85,23.35,22.6,23.3,104.0,2399.0,2.4176,0.1205,90.0,0.0,0.0,0.0,0.0,3148.0,17.0,2.0,0.0,0.0,0.0,40.88,1.54,3.48
2020/11/30,23.5,23.75,23.15,23.5,114.0,2690.0,0.8584,0.132,88.0,-5.0,0.0,0.0,-5.0,3157.0,14.0,5.0,0.0,0.0,0.0,41.23,1.55,3.45
2020/12/01,23.5,23.5,23.1,23.1,40.0,928.0,-1.7021,0.0463,31.0,3.0,0.0,0.0,3.0,3154.0,2.0,5.0,0.0,0.0,0.0,40.53,1.52,3.51
2020/12/02,23.1,23.2,22.8,23.0,54.0,1256.0,-0.4329,0.0625,46.0,0.0,0.0,0.0,0.0,3147.0,0.0,7.0,0.0,0.0,0.0,40.35,1.52,3.52
2020/12/03,22.95,23.0,22.8,22.8,53.0,1220.0,-0.8696,0.0614,38.0,-1.0,0.0,0.0,-1.0,3147.0,0.0,0.0,0.0,0.0,0.0,40.0,1.5,3.55
2020/12/04,22.95,23.1,22.65,22.9,106.0,2440.0,0.4386,0.1228,85.0,10.0,0.0,0.0,10.0,3148.0,1.0,0.0,0.0,0.0,0.0,40.18,1.51,3.54
2020/12/07,22.95,23.0,22.5,22.6,62.0,1428.0,-1.31,0.0718,55.0,-3.0,0.0,0.0,-3.0,3149.0,1.0,0.0,0.0,0.0,0.0,39.65,1.49,3.58
2020/12/08,22.45,22.75,22.35,22.6,30.0,682.0,0.0,0.0347,31.0,3.0,0.0,0.0,3.0,3145.0,1.0,5.0,0.0,0.0,0.0,39.65,1.49,3.58
2020/12/09,22.6,22.6,22.35,22.5,90.0,2023.0,-0.4425,0.1042,75.0,13.0,0.0,0.0,13.0,3147.0,7.0,5.0,0.0,0.0,0.0,39.47,1.49,3.6
2020/12/10,22.6,22.65,22.35,22.5,119.0,2682.0,0.0,0.1378,72.0,-1.0,0.0,0.0,-1.0,3167.0,20.0,0.0,0.0,0.0,0.0,39.47,1.49,3.6
2020/12/11,22.35,22.45,22.0,22.35,144.0,3211.0,-0.6667,0.1668,58.0,-10.0,0.0,0.0,-10.0,3170.0,3.0,0.0,0.0,0.0,0.0,39.21,1.48,3.62
2020/12/14,22.55,22.55,22.25,22.35,53.0,1201.0,0.0,0.0614,38.0,-8.0,0.0,1.0,-7.0,3172.0,3.0,1.0,0.0,0.0,0.0,39.21,1.48,3.62
2020/12/15,22.3,22.3,22.1,22.1,43.0,964.0,-1.1186,0.0498,51.0,-1.0,0.0,0.0,-1.0,3174.0,2.0,0.0,0.0,0.0,0.0,38.77,1.46,3.67
2020/12/16,22.1,22.4,22.0,22.3,55.0,1231.0,0.905,0.0637,65.0,27.0,0.0,0.0,27.0,3179.0,5.0,0.0,0.0,0.0,0.0,39.12,1.47,3.63
2020/12/17,22.5,22.5,22.25,22.3,62.0,1392.0,0.0,0.0718,45.0,5.0,0.0,-1.0,4.0,3183.0,4.0,0.0,0.0,0.0,0.0,39.12,1.47,3.63
2020/12/18,22.1,22.4,22.0,22.2,68.0,1519.0,-0.4484,0.0788,100.0,0.0,0.0,0.0,0.0,3173.0,2.0,12.0,0.0,0.0,0.0,38.95,1.47,3.65
2020/12/21,22.4,22.4,22.2,22.25,95.0,2126.0,0.2252,0.11,116.0,3.0,0.0,0.0,3.0,3194.0,21.0,0.0,0.0,0.0,0.0,39.04,1.47,3.64
2020/12/22,22.25,22.25,22.15,22.25,110.0,2454.0,0.0,0.1274,133.0,0.0,0.0,0.0,0.0,3194.0,0.0,0.0,0.0,0.0,0.0,39.04,1.47,3.64
2020/12/23,22.3,22.45,22.3,22.4,46.0,1042.0,0.6742,0.0533,63.0,3.0,0.0,0.0,3.0,3194.0,1.0,1.0,0.0,0.0,0.0,39.3,1.48,3.62
2020/12/24,22.25,22.25,22.1,22.15,89.0,1986.0,-1.1161,0.1031,116.0,5.0,0.0,0.0,5.0,3196.0,2.0,0.0,0.0,0.0,0.0,38.86,1.46,3.66
2020/12/25,22.15,22.2,22.05,22.1,92.0,2048.0,-0.2257,0.1066,220.0,4.0,0.0,0.0,4.0,3197.0,1.0,0.0,0.0,0.0,0.0,38.77,1.46,3.67
2020/12/28,22.25,22.25,22.1,22.15,114.0,2528.0,0.2262,0.132,144.0,31.0,0.0,0.0,31.0,3197.0,0.0,0.0,0.0,0.0,0.0,38.86,1.46,3.66
2020/12/29,22.2,22.3,22.15,22.3,82.0,1834.0,0.6772,0.095,102.0,-12.0,0.0,0.0,-12.0,3208.0,11.0,0.0,0.0,0.0,0.0,39.12,1.47,3.63
2020/12/30,22.3,22.3,22.2,22.3,41.0,921.0,0.0,0.0475,106.0,5.0,0.0,0.0,5.0,3209.0,1.0,0.0,0.0,0.0,0.0,39.12,1.47,3.63
2020/12/31,22.25,22.5,22.2,22.3,59.0,1326.0,0.0,0.0683,123.0,1.0,0.0,0.0,1.0,3211.0,6.0,4.0,0.0,0.0,0.0,39.12,1.47,3.63
2021/01/04,22.3,22.3,22.15,22.15,47.0,1045.0,-0.6726,0.0544,90.0,1.0,0.0,0.0,1.0,3216.0,6.0,1.0,0.0,2.0,2.0,38.86,1.46,3.66
2021/01/05,22.1,22.3,22.0,22.25,128.0,2844.0,0.4515,0.1482,200.0,1.0,0.0,0.0,1.0,3225.0,9.0,0.0,0.0,2.0,0.0,39.04,1.47,3.64
2021/01/06,22.25,22.35,22.0,22.0,67.0,1488.0,-1.1236,0.0776,100.0,-3.0,0.0,0.0,-3.0,3237.0,12.0,0.0,0.0,2.0,0.0,38.6,1.45,3.68
2021/01/07,22.0,22.0,21.7,21.75,145.0,3193.0,-1.1364,0.1679,187.0,4.0,0.0,0.0,4.0,3237.0,21.0,21.0,0.0,2.0,0.0,38.16,1.44,3.72
2021/01/08,21.75,21.95,21.75,21.8,53.0,1169.0,0.2299,0.0614,108.0,3.0,0.0,0.0,3.0,3214.0,2.0,0.0,0.0,2.0,0.0,38.25,1.44,3.72
2021/01/11,22.05,22.2,21.8,21.9,35.0,769.0,0.4587,0.0405,80.0,-2.0,0.0,0.0,-2.0,2962.0,0.0,2.0,0.0,2.0,0.0,38.42,1.45,3.7
2021/01/12,22.1,22.1,21.85,21.85,36.0,802.0,-0.2283,0.0417,59.0,-1.0,0.0,0.0,-1.0,2957.0,0.0,5.0,0.0,2.0,0.0,38.33,1.44,3.71
2021/01/13,22.0,22.0,21.75,21.85,26.0,569.0,0.0,0.0301,48.0,6.0,0.0,2.0,8.0,2956.0,0.0,1.0,0.0,2.0,0.0,38.33,1.44,3.71
2021/01/14,21.65,22.15,21.65,21.95,86.0,1911.0,0.4577,0.0996,81.0,1.0,0.0,0.0,1.0,2959.0,4.0,1.0,0.0,2.0,0.0,38.51,1.45,3.69
2021/01/15,21.95,21.95,21.75,21.9,33.0,720.0,-0.2278,0.0382,45.0,-3.0,0.0,0.0,-3.0,2961.0,2.0,0.0,0.0,2.0,0.0,38.42,1.45,3.7
2021/01/18,21.85,21.85,21.5,21.6,96.0,2091.0,-1.3699,0.1112,93.0,4.0,0.0,1.0,5.0,2954.0,0.0,7.0,0.0,2.0,0.0,37.89,1.43,3.75
2021/01/19,21.3,21.65,21.3,21.65,75.0,1632.0,0.2315,0.0869,107.0,-9.0,0.0,0.0,-9.0,2954.0,2.0,2.0,0.0,7.0,5.0,37.98,1.43,3.74
2021/01/20,21.65,21.65,21.1,21.1,114.0,2450.0,-2.5404,0.132,189.0,-6.0,0.0,1.0,-5.0,2954.0,0.0,0.0,0.0,7.0,0.0,37.02,1.39,3.84
2021/01/21,21.2,21.45,20.95,21.0,85.0,1808.0,-0.4739,0.0984,174.0,2.0,0.0,0.0,2.0,2954.0,0.0,0.0,5.0,2.0,0.0,36.84,1.39,3.86
2021/01/22,20.95,21.0,20.5,20.6,247.0,5112.0,-1.9048,0.2861,533.0,-1.0,0.0,0.0,-1.0,2907.0,3.0,50.0,0.0,2.0,0.0,36.14,1.36,3.93
2021/01/25,20.65,20.85,20.4,20.65,102.0,2120.0,0.2427,0.1181,285.0,12.0,0.0,0.0,12.0,2913.0,7.0,1.0,0.0,2.0,0.0,36.23,1.36,3.92
2021/01/26,20.6,20.65,20.55,20.6,45.0,942.0,-0.2421,0.0521,156.0,-8.0,0.0,-1.0,-9.0,2910.0,0.0,3.0,0.0,3.0,1.0,36.14,1.36,3.93
2021/01/27,20.7,20.9,20.55,20.55,70.0,1447.0,-0.2427,0.0811,132.0,4.0,0.0,0.0,4.0,2910.0,0.0,0.0,0.0,3.0,0.0,36.05,1.36,3.94
2021/01/28,20.55,20.55,20.4,20.4,32.0,669.0,-0.7299,0.0371,121.0,-6.0,0.0,0.0,-6.0,2910.0,0.0,0.0,0.0,3.0,0.0,35.79,1.35,3.97
2021/01/29,20.35,20.4,20.15,20.15,86.0,1750.0,-1.2255,0.0996,246.0,-19.0,0.0,0.0,-19.0,2910.0,0.0,0.0,1.0,2.0,0.0,35.35,1.33,4.02
2021/02/01,20.0,20.0,19.7,19.9,60.0,1208.0,-1.2407,0.0695,175.0,-10.0,0.0,5.0,-5.0,2910.0,11.0,11.0,0.0,2.0,0.0,34.91,1.31,4.07
2021/02/02,19.9,20.8,19.9,20.5,76.0,1565.0,3.0151,0.088,108.0,-3.0,0.0,-6.0,-9.0,2613.0,1.0,5.0,0.0,3.0,1.0,35.96,1.35,3.95
2021/02/03,20.5,20.55,20.45,20.5,33.0,691.0,0.0,0.0382,88.0,-8.0,0.0,0.0,-8.0,2613.0,0.0,0.0,0.0,3.0,0.0,35.96,1.35,3.95
2021/02/04,20.15,20.75,20.15,20.5,36.0,752.0,0.0,0.0417,103.0,-8.0,0.0,-1.0,-9.0,2613.0,0.0,0.0,2.0,1.0,0.0,35.96,1.35,3.95
2021/02/05,20.6,20.8,20.3,20.4,114.0,2345.0,-0.4878,0.132,100.0,-11.0,0.0,3.0,-8.0,1793.0,0.0,0.0,0.0,1.0,0.0,35.79,1.35,3.97
2021/02/17,20.7,21.0,20.25,21.0,234.0,4796.0,2.9412,0.271,220.0,11.0,0.0,0.0,11.0,1793.0,2.0,2.0,0.0,1.0,0.0,36.84,1.39,3.86
2021/02/18,21.0,21.8,20.85,21.8,114.0,2436.0,3.8095,0.132,145.0,3.0,0.0,1.0,4.0,1792.0,0.0,1.0,0.0,1.0,0.0,38.25,1.44,3.72
2021/02/19,21.8,22.65,21.65,22.65,241.0,5357.0,3.8991,0.2791,181.0,7.0,0.0,-2.0,5.0,1788.0,5.0,9.0,0.0,1.0,0.0,39.74,1.5,3.58
2021/02/22,23.0,23.0,22.55,22.55,189.0,4309.0,-0.4415,0.2189,170.0,5.0,0.0,0.0,5.0,1298.0,7.0,0.0,0.0,1.0,0.0,39.56,1.49,3.59
2021/02/23,22.6,23.0,22.45,23.0,118.0,2681.0,1.9956,0.1367,85.0,16.0,0.0,0.0,16.0,1298.0,0.0,0.0,0.0,1.0,0.0,40.35,1.52,3.52
2021/02/24,23.2,23.55,23.1,23.5,314.0,7338.0,2.1739,0.3637,190.0,2.0,0.0,0.0,2.0,1196.0,2.0,104.0,0.0,1.0,0.0,41.23,1.55,3.45
2021/02/25,23.85,25.4,23.85,24.8,1157.0,28620.0,5.5319,1.34,554.0,36.0,0.0,-2.0,34.0,1253.0,173.0,116.0,0.0,2.0,1.0,43.51,1.64,3.27
2021/02/26,24.2,25.0,24.0,24.5,273.0,6686.0,-1.2097,0.3162,196.0,1.0,0.0,0.0,1.0,1257.0,23.0,19.0,1.0,1.0,0.0,42.98,1.62,3.31
2021/03/02,25.0,25.5,23.5,23.8,278.0,6870.0,-2.8571,0.322,178.0,-29.0,0.0,1.0,-28.0,694.0,34.0,6.0,1.0,0.0,0.0,41.75,1.57,3.4
2021/03/03,23.8,23.8,23.3,23.35,96.0,2252.0,-1.8908,0.1112,102.0,-13.0,0.0,1.0,-12.0,700.0,10.0,4.0,0.0,0.0,0.0,40.96,1.54,3.47
2021/03/04,23.35,23.35,22.8,22.8,131.0,3033.0,-2.3555,0.1517,117.0,-24.0,0.0,-2.0,-26.0,721.0,40.0,19.0,0.0,0.0,0.0,40.0,1.5,3.55
2021/03/05,22.5,22.95,21.8,22.6,211.0,4715.0,-0.8772,0.2444,168.0,5.0,0.0,-1.0,4.0,653.0,13.0,81.0,0.0,0.0,0.0,39.65,1.49,3.58
2021/03/08,22.5,22.8,22.4,22.5,27.0,618.0,-0.4425,0.0313,57.0,-2.0,0.0,0.0,-2.0,660.0,7.0,0.0,0.0,0.0,0.0,39.47,1.49,3.6
2021/03/09,22.5,22.75,22.4,22.75,66.0,1508.0,1.1111,0.0764,99.0,3.0,0.0,0.0,3.0,664.0,5.0,1.0,0.0,0.0,0.0,39.91,1.5,3.56
2021/03/10,22.65,23.1,22.65,23.0,85.0,1952.0,1.0989,0.0984,92.0,-1.0,0.0,-5.0,-6.0,659.0,0.0,5.0,0.0,0.0,0.0,40.35,1.52,3.52
2021/03/11,23.1,23.45,22.9,23.4,88.0,2043.0,1.7391,0.1019,91.0,13.0,0.0,1.0,14.0,645.0,10.0,24.0,0.0,0.0,0.0,41.05,1.54,3.46
2021/03/12,23.05,23.2,22.7,22.9,101.0,2341.0,-2.1368,0.117,129.0,-7.0,0.0,0.0,-7.0,653.0,10.0,2.0,0.0,0.0,0.0,40.18,1.51,3.54
2021/03/15,22.75,23.1,22.7,23.1,44.0,1026.0,0.8734,0.051,92.0,0.0,0.0,-2.0,-2.0,649.0,1.0,5.0,0.0,0.0,0.0,40.53,1.52,3.51
2021/03/16,23.05,23.1,22.85,23.1,33.0,760.0,0.0,0.0382,99.0,1.0,0.0,0.0,1.0,648.0,0.0,1.0,0.0,0.0,0.0,32.54,1.5,3.51
2021/03/17,23.0,23.1,22.95,23.0,71.0,1642.0,-0.4329,0.0822,106.0,-16.0,0.0,0.0,-16.0,649.0,2.0,1.0,0.0,0.0,0.0,32.39,1.49,3.52
2021/03/18,22.85,23.5,22.85,23.3,70.0,1638.0,1.3043,0.0811,135.0,6.0,0.0,-1.0,5.0,663.0,14.0,0.0,0.0,0.0,0.0,32.82,1.51,3.48
2021/03/19,23.3,23.3,23.0,23.1,42.0,978.0,-0.8584,0.0486,98.0,-16.0,0.0,0.0,-16.0,655.0,1.0,9.0,0.0,0.0,0.0,32.54,1.5,3.51
2021/03/22,23.4,23.65,22.9,23.5,84.0,1970.0,1.7316,0.0973,116.0,7.0,0.0,-17.0,-10.0,673.0,22.0,4.0,0.0,0.0,0.0,33.1,1.53,3.45
2021/03/23,23.3,23.75,23.25,23.45,81.0,1914.0,-0.2128,0.0938,99.0,-18.0,0.0,-1.0,-19.0,673.0,0.0,0.0,0.0,0.0,0.0,33.03,1.52,3.45
2021/03/24,23.75,23.75,23.45,23.55,45.0,1060.0,0.4264,0.0521,68.0,-4.0,0.0,0.0,-4.0,674.0,2.0,1.0,0.0,0.0,0.0,33.17,1.53,3.44
2021/03/25,23.55,23.8,23.45,23.6,96.0,2278.0,0.2123,0.1112,83.0,1.0,0.0,-1.0,0.0,646.0,2.0,30.0,0.0,0.0,0.0,33.24,1.53,2.97
2021/03/26,23.7,23.7,23.55,23.7,35.0,828.0,0.4237,0.0405,52.0,2.0,0.0,0.0,2.0,649.0,3.0,0.0,0.0,0.0,0.0,33.38,1.54,2.95
2021/03/29,23.65,24.1,23.6,23.9,194.0,4661.0,0.8439,0.2247,90.0,0.0,0.0,0.0,0.0,654.0,6.0,1.0,0.0,0.0,0.0,33.66,1.55,2.93
2021/03/30,24.25,24.35,24.0,24.05,86.0,2094.0,0.6276,0.0996,73.0,0.0,0.0,0.0,0.0,653.0,1.0,2.0,0.0,0.0,0.0,32.82,1.51,3.48
2021/03/31,24.25,24.6,24.15,24.2,91.0,2230.0,0.6237,0.1054,63.0,1.0,0.0,0.0,1.0,660.0,10.0,3.0,0.0,0.0,0.0,34.08,1.57,2.89
2021/04/01,24.5,24.55,24.3,24.3,98.0,2403.0,0.4132,0.1135,59.0,-9.0,0.0,0.0,-9.0,659.0,0.0,1.0,0.0,0.0,0.0,34.23,1.58,2.88
2021/04/06,24.6,25.0,24.3,24.5,274.0,6755.0,0.823,0.3173,189.0,6.0,0.0,0.0,6.0,683.0,25.0,1.0,0.0,0.0,0.0,34.51,1.59,2.86
2021/04/07,24.9,24.9,23.75,24.3,82.0,2013.0,-0.8163,0.095,77.0,1.0,0.0,4.0,5.0,656.0,5.0,32.0,0.0,0.0,0.0,34.23,1.58,2.88
2021/04/08,24.1,24.5,24.1,24.15,106.0,2568.0,-0.6173,0.1228,78.0,-5.0,0.0,0.0,-5.0,662.0,8.0,2.0,0.0,0.0,0.0,34.01,1.57,2.9
2021/04/09,24.15,24.2,23.8,23.8,143.0,3447.0,-1.4493,0.1656,120.0,-10.0,0.0,0.0,-10.0,640.0,4.0,26.0,0.0,0.0,0.0,33.52,1.55,2.94
2021/04/12,23.7,24.2,23.7,23.8,94.0,2250.0,0.0,0.1089,94.0,7.0,0.0,-2.0,5.0,640.0,0.0,0.0,0.0,0.0,0.0,33.52,1.55,2.94
2021/04/13,23.8,24.0,23.7,23.8,68.0,1629.0,0.0,0.0788,78.0,-6.0,0.0,2.0,-4.0,642.0,2.0,0.0,0.0,0.0,0.0,33.52,1.55,2.94
2021/04/14,23.8,24.0,23.7,23.7,145.0,3463.0,-0.4202,0.1679,85.0,-10.0,0.0,1.0,-9.0,636.0,13.0,16.0,0.0,0.0,0.0,33.38,1.54,2.95
2021/04/15,23.75,23.9,23.65,23.85,54.0,1300.0,0.6329,0.0625,41.0,4.0,0.0,2.0,6.0,636.0,0.0,0.0,0.0,0.0,0.0,33.59,1.55,2.94
2021/04/16,23.9,23.95,23.8,23.9,41.0,991.0,0.2096,0.0475,41.0,-1.0,0.0,0.0,-1.0,624.0,2.0,14.0,0.0,0.0,0.0,33.66,1.55,2.93
2021/04/19,23.95,24.2,23.75,23.9,286.0,6865.0,0.0,0.3312,318.0,8.0,0.0,-1.0,7.0,618.0,1.0,7.0,0.0,0.0,0.0,33.66,1.55,2.93
2021/04/20,24.2,24.65,23.9,24.65,310.0,7552.0,3.1381,0.359,185.0,-4.0,0.0,1.0,-3.0,622.0,10.0,6.0,0.0,0.0,0.0,34.72,1.6,2.84
2021/04/21,24.65,24.65,24.0,24.35,127.0,3103.0,-1.217,0.1471,119.0,-12.0,0.0,-16.0,-28.0,612.0,3.0,13.0,0.0,0.0,0.0,34.3,1.58,2.87
2021/04/22,24.6,24.65,23.8,23.8,234.0,5730.0,-2.2587,0.271,132.0,5.0,0.0,-1.0,4.0,586.0,3.0,29.0,0.0,0.0,0.0,33.52,1.55,2.94
2021/04/23,24.4,24.4,23.8,24.2,120.0,2907.0,1.6807,0.139,96.0,19.0,0.0,0.0,19.0,580.0,0.0,6.0,0.0,0.0,0.0,34.08,1.57,2.89
2021/04/26,24.25,24.3,23.95,24.05,116.0,2790.0,-0.6198,0.1344,97.0,12.0,0.0,0.0,12.0,581.0,1.0,0.0,0.0,0.0,0.0,33.87,1.56,2.91
2021/04/27,24.05,24.15,23.8,23.8,175.0,4200.0,-1.0395,0.2027,109.0,7.0,0.0,1.0,8.0,602.0,22.0,1.0,0.0,0.0,0.0,33.52,1.55,2.94
2021/04/28,23.5,24.05,23.5,24.0,346.0,8238.0,0.8403,0.4007,150.0,6.0,0.0,0.0,6.0,602.0,1.0,1.0,0.0,0.0,0.0,33.8,1.56,2.92
2021/04/29,23.8,24.2,23.8,24.05,130.0,3144.0,0.2083,0.1506,90.0,-2.0,0.0,0.0,-2.0,603.0,2.0,1.0,0.0,0.0,0.0,33.87,1.56,2.91
2021/05/03,24.05,24.5,24.05,24.15,181.0,4420.0,0.4158,0.2096,134.0,40.0,0.0,0.0,40.0,631.0,44.0,16.0,0.0,0.0,0.0,34.01,1.57,2.9
2021/05/04,24.15,24.15,23.1,23.3,304.0,7163.0,-3.5197,0.3521,120.0,27.0,0.0,15.0,42.0,574.0,5.0,62.0,0.0,0.0,0.0,32.82,1.51,3.0
2021/05/05,22.85,23.75,22.65,23.6,73.0,1700.0,1.2876,0.0845,55.0,17.0,0.0,-2.0,15.0,571.0,0.0,3.0,0.0,0.0,0.0,33.24,1.53,2.97
2021/05/06,24.1,24.1,23.0,23.0,42.0,994.0,-2.5424,0.0486,47.0,-1.0,0.0,0.0,-1.0,571.0,0.0,0.0,0.0,0.0,0.0,32.39,1.49,3.04
2021/05/07,23.5,24.0,23.0,24.0,65.0,1532.0,4.3478,0.0753,56.0,4.0,0.0,-1.0,3.0,569.0,4.0,6.0,0.0,0.0,0.0,33.8,1.56,2.92
2021/05/10,24.5,24.5,23.95,24.05,155.0,3756.0,0.2083,0.1795,83.0,2.0,0.0,0.0,2.0,579.0,10.0,0.0,0.0,0.0,0.0,33.87,1.56,2.91
2021/05/11,24.15,24.15,23.75,23.75,158.0,3795.0,-1.2474,0.183,85.0,15.0,0.0,0.0,15.0,589.0,10.0,0.0,0.0,0.0,0.0,24.74,1.52,2.95
2021/05/12,23.85,26.1,23.85,26.1,2297.0,58561.0,9.8947,2.6604,1012.0,74.0,0.0,-6.0,68.0,878.0,364.0,75.0,0.0,0.0,0.0,27.19,1.67,2.68
2021/05/13,27.6,28.7,27.1,28.7,5697.0,161924.0,9.9617,6.5983,2691.0,-154.0,0.0,2.0,-152.0,1020.0,396.0,254.0,0.0,3.0,3.0,29.9,1.83,2.44
2021/05/14,29.2,29.2,25.85,25.85,4107.0,109074.0,-9.9303,4.7567,1773.0,-86.0,0.0,-1.0,-87.0,945.0,298.0,373.0,2.0,18.0,17.0,26.93,1.65,2.71
2021/05/17,23.7,27.9,23.7,26.95,3041.0,81139.0,4.2553,3.5221,1694.0,186.0,0.0,2.0,188.0,1036.0,328.0,237.0,13.0,9.0,4.0,28.07,1.72,2.6
2021/05/18,27.2,27.5,24.85,25.65,1384.0,35389.0,-4.8237,1.6029,802.0,-36.0,0.0,0.0,-36.0,1061.0,137.0,112.0,7.0,6.0,4.0,26.72,1.64,2.73
2021/05/19,25.95,25.95,24.5,25.45,640.0,16124.0,-0.7797,0.7412,436.0,-34.0,0.0,1.0,-33.0,1036.0,65.0,90.0,1.0,6.0,1.0,26.51,1.62,2.75
2021/05/20,25.45,25.45,24.65,24.65,455.0,11353.0,-3.1434,0.527,266.0,-2.0,0.0,0.0,-2.0,964.0,44.0,116.0,0.0,6.0,0.0,25.68,1.57,2.84
2021/05/21,25.2,25.25,24.4,24.4,612.0,15085.0,-1.0142,0.7088,324.0,11.0,0.0,0.0,11.0,929.0,75.0,110.0,0.0,6.0,0.0,25.42,1.56,2.87
2021/05/24,24.4,24.6,24.1,24.5,230.0,5634.0,0.4098,0.2664,162.0,40.0,0.0,-1.0,39.0,936.0,43.0,36.0,5.0,1.0,0.0,25.52,1.56,2.86
2021/05/25,24.85,24.85,24.3,24.5,251.0,6148.0,0.0,0.2907,158.0,-12.0,0.0,0.0,-12.0,946.0,62.0,52.0,0.0,1.0,0.0,25.52,1.56,2.86
2021/05/26,24.5,25.3,24.5,25.3,318.0,7977.0,3.2653,0.3683,214.0,42.0,0.0,0.0,42.0,981.0,54.0,19.0,0.0,1.0,0.0,26.35,1.61,2.77
2021/05/27,25.4,25.7,25.1,25.35,244.0,6192.0,0.1976,0.2826,165.0,10.0,0.0,-1.0,9.0,972.0,16.0,25.0,0.0,1.0,0.0,26.41,1.62,2.76
2021/05/28,25.45,25.5,25.05,25.35,284.0,7205.0,0.0,0.3289,165.0,32.0,0.0,0.0,32.0,938.0,16.0,50.0,0.0,1.0,0.0,26.41,1.62,2.76
2021/05/31,25.25,25.35,24.6,24.8,300.0,7495.0,-2.1696,0.3475,212.0,-68.0,0.0,0.0,-68.0,949.0,26.0,15.0,0.0,1.0,0.0,25.83,1.58,2.82
2021/06/01,24.85,24.85,24.55,24.8,244.0,6040.0,0.0,0.2826,156.0,42.0,0.0,0.0,42.0,895.0,7.0,61.0,0.0,1.0,0.0,25.83,1.58,2.82
2021/06/02,24.8,24.8,24.5,24.55,180.0,4449.0,-1.0081,0.2085,151.0,12.0,0.0,-1.0,11.0,853.0,20.0,62.0,0.0,1.0,0.0,25.57,1.57,2.85
2021/06/03,24.55,24.9,24.55,24.6,109.0,2703.0,0.2037,0.1262,73.0,7.0,0.0,0.0,7.0,852.0,11.0,12.0,0.0,1.0,0.0,25.63,1.57,2.85
2021/06/04,24.65,25.1,24.6,25.1,150.0,3746.0,2.0325,0.1737,127.0,29.0,0.0,0.0,29.0,839.0,3.0,16.0,0.0,1.0,0.0,26.15,1.6,2.79
2021/06/07,25.35,26.8,25.15,26.55,591.0,15353.0,5.7769,0.6845,416.0,-19.0,0.0,0.0,-19.0,873.0,48.0,14.0,0.0,1.0,0.0,27.66,1.69,2.64
2021/06/08,27.05,27.05,26.0,26.05,305.0,8013.0,-1.8832,0.3533,203.0,-18.0,0.0,0.0,-18.0,857.0,37.0,53.0,1.0,0.0,0.0,27.14,1.66,2.69
2021/06/09,26.3,26.3,25.7,25.75,252.0,6564.0,-1.1516,0.2919,165.0,-1.0,0.0,0.0,-1.0,844.0,5.0,18.0,0.0,0.0,0.0,26.82,1.64,2.72
2021/06/10,26.1,28.3,26.05,26.8,1320.0,36073.0,4.0777,1.5288,796.0,85.0,0.0,0.0,85.0,1073.0,298.0,69.0,0.0,0.0,0.0,27.92,1.71,2.61
2021/06/11,27.2,27.85,26.5,26.55,715.0,19425.0,-0.9328,0.8281,461.0,22.0,0.0,0.0,22.0,1013.0,38.0,98.0,0.0,0.0,0.0,27.66,1.69,2.64
2021/06/15,26.75,27.2,26.3,26.35,276.0,7383.0,-0.7533,0.3197,199.0,-16.0,0.0,0.0,-16.0,921.0,2.0,94.0,0.0,0.0,0.0,27.45,1.68,2.66
2021/06/16,26.3,26.3,25.8,25.8,244.0,6380.0,-2.0873,0.2826,147.0,-12.0,0.0,0.0,-12.0,857.0,21.0,85.0,0.0,0.0,0.0,26.88,1.65,2.71
2021/06/17,25.65,26.1,25.5,26.05,198.0,5107.0,0.969,0.2293,100.0,23.0,0.0,0.0,23.0,832.0,1.0,26.0,0.0,0.0,0.0,27.14,1.66,2.69
2021/06/18,26.0,26.3,25.55,25.65,182.0,4698.0,-1.5355,0.2108,106.0,23.0,0.0,0.0,23.0,826.0,15.0,16.0,0.0,0.0,0.0,26.72,1.64,2.73
2021/06/21,25.5,25.5,24.7,25.25,243.0,6092.0,-1.5595,0.2814,172.0,-13.0,0.0,-2.0,-15.0,824.0,11.0,13.0,0.0,0.0,0.0,26.3,1.61,2.77
2021/06/22,25.55,25.55,25.25,25.25,105.0,2673.0,0.0,0.1216,82.0,-3.0,0.0,0.0,-3.0,822.0,1.0,3.0,0.0,0.0,0.0,26.3,1.61,2.77
2021/06/23,25.05,25.4,25.05,25.25,61.0,1553.0,0.0,0.0707,59.0,19.0,0.0,0.0,19.0,812.0,4.0,14.0,0.0,0.0,0.0,26.3,1.61,2.77
2021/06/24,25.6,25.6,25.15,25.25,55.0,1411.0,0.0,0.0637,56.0,-9.0,0.0,0.0,-9.0,796.0,3.0,18.0,0.0,0.0,0.0,26.3,1.61,2.77
2021/06/25,25.25,25.25,24.7,24.75,265.0,6623.0,-1.9802,0.3069,187.0,-25.0,0.0,0.0,-25.0,789.0,26.0,33.0,0.0,0.0,0.0,25.78,1.58,2.83
2021/06/28,24.75,24.95,24.65,24.75,182.0,4521.0,0.0,0.2108,93.0,13.0,0.0,0.0,13.0,813.0,24.0,0.0,0.0,0.0,0.0,25.78,1.58,2.83
2021/06/29,24.65,24.8,24.35,24.4,183.0,4491.0,-1.4141,0.212,118.0,-1.0,0.0,0.0,-1.0,810.0,20.0,18.0,0.0,0.0,0.0,25.42,1.56,2.87
2021/06/30,24.55,24.8,24.4,24.8,157.0,3853.0,1.6393,0.1818,69.0,13.0,0.0,0.0,13.0,810.0,5.0,0.0,0.0,0.0,0.0,25.83,1.58,2.82
2021/07/01,25.05,25.2,24.4,24.75,1155.0,28872.0,-0.2016,1.3373,237.0,60.0,0.0,0.0,60.0,828.0,18.0,0.0,0.0,0.0,0.0,25.78,1.58,2.83
2021/07/02,24.75,24.75,24.4,24.5,100.0,2477.0,-1.0101,0.1158,98.0,-40.0,0.0,0.0,-40.0,848.0,22.0,2.0,0.0,0.0,0.0,25.52,1.56,2.86
2021/07/05,24.5,24.5,24.25,24.4,119.0,2901.0,-0.4082,0.1378,99.0,-16.0,0.0,3.0,-13.0,839.0,7.0,16.0,0.0,0.0,0.0,25.42,1.56,2.87
2021/07/06,24.8,24.9,24.4,24.4,73.0,1814.0,0.0,0.0845,71.0,-25.0,0.0,0.0,-25.0,843.0,8.0,4.0,0.0,0.0,0.0,25.42,1.56,2.87
2021/07/07,24.3,24.5,24.3,24.3,89.0,2183.0,-0.4098,0.103,90.0,-1.0,0.0,-1.0,-2.0,833.0,6.0,16.0,0.0,0.0,0.0,25.31,1.55,2.88
2021/07/08,24.35,24.4,24.15,24.3,118.0,2866.0,0.0,0.1366,107.0,-20.0,0.0,0.0,-20.0,831.0,12.0,14.0,0.0,0.0,0.0,25.31,1.55,2.88
2021/07/09,24.3,24.45,24.3,24.3,53.0,1290.0,0.0,0.0614,53.0,-15.0,0.0,0.0,-15.0,825.0,4.0,10.0,0.0,0.0,0.0,25.31,1.55,2.88
2021/07/12,24.35,24.35,24.2,24.25,69.0,1674.0,-0.2058,0.0799,65.0,-8.0,0.0,1.0,-7.0,814.0,9.0,20.0,0.0,0.0,0.0,25.26,1.55,2.89
2021/07/13,23.95,24.4,23.7,23.9,222.0,5327.0,-1.4433,0.257,170.0,-108.0,0.0,2.0,-106.0,840.0,32.0,6.0,0.0,0.0,0.0,24.9,1.53,2.93
2021/07/14,24.0,24.0,23.5,23.7,143.0,3398.0,-0.8368,0.1656,79.0,-62.0,0.0,1.0,-61.0,845.0,6.0,1.0,0.0,0.0,0.0,24.69,1.51,2.95
2021/07/15,23.7,23.95,23.55,23.85,44.0,1049.0,0.6329,0.0509,40.0,-6.0,0.0,0.0,-6.0,844.0,0.0,1.0,0.0,0.0,0.0,24.84,1.52,2.94
2021/07/16,24.0,24.0,23.7,23.75,25.0,600.0,-0.4193,0.0289,31.0,0.0,0.0,0.0,0.0,845.0,1.0,0.0,0.0,0.0,0.0,24.74,1.52,2.95
2021/07/19,23.8,23.8,23.5,23.5,150.0,3537.0,-1.0526,0.1737,107.0,0.0,0.0,0.0,0.0,865.0,20.0,0.0,0.0,0.0,0.0,24.48,1.5,2.98
2021/07/20,23.5,24.5,23.45,24.5,133.0,3209.0,4.2553,0.154,113.0,24.0,0.0,0.0,24.0,854.0,14.0,25.0,0.0,0.0,0.0,25.52,1.56,2.86
2021/07/21,24.65,24.65,23.85,23.9,136.0,3281.0,-2.449,0.1575,83.0,11.0,0.0,0.0,11.0,850.0,3.0,7.0,0.0,0.0,0.0,24.9,1.53,2.93
2021/07/22,24.4,24.4,23.5,23.65,171.0,4087.0,-1.046,0.198,103.0,21.0,0.0,2.0,23.0,812.0,16.0,54.0,0.0,0.0,0.0,24.64,1.51,2.96
2021/07/23,23.55,24.05,23.5,24.05,44.0,1066.0,1.6913,0.0509,49.0,6.0,0.0,0.0,6.0,808.0,1.0,5.0,0.0,0.0,0.0,25.05,1.53,2.91
2021/07/26,24.35,24.8,24.35,24.6,200.0,4935.0,2.2869,0.2316,120.0,10.0,0.0,0.0,10.0,788.0,3.0,23.0,0.0,0.0,0.0,25.63,1.57,2.85
2021/07/27,24.8,24.8,24.45,24.5,80.0,1988.0,-0.4065,0.0926,57.0,5.0,0.0,1.0,6.0,795.0,7.0,0.0,0.0,0.0,0.0,25.52,1.56,2.86
2021/07/28,24.45,24.45,23.8,23.95,53.0,1285.0,-2.2449,0.0614,42.0,8.0,0.0,0.0,8.0,805.0,10.0,0.0,0.0,0.0,0.0,24.95,1.53,2.92
2021/07/29,24.0,24.6,24.0,24.4,50.0,1233.0,1.8789,0.0579,49.0,1.0,0.0,0.0,1.0,816.0,13.0,2.0,0.0,0.0,0.0,25.42,1.56,2.87
2021/07/30,24.05,24.2,24.05,24.2,8.0,194.0,-0.8197,0.0093,18.0,-1.0,0.0,0.0,-1.0,816.0,1.0,1.0,0.0,0.0,0.0,25.21,1.54,2.89
2021/08/02,24.35,24.4,24.35,24.4,26.0,639.0,0.8264,0.0301,31.0,3.0,0.0,3.0,6.0,817.0,6.0,5.0,0.0,0.0,0.0,25.42,1.56,2.87
2021/08/03,24.3,24.4,24.25,24.4,23.0,567.0,0.0,0.0266,27.0,-1.0,0.0,0.0,-1.0,816.0,1.0,2.0,0.0,0.0,0.0,25.42,1.56,2.87
2021/08/04,24.4,24.8,24.4,24.55,37.0,916.0,0.6148,0.0428,36.0,5.0,0.0,1.0,6.0,811.0,5.0,10.0,0.0,0.0,0.0,25.57,1.57,2.85
2021/08/05,24.5,24.55,24.45,24.45,14.0,347.0,-0.4073,0.0162,21.0,0.0,0.0,0.0,0.0,810.0,0.0,1.0,0.0,0.0,0.0,25.47,1.56,2.86
2021/08/06,24.5,24.7,24.4,24.65,54.0,1336.0,0.818,0.0625,43.0,4.0,0.0,-1.0,3.0,804.0,0.0,6.0,0.0,0.0,0.0,25.68,1.57,2.84
2021/08/09,24.8,24.9,24.5,24.5,72.0,1792.0,-0.6085,0.0834,68.0,-4.0,0.0,0.0,-4.0,801.0,1.0,4.0,0.0,0.0,0.0,25.52,1.56,2.86
2021/08/10,24.5,24.5,24.25,24.35,16.0,397.0,-0.6122,0.0185,31.0,1.0,0.0,0.0,1.0,798.0,0.0,3.0,0.0,0.0,0.0,25.36,1.55,2.87
2021/08/11,24.35,24.7,23.5,23.7,46.0,1128.0,-2.6694,0.0533,50.0,-2.0,0.0,0.0,-2.0,799.0,1.0,0.0,0.0,0.0,0.0,24.95,1.5,2.95
2021/08/12,23.65,23.65,23.15,23.45,142.0,3312.0,-1.0549,0.1644,112.0,10.0,0.0,1.0,11.0,806.0,7.0,0.0,0.0,0.0,0.0,24.68,1.49,2.99
2021/08/13,23.45,23.75,23.05,23.5,54.0,1259.0,0.2132,0.0625,47.0,2.0,0.0,0.0,2.0,810.0,5.0,1.0,0.0,0.0,0.0,24.74,1.49,2.98
2021/08/16,23.5,23.5,23.0,23.05,55.0,1289.0,-1.9149,0.0637,48.0,-3.0,0.0,0.0,-3.0,821.0,12.0,1.0,0.0,0.0,0.0,24.26,1.46,3.04
2021/08/17,23.05,23.5,22.95,23.1,103.0,2400.0,0.2169,0.1193,75.0,2.0,0.0,0.0,2.0,798.0,1.0,24.0,0.0,0.0,0.0,24.32,1.46,3.03
2021/08/18,22.85,23.3,22.85,23.25,16.0,383.0,0.6494,0.0185,30.0,1.0,0.0,0.0,1.0,793.0,0.0,5.0,0.0,0.0,0.0,24.47,1.47,3.01
2021/08/19,23.1,23.2,23.0,23.2,21.0,495.0,-0.2151,0.0243,28.0,0.0,0.0,-1.0,-1.0,791.0,2.0,0.0,0.0,0.0,0.0,24.42,1.47,3.02
2021/08/20,23.0,23.05,23.0,23.0,19.0,443.0,-0.8621,0.022,22.0,-4.0,0.0,0.0,-4.0,786.0,0.0,5.0,0.0,0.0,0.0,24.21,1.46,3.04
2021/08/23,23.05,23.7,23.05,23.7,20.0,469.0,3.0435,0.0232,17.0,3.0,0.0,0.0,3.0,786.0,0.0,0.0,0.0,0.0,0.0,24.95,1.5,2.95
2021/08/24,23.4,24.0,23.35,24.0,28.0,676.0,1.2658,0.0324,36.0,3.0,0.0,0.0,3.0,785.0,0.0,1.0,0.0,0.0,0.0,25.26,1.52,2.92
2021/08/25,23.9,24.0,23.6,23.75,82.0,1963.0,-1.0417,0.0949,57.0,6.0,0.0,0.0,6.0,786.0,1.0,0.0,0.0,0.0,0.0,25.0,1.51,2.95
2021/08/26,23.6,23.7,23.25,23.35,50.0,1192.0,1.2621,0.0579,49.0,1.0,0.0,0.0,1.0,785.0,0.0,1.0,0.0,0.0,0.0,24.58,1.48,3.0
2021/08/27,23.25,24.0,23.15,24.0,43.0,1023.0,2.7837,0.0498,34.0,1.0,0.0,0.0,1.0,784.0,1.0,2.0,0.0,0.0,0.0,25.26,1.52,2.92
2021/08/30,23.8,24.0,23.2,24.0,31.0,759.0,0.0,0.0359,42.0,6.0,0.0,0.0,6.0,783.0,0.0,1.0,0.0,2.0,2.0,25.26,1.52,2.92
2021/08/31,23.65,24.05,23.65,24.0,28.0,671.0,0.0,0.0324,27.0,-4.0,0.0,0.0,-4.0,783.0,0.0,0.0,2.0,0.0,0.0,25.26,1.52,2.92
2021/09/01,24.1,24.1,23.8,23.95,28.0,674.0,-0.2083,0.0324,22.0,-1.0,0.0,1.0,0.0,793.0,10.0,0.0,0.0,0.0,0.0,25.21,1.52,2.92
2021/09/02,24.3,24.6,23.8,23.8,108.0,2617.0,-0.6263,0.125,66.0,7.0,0.0,0.0,7.0,769.0,4.0,28.0,0.0,0.0,0.0,25.05,1.51,2.94
2021/09/03,23.75,23.9,23.75,23.9,31.0,740.0,0.4202,0.0359,25.0,9.0,0.0,8.0,17.0,766.0,1.0,4.0,0.0,0.0,0.0,25.16,1.52,2.93
2021/09/06,23.8,24.9,23.8,24.3,145.0,3580.0,1.6736,0.1679,84.0,-27.0,0.0,0.0,-27.0,773.0,14.0,7.0,0.0,0.0,0.0,25.58,1.54,2.88
2021/09/07,24.8,24.8,24.3,24.3,274.0,6754.0,0.0,0.3172,85.0,-17.0,0.0,0.0,-17.0,818.0,45.0,0.0,0.0,0.0,0.0,25.58,1.54,2.88
2021/09/08,24.3,24.5,24.3,24.45,81.0,1985.0,0.6173,0.0938,46.0,15.0,0.0,0.0,15.0,814.0,0.0,4.0,0.0,0.0,0.0,25.74,1.55,2.86
2021/09/09,24.45,24.45,23.8,24.05,97.0,2337.0,-1.636,0.1123,70.0,2.0,0.0,0.0,2.0,784.0,3.0,33.0,0.0,0.0,0.0,25.32,1.53,2.91
2021/09/10,24.05,24.1,23.85,23.9,28.0,673.0,-0.6237,0.0324,17.0,0.0,0.0,0.0,0.0,784.0,10.0,10.0,0.0,0.0,0.0,25.16,1.52,2.93
2021/09/13,23.9,24.0,23.75,23.8,23.0,552.0,-0.4184,0.0266,28.0,1.0,0.0,0.0,1.0,789.0,5.0,0.0,0.0,0.0,0.0,25.05,1.51,2.94
2021/09/14,23.9,24.0,23.75,23.75,42.0,1020.0,-0.2101,0.0486,40.0,12.0,0.0,0.0,12.0,789.0,0.0,0.0,0.0,0.0,0.0,25.0,1.51,2.95
2021/09/15,23.75,23.75,23.6,23.6,30.0,717.0,-0.6316,0.0347,32.0,0.0,0.0,0.0,0.0,789.0,2.0,2.0,0.0,0.0,0.0,24.84,1.5,2.97
2021/09/16,23.6,23.7,23.55,23.6,23.0,546.0,0.0,0.0266,21.0,1.0,0.0,0.0,1.0,788.0,0.0,1.0,0.0,0.0,0.0,24.84,1.5,2.97
2021/09/17,23.85,23.85,23.55,23.55,17.0,405.0,-0.2119,0.0197,24.0,-4.0,0.0,0.0,-4.0,788.0,0.0,0.0,0.0,0.0,0.0,24.79,1.49,2.97
2021/09/22,23.5,23.75,23.1,23.6,47.0,1104.0,0.2123,0.0544,35.0,-4.0,0.0,-1.0,-5.0,785.0,2.0,5.0,0.0,0.0,0.0,24.84,1.5,2.97
2021/09/23,23.7,24.0,23.55,24.0,40.0,955.0,1.6949,0.0463,17.0,-16.0,0.0,0.0,-16.0,786.0,2.0,1.0,0.0,1.0,1.0,25.26,1.52,2.92
2021/09/24,24.0,24.1,23.7,24.0,28.0,679.0,0.0,0.0324,34.0,-2.0,0.0,0.0,-2.0,783.0,0.0,3.0,0.0,1.0,0.0,25.26,1.52,2.92
2021/09/27,23.95,24.6,23.8,24.2,51.0,1237.0,0.8333,0.059,43.0,2.0,0.0,0.0,2.0,751.0,0.0,32.0,0.0,1.0,0.0,25.47,1.53,2.89
2021/09/28,24.2,24.3,23.9,24.3,16.0,385.0,0.4132,0.0185,12.0,-2.0,0.0,0.0,-2.0,751.0,0.0,0.0,1.0,0.0,0.0,25.58,1.54,2.88
2021/09/29,24.1,24.1,23.6,23.7,41.0,990.0,-2.4691,0.0475,28.0,-3.0,0.0,-2.0,-5.0,751.0,1.0,1.0,0.0,0.0,0.0,24.95,1.5,2.95
2021/09/30,23.55,24.2,23.5,24.2,152.0,3619.0,2.1097,0.176,59.0,0.0,0.0,0.0,0.0,745.0,0.0,6.0,0.0,1.0,1.0,25.47,1.53,2.89
2021/10/01,24.15,24.15,23.4,23.5,59.0,1401.0,-2.8926,0.0683,57.0,-4.0,0.0,0.0,-4.0,742.0,0.0,3.0,1.0,0.0,0.0,24.74,1.49,2.98
2021/10/04,23.35,23.5,23.1,23.25,59.0,1387.0,-1.0638,0.0683,50.0,-5.0,0.0,0.0,-5.0,747.0,5.0,0.0,0.0,0.0,0.0,24.47,1.47,3.01
2021/10/05,23.25,23.55,23.15,23.55,36.0,849.0,1.2903,0.0417,32.0,-1.0,0.0,0.0,-1.0,742.0,0.0,5.0,0.0,0.0,0.0,24.79,1.49,2.97
2021/10/06,23.2,23.35,23.2,23.2,26.0,609.0,-1.4862,0.0301,30.0,-5.0,0.0,0.0,-5.0,742.0,0.0,0.0,0.0,0.0,0.0,24.42,1.47,3.02
2021/10/07,23.4,23.6,23.3,23.6,15.0,354.0,1.7241,0.0174,21.0,1.0,0.0,0.0,1.0,737.0,0.0,5.0,0.0,0.0,0.0,24.84,1.5,2.97
2021/10/08,23.6,23.6,23.5,23.5,10.0,247.0,-0.4237,0.0116,19.0,0.0,0.0,0.0,0.0,737.0,0.0,0.0,0.0,0.0,0.0,24.74,1.49,2.98
2021/10/12,23.7,23.7,23.5,23.6,4.0,97.0,0.4255,0.0046,9.0,0.0,0.0,0.0,0.0,737.0,0.0,0.0,0.0,0.0,0.0,24.84,1.5,2.97
2021/10/13,23.95,24.0,23.15,23.5,83.0,1964.0,-0.4237,0.0961,37.0,-8.0,0.0,4.0,-4.0,738.0,1.0,0.0,0.0,0.0,0.0,24.74,1.49,2.98
2021/10/14,23.5,23.75,23.25,23.55,11.0,259.0,0.2128,0.0127,14.0,1.0,0.0,0.0,1.0,737.0,0.0,1.0,0.0,0.0,0.0,24.79,1.49,2.97
2021/10/15,23.55,23.6,23.4,23.55,48.0,1133.0,0.0,0.0556,24.0,8.0,0.0,0.0,8.0,737.0,0.0,0.0,0.0,0.0,0.0,24.79,1.49,2.97
2021/10/18,23.5,23.6,23.45,23.6,12.0,283.0,0.2123,0.0139,14.0,3.0,0.0,0.0,3.0,738.0,1.0,0.0,0.0,0.0,0.0,24.84,1.5,2.97
2021/10/19,23.75,23.8,23.4,23.6,31.0,745.0,0.0,0.0359,34.0,9.0,0.0,1.0,10.0,733.0,0.0,0.0,0.0,0.0,0.0,24.84,1.5,2.97
2021/10/20,23.6,23.9,23.5,23.8,68.0,1613.0,0.8475,0.0787,26.0,-4.0,0.0,2.0,-2.0,734.0,1.0,0.0,0.0,0.0,0.0,25.05,1.51,2.94
2021/10/21,23.7,23.95,23.5,23.8,52.0,1239.0,0.0,0.0602,36.0,0.0,0.0,0.0,0.0,757.0,23.0,0.0,0.0,0.0,0.0,25.05,1.51,2.94
2021/10/22,23.95,24.3,23.95,24.3,123.0,2967.0,2.1008,0.1424,65.0,7.0,0.0,0.0,7.0,755.0,1.0,3.0,0.0,0.0,0.0,25.58,1.54,2.88
2021/10/25,24.5,24.5,23.85,24.0,66.0,1592.0,-1.2346,0.0764,54.0,5.0,0.0,0.0,5.0,766.0,11.0,0.0,0.0,0.0,0.0,25.26,1.52,2.92
2021/10/26,24.4,24.5,23.85,23.95,146.0,3550.0,-0.2083,0.169,102.0,7.0,0.0,0.0,7.0,765.0,1.0,2.0,0.0,0.0,0.0,25.21,1.52,2.92
2021/10/27,23.9,23.9,23.65,23.8,56.0,1341.0,-0.6263,0.0648,40.0,3.0,0.0,0.0,3.0,751.0,0.0,14.0,0.0,0.0,0.0,25.05,1.51,2.94
2021/10/28,23.7,23.8,23.6,23.8,35.0,845.0,0.0,0.0405,27.0,-1.0,0.0,0.0,-1.0,750.0,0.0,1.0,0.0,0.0,0.0,25.05,1.51,2.94
2021/10/29,23.85,24.15,23.8,23.95,34.0,823.0,0.6303,0.0394,33.0,-2.0,0.0,0.0,-2.0,750.0,0.0,0.0,0.0,0.0,0.0,25.21,1.52,2.92
2021/11/01,24.5,24.5,23.95,24.0,24.0,578.0,0.2088,0.0278,19.0,-1.0,0.0,0.0,-1.0,751.0,1.0,0.0,0.0,0.0,0.0,25.26,1.52,2.92
2021/11/02,24.0,24.05,23.9,24.05,36.0,866.0,0.2083,0.0417,28.0,-3.0,0.0,0.0,-3.0,758.0,10.0,3.0,0.0,0.0,0.0,25.32,1.53,2.91
2021/11/03,23.8,24.0,23.65,23.8,41.0,982.0,-1.0395,0.0475,30.0,-2.0,0.0,0.0,-2.0,758.0,0.0,0.0,0.0,0.0,0.0,25.05,1.51,2.94
2021/11/04,23.95,24.0,23.8,24.0,18.0,436.0,0.8403,0.0208,21.0,-1.0,0.0,0.0,-1.0,748.0,0.0,10.0,0.0,0.0,0.0,25.26,1.52,2.92
2021/11/05,24.0,24.0,23.7,23.85,79.0,1896.0,-0.625,0.0915,33.0,-10.0,0.0,0.0,-10.0,748.0,7.0,7.0,0.0,0.0,0.0,25.11,1.51,2.94
2021/11/08,23.7,23.7,23.35,23.45,136.0,3199.0,-1.6771,0.1575,109.0,5.0,0.0,0.0,5.0,750.0,4.0,2.0,0.0,0.0,0.0,24.68,1.49,2.99
2021/11/09,23.45,23.45,23.05,23.4,141.0,3284.0,-0.2132,0.1632,91.0,4.0,0.0,1.0,5.0,749.0,1.0,2.0,0.0,0.0,0.0,24.63,1.48,2.99
2021/11/10,23.6,23.6,23.2,23.25,54.0,1268.0,-0.641,0.0625,57.0,1.0,0.0,1.0,2.0,748.0,0.0,1.0,0.0,0.0,0.0,26.12,1.52,3.01
2021/11/11,23.35,23.45,23.1,23.3,57.0,1343.0,0.2151,0.066,48.0,9.0,0.0,0.0,9.0,748.0,0.0,0.0,0.0,0.0,0.0,26.18,1.52,3.0
2021/11/12,23.25,23.25,23.0,23.1,113.0,2614.0,-0.8584,0.1308,83.0,6.0,0.0,3.0,9.0,748.0,1.0,1.0,0.0,0.0,0.0,25.96,1.51,3.03
2021/11/15,23.3,23.45,23.25,23.35,33.0,785.0,1.0823,0.0382,59.0,4.0,0.0,0.0,4.0,754.0,7.0,1.0,0.0,0.0,0.0,26.24,1.52,3.0
2021/11/16,23.45,23.55,23.45,23.5,52.0,1230.0,0.6424,0.0602,33.0,-2.0,0.0,0.0,-2.0,754.0,0.0,0.0,0.0,0.0,0.0,26.4,1.53,2.98
2021/11/17,23.5,23.6,23.35,23.35,33.0,784.0,-0.6383,0.0382,37.0,0.0,0.0,2.0,2.0,742.0,8.0,20.0,0.0,0.0,0.0,26.24,1.52,3.0
2021/11/18,23.3,23.6,23.25,23.5,37.0,884.0,0.6424,0.0428,45.0,4.0,0.0,0.0,4.0,745.0,5.0,2.0,0.0,0.0,0.0,26.4,1.53,2.98
2021/11/19,23.55,23.65,23.5,23.5,15.0,366.0,0.0,0.0174,29.0,0.0,0.0,0.0,0.0,746.0,1.0,0.0,0.0,0.0,0.0,26.4,1.53,2.98
2021/11/22,23.5,24.0,23.45,24.0,68.0,1629.0,2.1277,0.0787,48.0,-1.0,0.0,0.0,-1.0,744.0,0.0,2.0,0.0,0.0,0.0,26.97,1.57,2.92
2021/11/23,24.5,24.55,23.8,24.3,331.0,8078.0,1.25,0.3832,136.0,-24.0,0.0,0.0,-24.0,720.0,0.0,24.0,0.0,0.0,0.0,27.3,1.59,2.88
2021/11/24,24.4,24.4,24.0,24.35,22.0,546.0,0.2058,0.0255,34.0,-2.0,0.0,0.0,-2.0,720.0,0.0,0.0,0.0,0.0,0.0,27.36,1.59,2.87
2021/11/25,24.35,24.35,24.0,24.1,51.0,1236.0,-1.0267,0.059,46.0,2.0,0.0,0.0,2.0,730.0,15.0,5.0,0.0,0.0,0.0,27.08,1.57,2.9
2021/11/26,24.05,24.05,23.7,23.9,41.0,989.0,-0.8299,0.0475,42.0,6.0,0.0,-1.0,5.0,741.0,13.0,2.0,0.0,0.0,0.0,26.85,1.56,2.93
2021/11/29,23.85,24.0,23.85,23.95,51.0,1233.0,0.2092,0.059,40.0,1.0,0.0,0.0,1.0,735.0,2.0,8.0,0.0,0.0,0.0,26.91,1.56,2.92
2021/11/30,23.7,24.0,23.65,24.0,18.0,442.0,0.2088,0.0208,25.0,0.0,0.0,0.0,0.0,743.0,8.0,0.0,0.0,0.0,0.0,26.97,1.57,2.92
2021/12/01,24.0,24.0,23.8,24.0,61.0,1458.0,0.0,0.0706,31.0,6.0,0.0,0.0,6.0,760.0,20.0,3.0,0.0,0.0,0.0,26.97,1.57,2.92
2021/12/02,23.7,23.9,23.65,23.7,70.0,1660.0,-1.25,0.081,54.0,3.0,0.0,0.0,3.0,761.0,1.0,0.0,0.0,0.0,0.0,26.63,1.55,2.95
2021/12/03,23.8,23.95,23.35,23.5,384.0,9001.0,-0.8439,0.4446,182.0,10.0,0.0,0.0,10.0,794.0,39.0,6.0,0.0,0.0,0.0,26.4,1.53,2.98
2021/12/06,23.4,23.45,23.2,23.3,42.0,982.0,-0.8511,0.0486,58.0,1.0,0.0,0.0,1.0,781.0,0.0,13.0,0.0,0.0,0.0,26.18,1.52,3.0
2021/12/07,23.3,23.5,23.3,23.3,31.0,731.0,0.0,0.0359,39.0,-1.0,0.0,0.0,-1.0,781.0,0.0,0.0,0.0,0.0,0.0,26.18,1.52,3.0
2021/12/08,23.35,23.5,23.3,23.3,24.0,567.0,0.0,0.0278,24.0,8.0,0.0,0.0,8.0,778.0,0.0,3.0,0.0,0.0,0.0,26.18,1.52,3.0
2021/12/09,23.65,24.0,23.6,23.7,108.0,2586.0,1.7167,0.125,59.0,2.0,0.0,0.0,2.0,785.0,9.0,2.0,0.0,0.0,0.0,26.63,1.55,2.95
2021/12/10,23.7,23.7,23.4,23.5,50.0,1182.0,-0.8439,0.0579,62.0,-1.0,0.0,0.0,-1.0,749.0,4.0,40.0,0.0,0.0,0.0,26.4,1.53,2.98
2021/12/13,23.5,23.65,23.5,23.55,34.0,823.0,0.2128,0.0394,44.0,0.0,0.0,0.0,0.0,749.0,0.0,0.0,0.0,0.0,0.0,26.46,1.54,2.97
2021/12/14,23.5,24.2,23.5,23.9,120.0,2875.0,1.4862,0.1389,92.0,-9.0,0.0,0.0,-9.0,778.0,49.0,20.0,0.0,0.0,0.0,26.85,1.56,2.93
2021/12/15,24.0,24.0,23.75,23.8,40.0,975.0,-0.4184,0.0463,76.0,-3.0,0.0,-1.0,-4.0,774.0,12.0,16.0,0.0,0.0,0.0,26.74,1.55,2.94
2021/12/16,24.0,24.25,23.85,24.1,149.0,3609.0,1.2605,0.1725,74.0,0.0,0.0,0.0,0.0,797.0,28.0,5.0,0.0,0.0,0.0,27.08,1.57,2.9
2021/12/17,24.0,24.2,24.0,24.15,99.0,2399.0,0.2075,0.1146,56.0,11.0,0.0,0.0,11.0,802.0,13.0,8.0,0.0,0.0,0.0,27.13,1.58,2.9
2021/12/20,24.15,24.15,23.85,24.1,78.0,1884.0,-0.207,0.0903,47.0,-12.0,0.0,-1.0,-13.0,799.0,45.0,48.0,0.0,0.0,0.0,27.08,1.57,2.9
2021/12/21,24.0,24.1,23.95,24.1,92.0,2226.0,0.0,0.1065,29.0,4.0,0.0,0.0,4.0,801.0,51.0,49.0,0.0,0.0,0.0,27.08,1.57,2.9
2021/12/22,24.2,24.2,23.85,24.2,79.0,1918.0,0.4149,0.0915,50.0,-4.0,0.0,0.0,-4.0,801.0,4.0,4.0,0.0,0.0,0.0,27.19,1.58,2.89
2021/12/23,24.2,24.2,23.6,23.65,110.0,2641.0,-2.2727,0.1274,94.0,6.0,0.0,0.0,6.0,782.0,25.0,44.0,0.0,0.0,0.0,26.57,1.54,2.96
2021/12/24,23.65,23.95,23.65,23.8,25.0,618.0,0.6342,0.0289,42.0,5.0,0.0,0.0,5.0,772.0,0.0,10.0,0.0,0.0,0.0,26.74,1.55,2.94
2021/12/27,24.0,24.2,24.0,24.1,73.0,1785.0,1.2605,0.0845,71.0,5.0,0.0,0.0,5.0,768.0,0.0,4.0,0.0,0.0,0.0,27.08,1.57,2.9
2021/12/28,24.1,24.2,23.95,24.1,41.0,991.0,0.0,0.0475,91.0,4.0,0.0,0.0,4.0,767.0,2.0,3.0,0.0,0.0,0.0,27.08,1.57,2.9
2021/12/29,24.25,24.25,24.0,24.1,53.0,1280.0,0.0,0.0614,74.0,3.0,0.0,0.0,3.0,769.0,10.0,8.0,0.0,0.0,0.0,27.08,1.57,2.9
2021/12/30,24.15,24.4,23.9,24.35,131.0,3170.0,1.0373,0.1517,160.0,7.0,0.0,0.0,7.0,761.0,8.0,16.0,0.0,0.0,0.0,27.36,1.59,2.87
2022/01/03,24.5,24.8,24.35,24.45,188.0,4624.0,0.4107,0.2177,140.0,-24.0,0.0,0.0,-24.0,775.0,20.0,6.0,0.0,0.0,0.0,27.42,1.59,2.87
2022/01/04,24.45,24.55,24.25,24.55,94.0,2310.0,0.409,0.1088,499.0,2.0,0.0,0.0,2.0,777.0,8.0,6.0,0.0,0.0,0.0,27.58,1.6,2.85
2022/01/05,24.5,24.9,24.5,24.65,230.0,5679.0,0.4073,0.2663,105.0,-2.0,0.0,0.0,-2.0,773.0,15.0,19.0,0.0,0.0,0.0,27.7,1.61,2.84
2022/01/06,24.65,24.7,24.55,24.65,51.0,1272.0,0.0,0.059,66.0,1.0,0.0,0.0,1.0,781.0,19.0,11.0,0.0,0.0,0.0,27.7,1.61,2.84
2022/01/07,24.55,24.65,24.35,24.6,54.0,1340.0,-0.2028,0.0625,82.0,2.0,0.0,0.0,2.0,777.0,7.0,11.0,0.0,0.0,0.0,27.64,1.6,2.85
2022/01/10,24.8,24.9,24.55,24.65,89.0,2213.0,0.2033,0.103,84.0,-1.0,0.0,0.0,-1.0,773.0,11.0,15.0,0.0,0.0,0.0,27.7,1.61,2.84
2022/01/11,24.65,24.65,24.35,24.55,77.0,1912.0,-0.4057,0.0892,62.0,-4.0,0.0,0.0,-4.0,768.0,1.0,6.0,0.0,0.0,0.0,27.58,1.6,2.85
2022/01/12,24.25,24.5,24.25,24.45,12.0,297.0,-0.4073,0.0139,16.0,1.0,0.0,0.0,1.0,771.0,10.0,7.0,0.0,0.0,0.0,27.47,1.59,2.86
2022/01/13,24.7,24.8,24.35,24.8,76.0,1881.0,1.4315,0.088,64.0,-2.0,0.0,0.0,-2.0,775.0,12.0,8.0,0.0,0.0,0.0,27.87,1.62,2.82
2022/01/14,24.75,24.75,24.4,24.65,36.0,905.0,-0.6048,0.0417,54.0,-3.0,0.0,0.0,-3.0,770.0,3.0,8.0,0.0,0.0,0.0,27.7,1.61,2.84
2022/01/17,24.7,24.75,24.5,24.5,75.0,1863.0,-0.6085,0.0868,51.0,-1.0,0.0,-1.0,-2.0,763.0,1.0,8.0,0.0,0.0,0.0,27.53,1.6,2.86
2022/01/18,24.5,24.5,24.3,24.4,43.0,1052.0,-0.4082,0.0498,31.0,1.0,0.0,0.0,1.0,766.0,3.0,0.0,0.0,0.0,0.0,27.42,1.59,2.87
2022/01/19,24.4,24.4,24.1,24.15,7.0,174.0,-1.0246,0.0081,18.0,1.0,0.0,0.0,1.0,763.0,0.0,3.0,0.0,0.0,0.0,27.13,1.58,2.9
2022/01/20,24.15,24.15,24.05,24.1,18.0,451.0,-0.207,0.0208,27.0,1.0,0.0,0.0,1.0,763.0,2.0,2.0,0.0,0.0,0.0,27.08,1.57,2.9
2022/01/21,24.05,24.05,23.2,23.8,260.0,6155.0,-1.2448,0.301,218.0,-14.0,0.0,0.0,-14.0,782.0,22.0,3.0,0.0,0.0,0.0,26.74,1.55,2.94
2022/01/24,23.65,23.9,23.6,23.85,28.0,685.0,0.2101,0.0324,65.0,6.0,0.0,0.0,6.0,780.0,0.0,2.0,0.0,0.0,0.0,26.8,1.56,2.94
2022/01/25,23.65,23.7,23.6,23.7,42.0,996.0,-0.6289,0.0486,102.0,-1.0,0.0,0.0,-1.0,766.0,1.0,15.0,0.0,0.0,0.0,26.63,1.55,2.95
2022/01/26,23.6,25.4,23.5,25.0,117.0,2881.0,5.4852,0.1355,95.0,-10.0,0.0,0.0,-10.0,747.0,1.0,20.0,0.0,0.0,0.0,28.09,1.63,2.8
2022/02/07,25.0,25.9,24.75,25.8,365.0,9286.0,3.2,0.4226,194.0,0.0,0.0,0.0,0.0,796.0,66.0,17.0,0.0,0.0,0.0,28.99,1.68,2.71
2022/02/08,25.8,25.9,25.55,25.7,203.0,5231.0,-0.3876,0.235,109.0,1.0,0.0,0.0,1.0,794.0,28.0,30.0,0.0,0.0,0.0,28.88,1.68,2.72
2022/02/09,25.7,25.75,25.45,25.65,144.0,3691.0,-0.1946,0.1667,82.0,3.0,0.0,0.0,3.0,796.0,22.0,20.0,0.0,0.0,0.0,28.82,1.67,2.73
2022/02/10,25.45,25.5,25.35,25.4,36.0,926.0,-0.9747,0.0417,38.0,1.0,0.0,0.0,1.0,797.0,4.0,3.0,0.0,0.0,0.0,28.54,1.66,2.76
2022/02/11,25.25,25.4,25.2,25.4,38.0,965.0,0.0,0.044,21.0,-3.0,0.0,0.0,-3.0,796.0,0.0,1.0,0.0,0.0,0.0,28.54,1.66,2.76
2022/02/14,25.2,25.4,25.05,25.35,47.0,1200.0,-0.1969,0.0544,48.0,-1.0,0.0,0.0,-1.0,793.0,1.0,4.0,0.0,0.0,0.0,28.48,1.65,2.76
2022/02/15,25.4,25.4,24.65,24.75,92.0,2298.0,-2.3669,0.1065,80.0,-3.0,0.0,0.0,-3.0,780.0,13.0,26.0,0.0,0.0,0.0,27.81,1.61,2.83
2022/02/16,24.9,25.0,24.8,24.95,46.0,1154.0,0.8081,0.0533,45.0,1.0,0.0,0.0,1.0,757.0,0.0,23.0,0.0,0.0,0.0,28.03,1.63,2.81
2022/02/17,25.0,25.05,24.55,25.05,79.0,1968.0,0.4008,0.0915,72.0,3.0,0.0,0.0,3.0,734.0,10.0,33.0,0.0,0.0,0.0,28.15,1.63,2.79
2022/02/18,25.05,25.05,24.9,24.9,8.0,208.0,-0.5988,0.0093,24.0,-1.0,0.0,0.0,-1.0,734.0,0.0,0.0,0.0,0.0,0.0,27.98,1.62,2.81
2022/02/21,25.0,25.0,24.9,25.0,11.0,279.0,0.4016,0.0127,39.0,-1.0,0.0,0.0,-1.0,734.0,0.0,0.0,0.0,0.0,0.0,28.09,1.63,2.8
2022/02/22,24.7,25.0,24.1,24.35,52.0,1301.0,-2.6,0.0602,60.0,-5.0,0.0,0.0,-5.0,738.0,4.0,0.0,0.0,0.0,0.0,27.36,1.59,2.87
2022/02/23,24.8,24.8,24.55,24.55,11.0,280.0,0.8214,0.0127,16.0,-1.0,0.0,0.0,-1.0,737.0,0.0,1.0,0.0,0.0,0.0,27.58,1.6,2.85
2022/02/24,24.3,24.7,24.1,24.35,63.0,1553.0,-0.8147,0.0729,71.0,3.0,0.0,0.0,3.0,745.0,8.0,0.0,0.0,0.0,0.0,27.36,1.59,2.87
2022/02/25,24.35,24.55,24.35,24.55,17.0,419.0,0.8214,0.0197,33.0,0.0,0.0,0.0,0.0,754.0,9.0,0.0,0.0,0.0,0.0,27.58,1.6,2.85
2022/03/01,24.65,24.75,24.65,24.75,7.0,178.0,0.8147,0.0081,22.0,4.0,0.0,0.0,4.0,755.0,1.0,0.0,0.0,0.0,0.0,27.81,1.61,2.83
2022/03/02,24.75,24.8,24.35,24.35,60.0,1478.0,-1.6162,0.0695,37.0,11.0,0.0,0.0,11.0,755.0,0.0,0.0,0.0,0.0,0.0,27.36,1.59,2.87
2022/03/03,24.75,25.0,24.4,24.9,83.0,2058.0,2.2587,0.0961,53.0,-1.0,0.0,0.0,-1.0,756.0,9.0,8.0,0.0,0.0,0.0,27.98,1.62,2.81
2022/03/04,24.6,24.85,24.45,24.5,87.0,2142.0,-1.6064,0.1007,60.0,-3.0,0.0,0.0,-3.0,766.0,10.0,0.0,0.0,0.0,0.0,27.53,1.6,2.86
2022/03/07,24.45,24.45,24.05,24.05,34.0,830.0,-1.8367,0.0394,42.0,1.0,0.0,0.0,1.0,772.0,7.0,1.0,0.0,0.0,0.0,27.02,1.57,2.91
2022/03/08,24.0,24.3,23.8,23.9,18.0,442.0,-0.6237,0.0208,42.0,-2.0,0.0,0.0,-2.0,769.0,0.0,3.0,0.0,0.0,0.0,26.85,1.56,2.93
2022/03/09,23.8,24.2,23.8,24.05,46.0,1123.0,0.6276,0.0533,56.0,-1.0,0.0,0.0,-1.0,762.0,0.0,7.0,0.0,0.0,0.0,27.02,1.57,2.91
2022/03/10,24.3,24.4,23.95,24.1,55.0,1332.0,0.2079,0.0637,44.0,-2.0,0.0,0.0,-2.0,762.0,0.0,0.0,0.0,0.0,0.0,27.08,1.57,2.9
2022/03/11,24.0,24.05,23.9,23.9,41.0,987.0,-0.8299,0.0475,64.0,-2.0,0.0,0.0,-2.0,762.0,0.0,0.0,0.0,0.0,0.0,26.85,1.56,2.93
2022/03/14,23.7,24.0,23.6,24.0,64.0,1540.0,0.4184,0.0741,71.0,3.0,0.0,0.0,3.0,754.0,0.0,8.0,0.0,0.0,0.0,26.97,1.57,2.92
2022/03/15,24.0,24.1,23.8,24.1,29.0,703.0,0.4167,0.0336,51.0,0.0,0.0,0.0,0.0,751.0,0.0,3.0,0.0,0.0,0.0,27.08,1.57,2.9
2022/03/16,24.2,24.2,24.0,24.1,24.0,584.0,0.0,0.0278,43.0,5.0,0.0,0.0,5.0,751.0,0.0,0.0,0.0,0.0,0.0,27.08,1.57,2.9
2022/03/17,24.4,25.0,24.2,24.7,37.0,917.0,2.4896,0.0428,57.0,9.0,0.0,0.0,9.0,744.0,0.0,7.0,0.0,0.0,0.0,27.75,1.61,2.83
2022/03/18,24.35,25.0,24.2,25.0,64.0,1581.0,1.2146,0.0741,49.0,-2.0,0.0,0.0,-2.0,733.0,0.0,11.0,0.0,0.0,0.0,28.09,1.63,2.8
2022/03/21,25.2,25.55,24.9,25.15,167.0,4238.0,0.6,0.1934,126.0,-5.0,0.0,0.0,-5.0,734.0,1.0,0.0,0.0,0.0,0.0,19.2,1.58,2.78
2022/03/22,25.4,25.4,24.7,25.1,52.0,1300.0,-0.1988,0.0602,90.0,-1.0,0.0,0.0,-1.0,735.0,2.0,1.0,0.0,0.0,0.0,19.16,1.57,2.79
2022/03/23,25.35,25.35,25.0,25.15,35.0,882.0,0.1992,0.0405,70.0,1.0,0.0,0.0,1.0,739.0,4.0,0.0,0.0,0.0,0.0,28.09,1.63,2.8
2022/03/24,25.3,25.3,24.85,25.05,26.0,661.0,-0.3976,0.0301,109.0,-1.0,0.0,0.0,-1.0,741.0,2.0,0.0,0.0,0.0,0.0,19.12,1.57,2.79
2022/03/25,24.9,25.0,24.9,24.95,30.0,750.0,-0.3992,0.0347,48.0,0.0,0.0,0.0,0.0,741.0,0.0,0.0,0.0,0.0,0.0,19.05,1.57,2.81
2022/03/28,24.9,25.2,24.9,25.05,44.0,1109.0,0.4008,0.0509,98.0,-2.0,0.0,0.0,-2.0,736.0,0.0,5.0,0.0,0.0,0.0,19.12,1.57,2.79
2022/03/29,25.05,25.05,24.95,24.95,25.0,642.0,-0.3992,0.0289,37.0,1.0,0.0,0.0,1.0,740.0,5.0,1.0,0.0,0.0,0.0,19.05,1.57,4.41
2022/03/30,25.05,25.3,25.0,25.15,91.0,2291.0,0.8016,0.1054,48.0,-1.0,0.0,0.0,-1.0,780.0,40.0,0.0,0.0,0.0,0.0,19.2,1.58,4.37
2022/03/31,25.15,25.2,24.95,25.0,72.0,1826.0,-0.5964,0.0834,43.0,1.0,0.0,0.0,1.0,786.0,11.0,5.0,0.0,0.0,0.0,19.08,1.57,4.4
2022/04/01,25.0,25.1,24.75,24.8,29.0,729.0,-0.8,0.0336,39.0,-3.0,0.0,0.0,-3.0,787.0,1.0,0.0,0.0,0.0,0.0,18.93,1.56,4.44
2022/04/06,25.0,25.0,24.85,24.85,8.0,207.0,0.2016,0.0093,26.0,0.0,0.0,0.0,0.0,784.0,0.0,3.0,0.0,0.0,0.0,18.97,1.56,4.43
2022/04/07,25.0,25.0,24.4,24.4,113.0,2789.0,-1.8109,0.1308,68.0,9.0,0.0,0.0,9.0,800.0,16.0,0.0,0.0,0.0,0.0,18.63,1.53,4.51
2022/04/08,24.5,25.25,24.4,25.1,109.0,2718.0,2.8689,0.1262,79.0,2.0,0.0,-1.0,1.0,786.0,1.0,15.0,0.0,0.0,0.0,19.16,1.57,4.38
2022/04/11,25.2,25.2,24.65,24.7,49.0,1224.0,-1.5936,0.0567,30.0,-12.0,0.0,0.0,-12.0,755.0,1.0,32.0,0.0,0.0,0.0,18.85,1.55,4.45
2022/04/12,24.9,25.0,24.7,24.7,42.0,1046.0,0.0,0.0486,20.0,0.0,0.0,0.0,0.0,751.0,0.0,4.0,0.0,0.0,0.0,18.85,1.55,4.45
2022/04/13,24.9,24.9,24.6,24.8,24.0,600.0,0.4049,0.0278,19.0,1.0,0.0,0.0,1.0,751.0,1.0,1.0,0.0,0.0,0.0,18.93,1.56,4.44
2022/04/14,24.95,25.1,24.85,24.95,28.0,706.0,0.6048,0.0324,30.0,-4.0,0.0,0.0,-4.0,757.0,12.0,6.0,0.0,0.0,0.0,19.05,1.57,4.41
2022/04/15,24.8,25.0,24.8,24.9,49.0,1233.0,-0.2004,0.0567,60.0,-4.0,0.0,0.0,-4.0,763.0,12.0,6.0,0.0,0.0,0.0,19.01,1.56,4.42
2022/04/18,25.1,26.8,25.1,26.35,780.0,20275.0,5.8233,0.9031,527.0,28.0,0.0,0.0,28.0,843.0,122.0,42.0,0.0,0.0,0.0,20.11,1.65,4.17
2022/04/19,26.8,27.0,25.55,26.2,669.0,17684.0,-0.5693,0.7746,357.0,-26.0,0.0,0.0,-26.0,830.0,50.0,63.0,0.0,0.0,0.0,20.0,1.64,4.2
2022/04/20,25.9,26.4,25.7,26.4,169.0,4394.0,0.7634,0.1957,158.0,13.0,0.0,0.0,13.0,847.0,22.0,5.0,0.0,0.0,0.0,20.15,1.66,4.17
2022/04/21,26.85,27.65,26.25,27.25,634.0,17069.0,3.2197,0.734,343.0,20.0,0.0,0.0,20.0,827.0,65.0,85.0,0.0,0.0,0.0,20.8,1.71,4.04
2022/04/22,27.05,27.4,26.75,27.1,543.0,14739.0,-0.5505,0.6287,295.0,-8.0,0.0,0.0,-8.0,774.0,37.0,90.0,0.0,0.0,0.0,20.69,1.7,4.06
2022/04/25,27.1,27.1,26.2,26.6,222.0,5929.0,-1.845,0.257,145.0,-33.0,0.0,0.0,-33.0,755.0,11.0,30.0,0.0,0.0,0.0,20.31,1.67,4.14
2022/04/26,27.25,27.25,26.2,26.3,219.0,5824.0,-1.1278,0.2536,115.0,-28.0,0.0,0.0,-28.0,757.0,11.0,9.0,0.0,0.0,0.0,20.08,1.65,4.18
2022/04/27,26.0,26.75,25.8,26.5,183.0,4807.0,0.7605,0.2119,107.0,5.0,0.0,0.0,5.0,750.0,5.0,12.0,0.0,0.0,0.0,20.23,1.66,4.15
2022/04/28,26.75,28.0,26.7,27.3,521.0,14203.0,3.0189,0.6032,314.0,23.0,0.0,0.0,23.0,775.0,49.0,24.0,0.0,0.0,0.0,20.84,1.71,4.03
2022/04/29,27.45,27.45,26.8,27.0,191.0,5175.0,-1.0989,0.2211,115.0,-50.0,0.0,0.0,-50.0,746.0,14.0,8.0,0.0,0.0,0.0,20.61,1.69,4.07
2022/05/03,27.0,27.15,26.2,26.3,97.0,2581.0,-2.5926,0.1123,83.0,-8.0,0.0,0.0,-8.0,740.0,2.0,8.0,0.0,0.0,0.0,20.08,1.65,4.18
2022/05/04,26.7,26.7,26.2,26.55,88.0,2338.0,0.9506,0.1019,75.0,-26.0,0.0,0.0,-26.0,741.0,7.0,6.0,0.0,0.0,0.0,20.27,1.67,4.14
2022/05/05,26.6,26.6,26.15,26.55,76.0,2013.0,0.0,0.088,53.0,5.0,0.0,0.0,5.0,745.0,6.0,2.0,0.0,0.0,0.0,20.27,1.67,4.14
2022/05/06,26.1,26.4,25.85,26.4,55.0,1441.0,-0.565,0.0637,67.0,0.0,0.0,0.0,0.0,749.0,7.0,3.0,0.0,0.0,0.0,20.15,1.66,4.17
2022/05/09,26.6,26.7,26.2,26.45,180.0,4795.0,0.1894,0.2084,123.0,72.0,0.0,0.0,72.0,759.0,10.0,0.0,0.0,0.0,0.0,20.19,1.66,4.16
2022/05/10,26.45,26.5,26.0,26.45,90.0,2381.0,0.0,0.1042,64.0,-5.0,0.0,0.0,-5.0,767.0,17.0,9.0,0.0,0.0,0.0,20.19,1.66,4.16
2022/05/11,26.45,26.5,26.0,26.4,31.0,830.0,-0.189,0.0359,41.0,2.0,0.0,0.0,2.0,761.0,2.0,8.0,0.0,0.0,0.0,20.15,1.66,4.17
2022/05/12,26.4,26.4,24.25,24.25,173.0,4387.0,-8.1439,0.2003,139.0,-5.0,0.0,0.0,-5.0,752.0,5.0,13.0,0.0,0.0,0.0,19.72,1.46,4.54
2022/05/13,24.35,24.95,23.85,24.25,102.0,2508.0,0.0,0.1181,117.0,5.0,0.0,0.0,5.0,733.0,9.0,28.0,0.0,0.0,0.0,19.72,1.46,4.54
2022/05/16,24.5,24.5,24.0,24.2,43.0,1051.0,-0.2062,0.0498,60.0,1.0,0.0,0.0,1.0,729.0,1.0,5.0,0.0,0.0,0.0,19.67,1.46,4.55
2022/05/17,24.4,24.4,24.2,24.25,13.0,331.0,0.2066,0.0151,24.0,-2.0,0.0,0.0,-2.0,728.0,0.0,1.0,0.0,0.0,0.0,19.72,1.46,4.54
2022/05/18,24.15,24.5,24.15,24.35,25.0,618.0,0.4124,0.0289,33.0,-4.0,0.0,0.0,-4.0,727.0,0.0,1.0,0.0,0.0,0.0,19.8,1.47,4.52
2022/05/19,24.2,24.3,23.9,24.2,46.0,1117.0,-0.616,0.0533,46.0,-10.0,0.0,0.0,-10.0,724.0,0.0,3.0,0.0,0.0,0.0,19.67,1.46,4.55
2022/05/20,24.2,24.55,24.1,24.55,17.0,415.0,1.4463,0.0197,20.0,2.0,0.0,0.0,2.0,716.0,0.0,8.0,0.0,0.0,0.0,19.96,1.48,4.48
2022/05/23,24.9,24.9,24.5,24.9,22.0,548.0,1.4257,0.0255,24.0,0.0,0.0,0.0,0.0,716.0,0.0,0.0,0.0,0.0,0.0,20.24,1.5,4.42
2022/05/24,24.85,24.95,24.55,24.95,19.0,474.0,0.2008,0.022,15.0,0.0,0.0,0.0,0.0,711.0,0.0,5.0,0.0,0.0,0.0,20.28,1.51,4.41
2022/05/25,25.4,25.5,24.75,25.0,14.0,358.0,0.2004,0.0162,39.0,2.0,0.0,0.0,2.0,705.0,1.0,0.0,0.0,0.0,0.0,20.33,1.51,4.4
2022/05/26,25.0,25.25,24.9,25.2,28.0,704.0,0.8,0.0324,26.0,4.0,0.0,0.0,4.0,705.0,0.0,0.0,0.0,0.0,0.0,20.49,1.52,4.37
2022/05/27,25.3,25.3,25.3,25.3,2.0,57.0,0.3968,0.0023,9.0,0.0,0.0,0.0,0.0,704.0,0.0,1.0,0.0,0.0,0.0,20.57,1.53,4.35
2022/05/30,25.3,25.5,25.2,25.2,27.0,690.0,-0.3953,0.0313,17.0,-10.0,0.0,0.0,-10.0,703.0,0.0,1.0,0.0,0.0,0.0,20.49,1.52,4.37
2022/05/31,25.05,25.2,25.0,25.2,6.0,162.0,0.0,0.0069,24.0,-1.0,0.0,0.0,-1.0,703.0,0.0,0.0,0.0,0.0,0.0,20.49,1.52,4.37
2022/06/01,25.0,25.2,24.65,25.0,31.0,789.0,-0.7937,0.0359,44.0,1.0,0.0,0.0,1.0,698.0,1.0,0.0,0.0,0.0,0.0,20.33,1.51,4.4
2022/06/02,25.0,25.3,25.0,25.3,11.0,295.0,1.2,0.0127,45.0,-1.0,0.0,0.0,-1.0,698.0,0.0,0.0,0.0,0.0,0.0,20.57,1.53,4.35
2022/06/06,25.5,25.5,24.8,25.45,145.0,3633.0,0.5929,0.1679,32.0,74.0,0.0,0.0,74.0,698.0,0.0,0.0,0.0,0.0,0.0,20.69,1.54,4.32
2022/06/07,25.05,25.3,25.05,25.05,18.0,455.0,-1.5717,0.0208,23.0,-3.0,0.0,0.0,-3.0,702.0,4.0,0.0,0.0,0.0,0.0,20.37,1.51,4.39
2022/06/08,25.05,25.4,25.0,25.2,538.0,13459.0,0.5988,0.6229,25.0,-1.0,0.0,0.0,-1.0,703.0,4.0,3.0,0.0,0.0,0.0,20.49,1.52,4.37
2022/06/09,25.05,25.3,25.0,25.1,35.0,885.0,-0.3968,0.0405,24.0,-1.0,0.0,0.0,-1.0,700.0,0.0,1.0,0.0,0.0,0.0,20.41,1.52,4.38
2022/06/10,25.1,25.5,24.8,25.35,45.0,1147.0,0.996,0.0521,41.0,1.0,0.0,0.0,1.0,701.0,1.0,0.0,0.0,0.0,0.0,20.61,1.53,4.34
2022/06/13,24.8,25.5,24.8,25.15,45.0,1133.0,-0.789,0.0521,33.0,-10.0,0.0,0.0,-10.0,701.0,0.0,0.0,0.0,0.0,0.0,20.45,1.52,4.37
2022/06/14,25.3,25.3,25.05,25.05,36.0,903.0,-0.3976,0.0417,26.0,-16.0,0.0,0.0,-16.0,701.0,0.0,0.0,0.0,0.0,0.0,20.37,1.51,4.39
2022/06/15,25.25,27.15,25.25,25.9,268.0,7047.0,3.3932,0.3103,202.0,10.0,0.0,0.0,10.0,736.0,46.0,11.0,0.0,0.0,0.0,21.06,1.56,4.25
2022/06/16,26.1,26.35,25.45,25.45,147.0,3814.0,-1.7375,0.1702,103.0,1.0,0.0,0.0,1.0,762.0,37.0,11.0,0.0,0.0,0.0,20.69,1.54,4.32
2022/06/17,25.45,25.55,25.25,25.55,38.0,969.0,0.3929,0.044,29.0,1.0,0.0,0.0,1.0,765.0,6.0,3.0,0.0,0.0,0.0,20.77,1.54,4.31
2022/06/20,25.7,26.05,25.5,25.5,133.0,3454.0,-0.1957,0.154,89.0,-15.0,0.0,0.0,-15.0,792.0,39.0,12.0,0.0,0.0,0.0,20.73,1.54,4.31
2022/06/21,25.95,25.95,25.4,25.75,132.0,3370.0,0.9804,0.1528,82.0,11.0,0.0,3.0,14.0,758.0,2.0,36.0,0.0,0.0,0.0,20.93,1.55,4.27
2022/06/22,25.7,25.7,25.2,25.2,121.0,3069.0,-2.1359,0.1401,74.0,-13.0,0.0,1.0,-12.0,765.0,12.0,5.0,0.0,0.0,0.0,20.49,1.52,4.37
2022/06/23,25.15,25.5,25.0,25.2,78.0,1967.0,0.0,0.0903,54.0,-6.0,0.0,3.0,-3.0,765.0,7.0,7.0,0.0,0.0,0.0,20.49,1.52,4.37
2022/06/24,24.45,24.6,24.15,24.5,106.0,2587.0,1.5873,0.1227,61.0,6.0,0.0,4.0,10.0,745.0,0.0,20.0,0.0,0.0,0.0,19.92,1.48,4.49
2022/06/27,24.7,25.6,24.7,25.0,113.0,2857.0,2.0408,0.1308,76.0,-8.0,0.0,3.0,-5.0,765.0,26.0,6.0,0.0,0.0,0.0,20.33,1.51,4.4
2022/06/28,25.0,25.5,25.0,25.45,17.0,455.0,1.8,0.0197,26.0,-1.0,0.0,0.0,-1.0,765.0,1.0,1.0,0.0,0.0,0.0,20.69,1.54,4.32
2022/06/29,25.5,25.6,25.05,25.05,46.0,1189.0,-1.5717,0.0533,50.0,2.0,0.0,3.0,5.0,768.0,3.0,0.0,0.0,0.0,0.0,20.37,1.51,4.39
2022/06/30,25.5,25.5,25.0,25.2,65.0,1637.0,0.5988,0.0753,44.0,10.0,0.0,-3.0,7.0,770.0,2.0,0.0,0.0,0.0,0.0,20.49,1.52,4.37
2022/07/01,25.8,25.8,24.6,24.95,939.0,23569.0,-0.9921,1.0872,76.0,-24.0,0.0,7.0,-17.0,762.0,2.0,10.0,0.0,0.0,0.0,20.28,1.51,4.41
2022/07/04,25.5,25.5,24.95,25.35,135.0,3406.0,1.6032,0.1563,65.0,-22.0,0.0,5.0,-17.0,767.0,13.0,8.0,0.0,0.0,0.0,20.61,1.53,4.34
2022/07/05,25.5,25.6,25.3,25.55,114.0,2907.0,0.789,0.132,69.0,16.0,0.0,4.0,20.0,786.0,30.0,11.0,0.0,0.0,0.0,20.77,1.54,4.31
2022/07/06,25.55,25.55,25.05,25.15,39.0,980.0,-1.5656,0.0452,35.0,1.0,0.0,-1.0,0.0,789.0,6.0,3.0,0.0,0.0,0.0,20.45,1.52,4.37
2022/07/07,25.15,25.5,25.05,25.2,39.0,995.0,0.1988,0.0452,36.0,6.0,0.0,0.0,6.0,788.0,3.0,4.0,0.0,0.0,0.0,20.49,1.52,4.37
2022/07/08,25.5,25.5,25.1,25.4,33.0,839.0,0.7937,0.0382,31.0,5.0,0.0,-1.0,4.0,788.0,2.0,2.0,0.0,0.0,0.0,20.65,1.53,4.33
2022/07/11,25.4,25.4,24.6,24.9,65.0,1633.0,-1.9685,0.0753,70.0,1.0,0.0,0.0,1.0,766.0,6.0,28.0,0.0,0.0,0.0,20.24,1.5,4.42
2022/07/12,24.85,25.25,24.6,24.6,115.0,2851.0,-1.2048,0.1331,49.0,-1.0,0.0,0.0,-1.0,765.0,6.0,7.0,0.0,0.0,0.0,20.0,1.49,4.47
2022/07/13,25.5,25.5,24.7,25.0,17.0,435.0,1.626,0.0197,26.0,-1.0,0.0,0.0,-1.0,761.0,2.0,6.0,0.0,0.0,0.0,20.33,1.51,4.4
2022/07/14,25.0,25.0,24.8,24.9,38.0,950.0,-0.4,0.044,23.0,8.0,0.0,0.0,8.0,763.0,2.0,0.0,0.0,0.0,0.0,20.24,1.5,4.42
2022/07/15,24.9,24.9,24.6,24.7,597.0,14932.0,-0.8032,0.6912,35.0,-7.0,0.0,-1.0,-8.0,767.0,4.0,0.0,0.0,0.0,0.0,20.08,1.49,4.45
2022/07/18,24.7,25.0,24.55,24.7,18.0,453.0,0.0,0.0208,30.0,-3.0,0.0,0.0,-3.0,763.0,0.0,4.0,0.0,0.0,0.0,20.08,1.49,4.45
2022/07/19,25.0,25.05,25.0,25.05,13.0,325.0,1.417,0.0151,6.0,-1.0,0.0,1.0,0.0,763.0,0.0,0.0,0.0,0.0,0.0,20.37,1.51,4.39
2022/07/20,25.05,25.05,24.75,24.75,61.0,1525.0,-1.1976,0.0706,49.0,4.0,0.0,-1.0,3.0,773.0,13.0,3.0,0.0,0.0,0.0,20.12,1.49,4.44
2022/07/21,24.65,25.4,24.6,25.4,48.0,1213.0,2.6263,0.0556,42.0,-2.0,0.0,0.0,-2.0,773.0,2.0,2.0,0.0,0.0,0.0,20.65,1.53,4.33
2022/07/22,25.0,25.35,24.75,25.0,63.0,1585.0,-1.5748,0.0729,60.0,0.0,0.0,0.0,0.0,781.0,8.0,0.0,0.0,0.0,0.0,20.33,1.51,4.4
2022/07/25,25.0,25.8,24.8,25.8,74.0,1892.0,3.2,0.0857,57.0,-5.0,0.0,0.0,-5.0,781.0,2.0,2.0,0.0,0.0,0.0,20.98,1.56,4.26
2022/07/26,25.8,25.8,25.4,25.8,106.0,2728.0,0.0,0.1227,82.0,11.0,0.0,0.0,11.0,763.0,19.0,37.0,0.0,0.0,0.0,20.98,1.56,4.26
2022/07/27,25.9,26.05,25.2,26.05,184.0,4744.0,0.969,0.213,104.0,6.0,0.0,0.0,6.0,779.0,28.0,12.0,0.0,0.0,0.0,21.18,1.57,4.22
2022/07/28,26.5,27.75,26.2,26.5,1033.0,27536.0,1.7274,1.196,430.0,9.0,0.0,-1.0,8.0,843.0,70.0,6.0,0.0,0.0,0.0,21.54,1.6,4.15
2022/07/29,26.55,26.85,26.1,26.45,292.0,7690.0,-0.1887,0.3381,89.0,-10.0,0.0,1.0,-9.0,872.0,30.0,1.0,0.0,0.0,0.0,21.5,1.6,4.16
2022/08/01,26.15,26.2,25.9,25.95,332.0,8664.0,-1.8904,0.3844,74.0,18.0,0.0,0.0,18.0,908.0,37.0,1.0,0.0,0.0,0.0,21.1,1.57,4.24
2022/08/02,25.6,25.7,25.05,25.05,84.0,2142.0,-3.4682,0.0973,69.0,2.0,0.0,0.0,2.0,914.0,6.0,0.0,0.0,1.0,1.0,20.37,1.51,4.39
2022/08/03,25.15,25.85,24.7,24.75,108.0,2706.0,-1.1976,0.125,79.0,-9.0,0.0,0.0,-9.0,915.0,2.0,1.0,1.0,0.0,0.0,20.12,1.49,4.44
2022/08/04,25.0,25.0,24.55,24.75,37.0,915.0,0.0,0.0428,32.0,-3.0,0.0,-1.0,-4.0,908.0,1.0,8.0,0.0,0.0,0.0,20.12,1.49,4.44
2022/08/05,24.8,25.0,24.8,25.0,220.0,5482.0,1.0101,0.2547,33.0,8.0,0.0,0.0,8.0,920.0,16.0,4.0,0.0,1.0,1.0,20.33,1.51,4.4
2022/08/08,24.65,25.15,24.6,25.15,18.0,464.0,0.6,0.0208,28.0,6.0,0.0,0.0,6.0,919.0,0.0,1.0,0.0,1.0,0.0,20.45,1.52,4.37
2022/08/09,25.0,25.0,25.0,25.0,5.0,126.0,-0.5964,0.0058,7.0,1.0,0.0,0.0,1.0,919.0,0.0,0.0,0.0,1.0,0.0,20.33,1.51,4.4
2022/08/10,24.7,25.1,24.7,25.0,299.0,7445.0,0.0,0.3462,71.0,12.0,0.0,-2.0,10.0,928.0,21.0,12.0,1.0,0.0,0.0,21.01,1.62,4.4
2022/08/11,24.85,25.0,24.85,24.95,24.0,611.0,-0.2,0.0278,55.0,-1.0,0.0,0.0,-1.0,938.0,11.0,1.0,0.0,0.0,0.0,20.97,1.61,4.41
2022/08/12,24.95,25.0,24.8,24.8,45.0,1131.0,-0.6012,0.0521,32.0,11.0,0.0,0.0,11.0,942.0,5.0,1.0,0.0,0.0,0.0,20.84,1.61,4.44
2022/08/15,24.8,25.1,24.65,25.0,35.0,873.0,0.8065,0.0405,36.0,-5.0,0.0,0.0,-5.0,943.0,2.0,1.0,0.0,0.0,0.0,21.01,1.62,4.4
2022/08/16,24.8,25.1,24.8,25.0,73.0,1828.0,0.0,0.0845,35.0,0.0,0.0,0.0,0.0,960.0,42.0,25.0,0.0,0.0,0.0,21.01,1.62,4.4
2022/08/17,25.0,25.0,24.85,24.9,13.0,330.0,-0.4,0.0151,21.0,-5.0,0.0,0.0,-5.0,965.0,5.0,0.0,0.0,0.0,0.0,20.92,1.61,4.42
2022/08/18,25.0,25.25,24.9,24.95,287.0,7183.0,0.2008,0.3323,45.0,3.0,0.0,-16.0,-13.0,973.0,8.0,0.0,0.0,0.0,0.0,20.97,1.61,4.41
2022/08/19,25.05,25.05,24.95,25.0,39.0,981.0,0.2004,0.0452,22.0,1.0,0.0,0.0,1.0,958.0,10.0,25.0,0.0,0.0,0.0,21.01,1.62,4.4
2022/08/22,24.85,25.4,24.75,24.95,76.0,1917.0,-0.2,0.088,81.0,-4.0,0.0,0.0,-4.0,957.0,12.0,13.0,0.0,0.0,0.0,20.97,1.61,4.41
2022/08/23,24.95,24.95,24.9,24.9,13.0,329.0,-0.2004,0.0151,19.0,-3.0,0.0,-5.0,-8.0,962.0,5.0,0.0,0.0,0.0,0.0,20.92,1.61,4.42
2022/08/24,24.95,25.05,24.9,24.95,28.0,701.0,0.2008,0.0324,21.0,-5.0,0.0,-8.0,-13.0,978.0,17.0,1.0,0.0,0.0,0.0,20.97,1.61,4.41
2022/08/25,24.85,25.2,24.85,25.2,47.0,1175.0,1.002,0.0544,50.0,3.0,0.0,0.0,3.0,990.0,17.0,5.0,0.0,0.0,0.0,21.18,1.63,4.37
2022/08/26,25.0,25.7,25.0,25.4,49.0,1247.0,0.7937,0.0567,42.0,1.0,0.0,0.0,1.0,1007.0,20.0,3.0,0.0,0.0,0.0,21.34,1.64,4.33
2022/08/29,25.6,25.6,24.75,25.2,28.0,702.0,-0.7874,0.0324,28.0,-3.0,0.0,-9.0,-12.0,1014.0,7.0,0.0,0.0,0.0,0.0,21.18,1.63,4.37
2022/08/30,24.85,25.4,24.85,25.35,62.0,1563.0,0.5952,0.0718,43.0,2.0,0.0,-4.0,-2.0,1024.0,27.0,17.0,0.0,0.0,0.0,21.3,1.64,4.34
2022/08/31,26.15,27.5,25.4,27.15,1937.0,52483.0,7.1006,2.2427,897.0,-59.0,0.0,0.0,-59.0,1168.0,257.0,113.0,0.0,9.0,9.0,22.82,1.76,4.05
2022/09/01,27.2,27.25,25.9,26.0,1622.0,43617.0,-4.2357,1.8779,860.0,-5.0,0.0,-10.0,-15.0,1336.0,232.0,64.0,0.0,9.0,0.0,21.85,1.68,4.23
2022/09/02,26.4,27.4,26.15,27.0,2271.0,61315.0,3.8462,2.6294,1144.0,8.0,0.0,0.0,8.0,1599.0,465.0,202.0,0.0,13.0,4.0,22.69,1.75,4.07
2022/09/05,28.3,29.7,28.1,28.9,10252.0,300902.0,7.037,11.8697,4513.0,-106.0,0.0,0.0,-106.0,2222.0,1110.0,487.0,0.0,48.0,35.0,24.29,1.87,3.81
2022/09/06,28.35,29.0,27.1,27.2,3444.0,95950.0,-5.8824,3.9874,2205.0,75.0,0.0,0.0,75.0,2157.0,405.0,470.0,29.0,21.0,2.0,22.86,1.76,4.04
2022/09/07,27.2,27.7,26.4,26.4,1173.0,31630.0,-2.9412,1.3581,719.0,-49.0,0.0,-14.0,-63.0,2279.0,245.0,123.0,6.0,16.0,1.0,22.18,1.71,4.17
2022/09/08,26.95,27.25,26.6,26.7,472.0,12682.0,1.1364,0.5465,362.0,-24.0,0.0,0.0,-24.0,2277.0,52.0,54.0,0.0,16.0,0.0,22.44,1.73,4.12
2022/09/12,27.1,28.35,26.9,27.25,922.0,25355.0,2.0599,1.0675,700.0,-6.0,0.0,0.0,-6.0,2264.0,129.0,141.0,0.0,16.0,0.0,22.9,1.76,4.04
2022/09/13,27.6,27.85,27.25,27.25,620.0,17032.0,0.0,0.7178,410.0,14.0,0.0,0.0,14.0,2167.0,86.0,183.0,1.0,22.0,7.0,22.9,1.76,4.04
2022/09/14,26.7,28.2,26.55,27.6,1004.0,27818.0,1.2844,1.1624,715.0,52.0,0.0,0.0,52.0,2087.0,80.0,160.0,0.0,23.0,1.0,23.19,1.79,3.99
2022/09/15,28.1,28.25,27.6,27.7,667.0,18648.0,0.3623,0.7722,515.0,-13.0,0.0,-1.0,-14.0,2206.0,242.0,123.0,1.0,19.0,0.0,23.28,1.79,3.97
2022/09/16,27.65,27.9,27.2,27.35,309.0,8485.0,-1.2635,0.3578,250.0,20.0,0.0,-1.0,19.0,2208.0,54.0,51.0,0.0,19.0,0.0,22.98,1.77,4.02
2022/09/19,27.6,27.85,27.0,27.45,590.0,16130.0,0.3656,0.6831,447.0,-5.0,0.0,0.0,-5.0,2164.0,38.0,81.0,0.0,19.0,0.0,23.07,1.78,4.01
2022/09/20,27.5,27.8,27.5,27.55,215.0,5958.0,0.3643,0.2489,184.0,-13.0,0.0,0.0,-13.0,2195.0,54.0,23.0,7.0,13.0,1.0,23.15,1.78,3.99
2022/09/21,27.45,27.75,27.2,27.25,399.0,10905.0,-1.0889,0.462,279.0,2.0,0.0,0.0,2.0,2158.0,99.0,136.0,5.0,8.0,0.0,22.9,1.76,4.04
2022/09/22,27.2,29.3,27.2,28.4,2408.0,69020.0,4.2202,2.788,1664.0,2.0,0.0,-1.0,1.0,2160.0,251.0,249.0,5.0,15.0,12.0,23.87,1.84,3.87
2022/09/23,28.7,31.05,27.15,27.15,5575.0,162792.0,-4.4014,6.4547,3707.0,-25.0,0.0,17.0,-8.0,2173.0,375.0,362.0,5.0,15.0,5.0,22.82,1.76,4.05
2022/09/26,27.0,27.05,24.45,24.7,1691.0,43268.0,-9.0239,1.9578,1032.0,-4.0,0.0,0.0,-4.0,2137.0,277.0,313.0,13.0,2.0,0.0,20.76,1.6,4.45
2022/09/27,24.8,25.5,24.3,25.0,581.0,14423.0,1.2146,0.6727,335.0,12.0,0.0,0.0,12.0,2160.0,42.0,19.0,0.0,5.0,3.0,21.01,1.62,4.4
2022/09/28,27.3,27.5,25.2,25.2,4186.0,111250.0,0.8,4.8465,2371.0,-181.0,0.0,0.0,-181.0,2284.0,348.0,224.0,0.0,73.0,68.0,21.18,1.63,4.37
2022/09/29,25.6,26.75,25.55,25.75,1497.0,39111.0,2.1825,1.7332,1018.0,269.0,0.0,0.0,269.0,2233.0,111.0,162.0,15.0,91.0,33.0,21.64,1.67,4.27
2022/09/30,25.3,25.5,24.5,25.25,428.0,10748.0,-1.9417,0.4955,334.0,27.0,0.0,5.0,32.0,2205.0,34.0,62.0,15.0,75.0,0.0,21.22,1.63,4.36
2022/10/03,25.25,25.7,24.8,24.9,287.0,7217.0,-1.3861,0.3323,195.0,-40.0,0.0,4.0,-36.0,2228.0,80.0,57.0,55.0,20.0,0.0,20.92,1.61,4.42
2022/10/04,25.2,25.7,25.05,25.35,212.0,5397.0,1.8072,0.2455,164.0,-11.0,0.0,0.0,-11.0,2212.0,26.0,42.0,1.0,19.0,0.0,21.3,1.64,4.34
2022/10/05,25.4,25.5,24.8,24.85,285.0,7152.0,-1.9724,0.33,231.0,-13.0,0.0,0.0,-13.0,2182.0,26.0,56.0,0.0,20.0,1.0,20.88,1.61,4.43
2022/10/06,25.0,25.0,24.8,24.8,164.0,4090.0,-0.2012,0.1899,160.0,27.0,0.0,0.0,27.0,2171.0,6.0,17.0,5.0,15.0,0.0,20.84,1.61,4.44
2022/10/07,24.7,25.0,24.55,24.65,228.0,5637.0,-0.6048,0.264,178.0,5.0,0.0,0.0,5.0,2175.0,30.0,26.0,1.0,14.0,0.0,20.71,1.6,4.46
2022/10/11,24.4,24.4,22.2,22.6,1458.0,33049.0,-8.3164,1.6881,806.0,50.0,0.0,0.0,50.0,1552.0,142.0,765.0,13.0,21.0,20.0,18.99,1.46,4.87
2022/10/12,22.55,23.1,22.2,22.85,872.0,19654.0,1.1062,1.0096,119.0,9.0,0.0,0.0,9.0,1540.0,2.0,14.0,0.0,22.0,1.0,19.2,1.48,4.81
2022/10/13,23.0,23.2,21.6,22.15,326.0,7276.0,-3.0635,0.3774,247.0,-49.0,0.0,0.0,-49.0,1499.0,33.0,74.0,0.0,25.0,3.0,18.61,1.43,4.97
2022/10/14,22.45,22.85,22.3,22.6,155.0,3509.0,2.0316,0.1795,130.0,54.0,0.0,6.0,60.0,1506.0,21.0,12.0,8.0,17.0,0.0,18.99,1.46,4.87
2022/10/17,22.0,22.5,21.85,22.35,166.0,3683.0,-1.1062,0.1922,151.0,-10.0,0.0,0.0,-10.0,1484.0,1.0,23.0,0.0,17.0,0.0,18.78,1.45,4.92
2022/10/18,22.45,23.0,22.4,22.5,50.0,1137.0,0.6711,0.0579,43.0,-3.0,0.0,0.0,-3.0,1489.0,7.0,2.0,0.0,17.0,0.0,18.91,1.46,4.89
2022/10/19,22.45,22.65,22.2,22.4,163.0,3665.0,-0.4444,0.1887,112.0,-4.0,0.0,0.0,-4.0,1489.0,3.0,3.0,0.0,17.0,0.0,18.82,1.45,4.91
2022/10/20,22.05,22.3,21.9,22.2,110.0,2425.0,-0.8929,0.1274,112.0,12.0,0.0,0.0,12.0,1492.0,10.0,7.0,0.0,17.0,0.0,18.66,1.44,4.95
2022/10/21,22.15,22.2,21.95,22.05,94.0,2074.0,-0.6757,0.1088,79.0,-24.0,0.0,0.0,-24.0,1499.0,9.0,2.0,0.0,17.0,0.0,18.53,1.43,4.99
2022/10/24,22.1,22.4,22.05,22.35,44.0,977.0,1.3605,0.0509,42.0,22.0,0.0,0.0,22.0,1498.0,1.0,2.0,0.0,17.0,0.0,18.78,1.45,4.92
2022/10/25,22.35,22.35,21.5,21.5,168.0,3672.0,-3.8031,0.1945,171.0,-31.0,0.0,11.0,-20.0,1486.0,14.0,26.0,0.0,17.0,0.0,18.07,1.39,5.12
2022/10/26,21.5,21.5,21.0,21.3,152.0,3245.0,-0.9302,0.176,97.0,74.0,0.0,10.0,84.0,1460.0,6.0,32.0,0.0,17.0,0.0,17.9,1.38,5.16
2022/10/27,21.35,21.8,21.35,21.8,63.0,1360.0,2.3474,0.0729,46.0,19.0,0.0,0.0,19.0,1461.0,4.0,3.0,0.0,17.0,0.0,18.32,1.41,5.05
2022/10/28,21.65,21.8,21.1,21.25,56.0,1204.0,-2.5229,0.0648,80.0,-15.0,0.0,0.0,-15.0,1453.0,3.0,11.0,0.0,17.0,0.0,17.86,1.38,5.18
2022/10/31,21.45,21.6,21.1,21.1,87.0,1854.0,-0.7059,0.1007,88.0,19.0,0.0,0.0,19.0,1430.0,0.0,23.0,1.0,16.0,0.0,17.73,1.37,5.21
2022/11/01,21.1,22.0,21.1,21.9,47.0,1019.0,3.7915,0.0544,48.0,22.0,0.0,1.0,23.0,1431.0,5.0,4.0,0.0,17.0,1.0,18.4,1.42,5.02
2022/11/02,21.85,22.4,21.85,22.2,42.0,933.0,1.3699,0.0486,42.0,10.0,0.0,0.0,10.0,1431.0,0.0,0.0,0.0,17.0,0.0,18.66,1.44,4.95
2022/11/03,21.8,22.2,21.7,22.1,32.0,714.0,-0.4505,0.037,73.0,-7.0,0.0,0.0,-7.0,1433.0,2.0,0.0,0.0,17.0,0.0,18.57,1.43,4.98
2022/11/04,21.75,22.0,21.6,22.0,53.0,1162.0,-0.4525,0.0614,66.0,0.0,0.0,0.0,0.0,1430.0,0.0,3.0,0.0,17.0,0.0,18.49,1.42,5.0
2022/11/07,21.95,22.25,21.7,22.0,56.0,1249.0,0.0,0.0648,79.0,-19.0,0.0,0.0,-19.0,1426.0,0.0,4.0,0.0,17.0,0.0,18.49,1.42,5.0
2022/11/08,22.1,22.5,22.1,22.35,37.0,830.0,1.5909,0.0428,29.0,8.0,0.0,0.0,8.0,1428.0,2.0,0.0,0.0,17.0,0.0,18.78,1.45,4.92
2022/11/09,22.1,22.35,21.95,22.05,101.0,2246.0,-1.3423,0.1169,103.0,6.0,0.0,0.0,6.0,1411.0,0.0,17.0,0.0,17.0,0.0,21.83,1.41,4.99
2022/11/10,21.95,22.0,21.65,21.7,75.0,1649.0,-1.5873,0.0868,94.0,-24.0,0.0,0.0,-24.0,1410.0,4.0,4.0,0.0,16.0,0.0,21.49,1.39,5.07
2022/11/11,21.9,22.05,21.7,21.8,90.0,1971.0,0.4608,0.1042,100.0,-21.0,0.0,0.0,-21.0,1432.0,24.0,2.0,0.0,16.0,0.0,21.58,1.4,5.05
2022/11/14,21.8,22.2,21.6,21.95,62.0,1360.0,0.6881,0.0718,50.0,32.0,0.0,0.0,32.0,1430.0,4.0,5.0,0.0,16.0,0.0,21.73,1.41,5.01
2022/11/15,21.8,21.9,21.65,21.85,45.0,995.0,-0.4556,0.0521,67.0,6.0,0.0,-2.0,4.0,1431.0,3.0,2.0,0.0,16.0,0.0,21.63,1.4,5.03
2022/11/16,23.2,23.2,22.1,22.15,283.0,6394.0,1.373,0.3277,184.0,3.0,0.0,-2.0,1.0,1398.0,52.0,85.0,0.0,16.0,0.0,21.93,1.42,4.97
2022/11/17,22.3,22.65,22.0,22.5,156.0,3494.0,1.5801,0.1806,86.0,13.0,0.0,0.0,13.0,1359.0,12.0,51.0,1.0,15.0,0.0,22.28,1.44,4.89
2022/11/18,23.0,23.1,22.15,22.25,84.0,1902.0,-1.1111,0.0973,78.0,-30.0,0.0,0.0,-30.0,1363.0,8.0,4.0,0.0,15.0,0.0,22.03,1.42,4.94
2022/11/21,22.6,22.6,22.0,22.15,70.0,1578.0,-0.4494,0.081,87.0,-26.0,0.0,0.0,-26.0,1365.0,5.0,3.0,0.0,15.0,0.0,21.93,1.42,4.97
2022/11/22,22.35,22.4,22.1,22.1,40.0,902.0,-0.2257,0.0463,46.0,3.0,0.0,0.0,3.0,1364.0,5.0,5.0,1.0,14.0,0.0,21.88,1.41,4.98
2022/11/23,22.1,22.35,22.0,22.2,59.0,1316.0,0.4525,0.0683,66.0,4.0,0.0,0.0,4.0,1368.0,5.0,1.0,0.0,14.0,0.0,21.98,1.42,4.95
2022/11/24,22.2,22.25,22.05,22.15,59.0,1311.0,-0.2252,0.0683,53.0,17.0,0.0,0.0,17.0,1349.0,4.0,23.0,0.0,14.0,0.0,21.93,1.42,4.97
2022/11/25,22.15,22.5,22.05,22.1,80.0,1780.0,-0.2257,0.0926,77.0,2.0,0.0,0.0,2.0,1330.0,3.0,22.0,0.0,14.0,0.0,21.88,1.41,4.98
2022/11/28,22.1,22.55,22.0,22.55,73.0,1642.0,2.0362,0.0845,58.0,16.0,0.0,-1.0,15.0,1340.0,22.0,12.0,0.0,15.0,1.0,22.33,1.44,4.88
2022/11/29,22.55,22.85,22.25,22.4,52.0,1173.0,-0.6652,0.0602,70.0,-2.0,0.0,0.0,-2.0,1352.0,16.0,4.0,1.0,14.0,0.0,22.18,1.43,4.91
2022/11/30,22.4,22.5,22.25,22.4,598.0,13461.0,0.0,0.6924,100.0,29.0,0.0,0.0,29.0,1355.0,8.0,5.0,0.0,14.0,0.0,22.18,1.43,4.91
2022/12/01,22.6,23.1,22.4,22.8,161.0,3666.0,1.7857,0.1864,114.0,58.0,0.0,0.0,58.0,1328.0,10.0,37.0,0.0,14.0,0.0,22.57,1.46,4.82
2022/12/02,22.7,22.95,22.5,22.7,101.0,2305.0,-0.4386,0.1169,111.0,18.0,0.0,-1.0,17.0,1320.0,4.0,12.0,0.0,14.0,0.0,22.48,1.45,4.85
2022/12/05,22.65,24.15,22.65,23.9,466.0,11063.0,5.2863,0.5395,340.0,60.0,0.0,0.0,60.0,1329.0,69.0,60.0,14.0,1.0,1.0,23.66,1.53,4.6
2022/12/06,23.45,23.75,23.0,23.1,149.0,3487.0,-3.3473,0.1725,146.0,-55.0,0.0,-1.0,-56.0,1329.0,22.0,22.0,1.0,0.0,0.0,22.87,1.48,4.76
2022/12/07,23.25,24.25,23.1,23.9,284.0,6745.0,3.4632,0.3288,224.0,13.0,0.0,0.0,13.0,1335.0,34.0,28.0,0.0,0.0,0.0,23.66,1.53,4.6
2022/12/08,23.9,24.0,23.45,23.55,118.0,2808.0,-1.4644,0.1366,131.0,-61.0,0.0,0.0,-61.0,1332.0,10.0,8.0,0.0,2.0,2.0,23.32,1.51,4.67
2022/12/09,23.4,23.55,23.3,23.4,89.0,2095.0,-0.6369,0.103,75.0,-16.0,0.0,0.0,-16.0,1304.0,7.0,35.0,0.0,2.0,0.0,23.17,1.5,4.7
2022/12/12,23.4,24.6,23.15,24.4,392.0,9467.0,4.2735,0.4539,251.0,92.0,0.0,-5.0,87.0,1261.0,28.0,71.0,2.0,0.0,0.0,24.16,1.56,4.51
2022/12/13,24.7,26.8,24.2,26.75,4123.0,108521.0,9.6311,4.7736,2025.0,-257.0,0.0,0.0,-257.0,1489.0,514.0,284.0,0.0,18.0,18.0,26.49,1.71,4.11
2022/12/14,26.55,26.55,24.55,24.7,1401.0,35241.0,-7.6636,1.6221,999.0,-237.0,0.0,0.0,-237.0,1323.0,170.0,330.0,15.0,19.0,16.0,24.46,1.58,4.45
2022/12/15,24.75,25.0,23.85,24.1,608.0,14800.0,-2.4291,0.7039,362.0,41.0,0.0,1.0,42.0,1315.0,37.0,45.0,5.0,18.0,4.0,23.86,1.54,4.56
2022/12/16,24.05,25.0,23.95,24.2,757.0,18525.0,0.4149,0.8765,415.0,231.0,0.0,-1.0,230.0,1361.0,80.0,34.0,0.0,18.0,0.0,23.96,1.55,4.55
2022/12/19,24.75,26.2,24.25,25.25,1576.0,40331.0,4.3388,1.8247,1019.0,74.0,0.0,0.0,74.0,1318.0,194.0,237.0,5.0,17.0,4.0,25.0,1.62,4.36
2022/12/20,25.3,25.65,23.8,24.1,418.0,10316.0,-4.5545,0.484,348.0,-109.0,0.0,1.0,-108.0,1302.0,50.0,66.0,14.0,13.0,10.0,23.86,1.54,4.56
2022/12/21,25.1,25.9,24.7,24.75,530.0,13355.0,2.6971,0.6136,375.0,-43.0,0.0,-2.0,-45.0,1428.0,183.0,57.0,5.0,14.0,6.0,24.5,1.58,4.44
2022/12/22,25.35,25.35,24.3,25.05,280.0,6965.0,1.2121,0.3242,224.0,31.0,0.0,0.0,31.0,1457.0,54.0,25.0,8.0,6.0,0.0,24.8,1.6,4.39
2022/12/23,24.8,25.95,24.5,25.1,675.0,17064.0,0.1996,0.7815,452.0,-70.0,0.0,0.0,-70.0,1449.0,114.0,122.0,0.0,6.0,0.0,24.85,1.61,4.38
2022/12/26,25.35,26.5,25.05,25.4,1064.0,27473.0,1.1952,1.2319,698.0,-41.0,0.0,0.0,-41.0,1366.0,92.0,175.0,0.0,8.0,2.0,25.15,1.63,4.33
2022/12/27,25.6,25.6,24.4,24.55,450.0,11143.0,-3.3465,0.521,358.0,-33.0,0.0,0.0,-33.0,1272.0,46.0,140.0,0.0,9.0,1.0,24.31,1.57,4.48
2022/12/28,24.45,24.9,24.1,24.1,187.0,4592.0,-1.833,0.2165,159.0,27.0,0.0,0.0,27.0,1262.0,9.0,19.0,0.0,9.0,0.0,23.86,1.54,4.56
2022/12/29,24.1,24.25,23.7,23.7,203.0,4874.0,-1.6598,0.235,167.0,39.0,0.0,0.0,39.0,1238.0,9.0,33.0,1.0,8.0,0.0,23.47,1.52,4.64
2022/12/30,23.8,23.95,23.6,23.7,99.0,2367.0,0.0,0.1146,87.0,2.0,0.0,0.0,2.0,1236.0,2.0,4.0,0.0,8.0,0.0,23.47,1.52,4.64
2023/01/03,23.8,23.8,23.25,23.5,91.0,2147.0,-0.8439,0.1054,90.0,-23.0,0.0,0.0,-23.0,1235.0,7.0,8.0,0.0,8.0,0.0,23.27,1.5,4.68
2023/01/04,23.5,23.8,23.35,23.45,76.0,1801.0,-0.2128,0.088,73.0,8.0,0.0,0.0,8.0,1224.0,1.0,12.0,0.0,8.0,0.0,23.22,1.5,4.69
2023/01/05,23.5,23.7,23.3,23.4,81.0,1908.0,-0.2132,0.0938,76.0,-11.0,0.0,0.0,-11.0,1223.0,5.0,6.0,5.0,3.0,0.0,23.17,1.5,4.7
2023/01/06,23.45,23.65,23.4,23.4,114.0,2691.0,0.0,0.132,87.0,1.0,0.0,0.0,1.0,1250.0,31.0,4.0,0.0,3.0,0.0,23.17,1.5,4.7
2023/01/09,23.5,23.6,23.4,23.4,23.0,540.0,0.0,0.0266,40.0,4.0,0.0,0.0,4.0,1245.0,2.0,7.0,0.0,3.0,0.0,23.17,1.5,4.7
2023/01/10,23.35,23.4,23.15,23.25,74.0,1733.0,-0.641,0.0857,89.0,12.0,0.0,0.0,12.0,1220.0,2.0,27.0,0.0,3.0,0.0,23.02,1.49,4.73
2023/01/11,23.35,23.45,23.2,23.2,28.0,651.0,-0.2151,0.0324,29.0,3.0,0.0,0.0,3.0,1219.0,1.0,2.0,2.0,1.0,0.0,22.97,1.49,4.74
2023/01/12,23.1,23.25,23.0,23.0,64.0,1487.0,-0.8621,0.0741,67.0,2.0,0.0,0.0,2.0,1214.0,6.0,11.0,0.0,1.0,0.0,22.77,1.47,4.78
2023/01/13,23.25,23.25,23.05,23.05,50.0,1161.0,0.2174,0.0579,43.0,5.0,0.0,0.0,5.0,1223.0,21.0,12.0,0.0,1.0,0.0,22.82,1.48,4.77
2023/01/16,23.05,23.2,23.0,23.2,69.0,1611.0,0.6508,0.0799,56.0,17.0,0.0,0.0,17.0,1214.0,0.0,9.0,0.0,1.0,0.0,22.97,1.49,4.74
2023/01/17,23.4,23.6,23.2,23.2,64.0,1506.0,0.0,0.0741,60.0,-2.0,0.0,0.0,-2.0,1202.0,0.0,10.0,0.0,1.0,0.0,22.97,1.49,4.74
2023/01/30,23.35,23.55,23.25,23.45,40.0,939.0,1.0776,0.0463,42.0,16.0,0.0,0.0,16.0,1197.0,0.0,5.0,0.0,1.0,0.0,23.22,1.5,4.69
2023/01/31,23.55,24.05,23.55,23.95,103.0,2463.0,2.1322,0.1193,89.0,34.0,0.0,0.0,34.0,1191.0,2.0,8.0,0.0,1.0,0.0,23.71,1.53,4.59
2023/02/01,24.0,24.0,23.7,23.8,45.0,1084.0,-0.6263,0.0521,73.0,-6.0,0.0,0.0,-6.0,1181.0,0.0,10.0,1.0,0.0,0.0,23.56,1.52,4.62
2023/02/02,23.8,24.0,23.6,23.85,72.0,1718.0,0.2101,0.0834,88.0,9.0,0.0,0.0,9.0,1172.0,7.0,14.0,0.0,0.0,0.0,23.61,1.53,4.61
2023/02/03,24.05,24.05,23.75,23.9,56.0,1344.0,0.2096,0.0648,51.0,-2.0,0.0,0.0,-2.0,1195.0,23.0,0.0,0.0,0.0,0.0,23.66,1.53,4.6
2023/02/06,24.1,24.1,23.8,23.9,76.0,1818.0,0.0,0.088,71.0,4.0,0.0,0.0,4.0,1198.0,6.0,3.0,0.0,0.0,0.0,23.66,1.53,4.6
2023/02/07,24.05,24.05,23.8,23.8,29.0,696.0,-0.4184,0.0336,39.0,1.0,0.0,0.0,1.0,1188.0,0.0,10.0,0.0,0.0,0.0,23.56,1.52,4.62
2023/02/08,23.8,23.85,23.75,23.85,50.0,1195.0,0.2101,0.0579,50.0,4.0,0.0,0.0,4.0,1177.0,0.0,11.0,0.0,0.0,0.0,23.61,1.53,4.61
2023/02/09,23.75,23.8,23.65,23.75,38.0,921.0,-0.4193,0.044,55.0,6.0,0.0,0.0,6.0,1175.0,0.0,2.0,0.0,0.0,0.0,23.51,1.52,4.63
2023/02/10,23.6,24.3,23.6,23.75,62.0,1497.0,0.0,0.0718,72.0,0.0,0.0,0.0,0.0,1177.0,7.0,5.0,0.0,0.0,0.0,23.51,1.52,4.63
2023/02/13,23.6,23.75,23.55,23.65,22.0,528.0,-0.4211,0.0255,32.0,-5.0,0.0,0.0,-5.0,1178.0,2.0,1.0,0.0,0.0,0.0,23.42,1.51,4.65
2023/02/14,23.65,23.7,23.5,23.7,100.0,2372.0,0.2114,0.1158,68.0,-8.0,0.0,0.0,-8.0,1180.0,2.0,0.0,0.0,0.0,0.0,23.47,1.52,4.64
2023/02/15,23.7,23.7,23.5,23.7,78.0,1846.0,0.0,0.0903,80.0,-31.0,0.0,0.0,-31.0,1165.0,0.0,10.0,0.0,0.0,0.0,23.47,1.52,4.64
2023/02/16,23.6,23.65,23.5,23.5,66.0,1564.0,-0.8439,0.0764,77.0,1.0,0.0,0.0,1.0,1172.0,2.0,0.0,0.0,0.0,0.0,23.27,1.5,4.68
2023/02/17,23.65,23.65,23.5,23.55,28.0,666.0,0.2128,0.0324,39.0,3.0,0.0,0.0,3.0,1178.0,7.0,1.0,0.0,0.0,0.0,23.32,1.51,4.67
2023/02/20,23.7,23.75,23.5,23.6,46.0,1088.0,0.2123,0.0533,71.0,2.0,0.0,0.0,2.0,1182.0,8.0,4.0,0.0,0.0,0.0,23.37,1.51,4.66
2023/02/21,23.7,23.75,23.6,23.7,36.0,866.0,0.4237,0.0417,65.0,-3.0,0.0,0.0,-3.0,1185.0,3.0,0.0,0.0,0.0,0.0,23.47,1.52,4.64
2023/02/22,23.75,26.0,23.65,25.45,1649.0,42006.0,7.384,1.9092,1106.0,7.0,0.0,-6.0,1.0,1267.0,168.0,86.0,0.0,7.0,7.0,25.2,1.63,4.32
2023/02/23,25.1,25.2,24.65,24.85,368.0,9200.0,-2.3576,0.4261,376.0,-60.0,0.0,0.0,-60.0,1299.0,87.0,55.0,5.0,2.0,0.0,24.6,1.59,4.43
2023/02/24,24.85,24.85,24.35,24.35,158.0,3869.0,-2.0121,0.1829,237.0,-21.0,0.0,0.0,-21.0,1294.0,15.0,20.0,2.0,0.0,0.0,24.11,1.56,4.52
2023/03/01,24.2,24.7,24.15,24.2,57.0,1389.0,-0.616,0.066,87.0,-10.0,0.0,-3.0,-13.0,1286.0,2.0,10.0,0.0,0.0,0.0,23.96,1.55,4.55
2023/03/02,24.2,24.6,24.2,24.5,97.0,2388.0,1.2397,0.1123,93.0,12.0,0.0,-3.0,9.0,1299.0,30.0,12.0,0.0,0.0,0.0,24.26,1.57,4.49
2023/03/03,24.75,24.75,24.4,24.5,60.0,1481.0,0.0,0.0695,79.0,10.0,0.0,0.0,10.0,1300.0,5.0,4.0,0.0,0.0,0.0,24.26,1.57,4.49
2023/03/06,24.5,24.7,24.4,24.5,82.0,2025.0,0.0,0.0949,92.0,32.0,0.0,0.0,32.0,1312.0,20.0,8.0,0.0,0.0,0.0,24.26,1.57,4.49
2023/03/07,24.55,24.65,24.5,24.6,88.0,2174.0,0.4082,0.1019,70.0,0.0,0.0,0.0,0.0,1315.0,6.0,3.0,0.0,0.0,0.0,24.36,1.57,4.47
2023/03/08,24.6,24.8,24.55,24.7,85.0,2113.0,0.4065,0.0984,91.0,10.0,0.0,0.0,10.0,1316.0,14.0,13.0,0.0,0.0,0.0,24.46,1.58,4.45
2023/03/09,24.7,24.7,24.35,24.45,73.0,1797.0,-1.0121,0.0845,80.0,-9.0,0.0,3.0,-6.0,1320.0,14.0,10.0,0.0,0.0,0.0,24.21,1.57,4.5
2023/03/10,24.35,24.35,24.0,24.05,128.0,3096.0,-1.636,0.1482,137.0,-30.0,0.0,0.0,-30.0,1318.0,5.0,7.0,0.0,0.0,0.0,23.81,1.54,4.57
2023/03/13,24.0,24.1,23.8,24.05,71.0,1711.0,0.0,0.0822,58.0,25.0,0.0,0.0,25.0,1316.0,1.0,3.0,0.0,0.0,0.0,23.81,1.54,4.57
2023/03/14,24.05,24.05,23.75,23.8,77.0,1840.0,-1.0395,0.0892,200.0,-5.0,0.0,-1.0,-6.0,1316.0,3.0,3.0,0.0,0.0,0.0,23.56,1.52,4.62
2023/03/15,23.85,24.05,23.85,23.9,51.0,1236.0,0.4202,0.059,163.0,2.0,0.0,0.0,2.0,1318.0,6.0,4.0,0.0,0.0,0.0,36.21,1.53,2.93
2023/03/16,23.9,24.0,23.5,23.55,61.0,1449.0,-1.4644,0.0706,169.0,-26.0,0.0,0.0,-26.0,1316.0,1.0,3.0,0.0,0.0,0.0,35.68,1.5,2.97
2023/03/17,23.6,23.75,23.55,23.75,42.0,1003.0,0.8493,0.0486,118.0,-2.0,0.0,0.0,-2.0,1314.0,0.0,2.0,0.0,0.0,0.0,35.98,1.52,2.95
2023/03/20,23.9,23.95,23.8,23.85,29.0,713.0,0.4211,0.0336,200.0,-5.0,0.0,0.0,-5.0,1313.0,0.0,1.0,0.0,0.0,0.0,36.14,1.52,2.94
2023/03/21,23.8,24.15,23.7,23.95,61.0,1464.0,0.4193,0.0706,99.0,4.0,0.0,0.0,4.0,1317.0,5.0,1.0,0.0,0.0,0.0,36.29,1.53,2.92
2023/03/22,23.8,23.9,23.8,23.8,37.0,899.0,-0.6263,0.0428,124.0,22.0,0.0,0.0,22.0,1320.0,5.0,2.0,0.0,0.0,0.0,36.06,1.52,2.94
2023/03/23,24.5,24.5,24.0,24.0,53.0,1287.0,0.8403,0.0614,73.0,18.0,0.0,1.0,19.0,1317.0,3.0,6.0,0.0,0.0,0.0,36.36,1.53,2.92
2023/03/24,23.9,24.0,23.85,24.0,47.0,1144.0,0.0,0.0544,166.0,5.0,0.0,-1.0,4.0,1325.0,14.0,6.0,0.0,0.0,0.0,36.36,1.53,2.92
2023/03/27,24.25,24.55,24.05,24.45,138.0,3376.0,1.875,0.1598,168.0,4.0,0.0,0.0,4.0,1318.0,0.0,7.0,0.0,0.0,0.0,37.05,1.56,2.86
2023/03/28,24.3,24.5,24.3,24.35,28.0,693.0,-0.409,0.0324,115.0,6.0,0.0,0.0,6.0,1324.0,7.0,1.0,0.0,0.0,0.0,36.89,1.56,2.87
2023/03/29,24.5,24.55,24.3,24.3,40.0,989.0,-0.2053,0.0463,131.0,7.0,0.0,0.0,7.0,1339.0,18.0,3.0,0.0,0.0,0.0,36.82,1.55,2.88
2023/03/30,24.3,24.7,24.3,24.5,145.0,3569.0,0.823,0.1679,124.0,16.0,0.0,0.0,16.0,1348.0,17.0,8.0,0.0,0.0,0.0,37.12,1.57,2.86
2023/03/31,24.5,24.6,24.3,24.5,44.0,1089.0,0.0,0.0509,63.0,9.0,0.0,2.0,11.0,1349.0,3.0,2.0,0.0,0.0,0.0,37.12,1.57,2.86
2023/04/06,24.4,24.65,24.4,24.5,19.0,466.0,0.0,0.022,21.0,2.0,0.0,0.0,2.0,1351.0,5.0,3.0,0.0,0.0,0.0,37.12,1.57,2.86
2023/04/07,24.5,24.6,24.2,24.35,66.0,1624.0,-0.6122,0.0764,57.0,-1.0,0.0,1.0,0.0,1338.0,1.0,14.0,0.0,0.0,0.0,36.89,1.56,2.87
2023/04/10,24.3,24.5,24.0,24.5,94.0,2303.0,0.616,0.1088,94.0,6.0,0.0,0.0,6.0,1300.0,2.0,40.0,0.0,0.0,0.0,37.12,1.57,2.86
2023/04/11,24.6,24.65,24.55,24.55,38.0,941.0,0.2041,0.044,42.0,-1.0,0.0,0.0,-1.0,1286.0,0.0,14.0,0.0,0.0,0.0,37.2,1.57,2.85
2023/04/12,24.8,25.5,24.6,24.6,391.0,9795.0,0.2037,0.4527,211.0,46.0,0.0,0.0,46.0,1255.0,9.0,39.0,0.0,0.0,0.0,37.27,1.57,2.85
2023/04/13,25.0,25.1,24.65,24.85,91.0,2291.0,1.0163,0.1054,68.0,-3.0,0.0,0.0,-3.0,1270.0,19.0,4.0,0.0,0.0,0.0,37.65,1.59,2.82
2023/04/14,25.1,25.35,24.85,25.1,165.0,4172.0,1.006,0.191,144.0,-9.0,0.0,0.0,-9.0,1252.0,1.0,19.0,0.0,0.0,0.0,38.03,1.6,2.79
2023/04/17,25.25,25.9,25.15,25.2,288.0,7381.0,0.3984,0.3334,273.0,15.0,0.0,2.0,17.0,1240.0,12.0,24.0,0.0,0.0,0.0,38.18,1.61,2.78
2023/04/18,25.4,25.8,25.05,25.15,196.0,4988.0,-0.1984,0.2269,202.0,-14.0,0.0,-2.0,-16.0,1191.0,10.0,59.0,0.0,0.0,0.0,38.11,1.61,2.78
2023/04/19,25.15,25.25,25.1,25.15,95.0,2412.0,0.0,0.11,122.0,-4.0,0.0,1.0,-3.0,1195.0,11.0,7.0,0.0,0.0,0.0,38.11,1.61,2.78
2023/04/20,25.2,25.9,25.0,25.15,155.0,3951.0,0.0,0.1795,127.0,0.0,0.0,4.0,4.0,1222.0,36.0,9.0,0.0,0.0,0.0,38.11,1.61,2.78
2023/04/21,25.1,25.1,24.4,24.45,73.0,1820.0,-2.7833,0.0845,98.0,-11.0,0.0,-2.0,-13.0,1234.0,15.0,3.0,0.0,0.0,0.0,37.05,1.56,2.86
2023/04/24,24.85,24.95,24.3,24.45,56.0,1383.0,0.0,0.0648,62.0,8.0,0.0,2.0,10.0,1217.0,9.0,26.0,0.0,0.0,0.0,37.05,1.56,2.86
2023/04/25,24.5,24.55,23.55,24.0,175.0,4179.0,-1.8405,0.2026,184.0,-6.0,0.0,19.0,13.0,1214.0,9.0,12.0,0.0,0.0,0.0,36.36,1.53,2.92
2023/04/26,24.0,24.55,24.0,24.45,124.0,3025.0,1.875,0.1436,77.0,-8.0,0.0,1.0,-7.0,1205.0,0.0,9.0,0.0,0.0,0.0,37.05,1.56,2.86
2023/04/27,24.1,24.7,24.1,24.6,45.0,1103.0,0.6135,0.0521,58.0,3.0,0.0,0.0,3.0,1230.0,29.0,4.0,0.0,0.0,0.0,37.27,1.57,2.85
2023/04/28,24.6,24.9,24.45,24.8,73.0,1810.0,0.813,0.0845,83.0,5.0,0.0,-4.0,1.0,1224.0,14.0,20.0,0.0,0.0,0.0,37.58,1.58,2.82
2023/05/02,24.95,25.35,24.85,25.15,112.0,2830.0,1.4113,0.1297,103.0,10.0,0.0,-19.0,-9.0,1227.0,15.0,12.0,0.0,0.0,0.0,38.11,1.61,2.78
2023/05/03,25.25,25.25,24.9,25.0,42.0,1056.0,-0.5964,0.0486,63.0,2.0,0.0,0.0,2.0,1229.0,9.0,7.0,0.0,0.0,0.0,37.88,1.6,2.8
2023/05/04,24.85,25.3,24.85,25.2,31.0,801.0,0.8,0.0359,49.0,2.0,0.0,0.0,2.0,1226.0,5.0,8.0,0.0,0.0,0.0,38.18,1.61,2.78
2023/05/05,25.2,25.3,25.1,25.25,37.0,939.0,0.1984,0.0428,36.0,-2.0,0.0,-1.0,-3.0,1223.0,4.0,7.0,0.0,0.0,0.0,38.26,1.61,2.77
2023/05/08,25.4,25.5,25.05,25.1,81.0,2051.0,-0.5941,0.0938,86.0,-2.0,0.0,1.0,-1.0,1225.0,11.0,9.0,0.0,0.0,0.0,38.03,1.6,2.79
2023/05/09,24.85,25.1,24.7,24.7,72.0,1805.0,-1.5936,0.0834,71.0,7.0,0.0,2.0,9.0,1253.0,38.0,10.0,0.0,0.0,0.0,37.42,1.58,2.83
2023/05/10,24.8,25.0,24.7,24.8,10.0,266.0,0.4049,0.0116,26.0,-2.0,0.0,0.0,-2.0,1254.0,1.0,0.0,0.0,0.0,0.0,37.58,1.58,2.82
2023/05/11,24.7,24.7,24.3,24.3,31.0,763.0,-2.0161,0.0359,34.0,2.0,0.0,1.0,3.0,1254.0,9.0,9.0,0.0,0.0,0.0,49.59,1.61,2.88
2023/05/12,24.5,24.7,24.5,24.6,20.0,507.0,1.2346,0.0232,24.0,-1.0,0.0,0.0,-1.0,1245.0,1.0,10.0,0.0,1.0,1.0,50.2,1.63,2.85
2023/05/15,24.3,24.5,24.0,24.3,47.0,1144.0,-1.2195,0.0544,37.0,-2.0,0.0,13.0,11.0,1230.0,10.0,21.0,0.0,1.0,0.0,49.59,1.61,2.88
2023/05/16,24.3,24.8,24.25,24.7,15.0,375.0,1.6461,0.0174,22.0,-1.0,0.0,6.0,5.0,1229.0,0.0,1.0,0.0,1.0,0.0,50.41,1.64,2.83
2023/05/17,24.95,25.05,24.8,24.85,51.0,1277.0,0.6073,0.059,39.0,13.0,0.0,13.0,26.0,1231.0,7.0,5.0,0.0,1.0,0.0,50.71,1.65,2.82
2023/05/18,25.0,25.0,24.55,24.85,25.0,635.0,0.0,0.0289,45.0,1.0,0.0,9.0,10.0,1233.0,2.0,0.0,0.0,1.0,0.0,50.71,1.65,2.82
2023/05/19,24.85,27.3,24.8,26.95,681.0,18092.0,8.4507,0.7885,397.0,-7.0,0.0,2.0,-5.0,1096.0,34.0,171.0,0.0,1.0,0.0,55.0,1.79,2.6
2023/05/22,27.0,27.0,25.95,26.65,423.0,11206.0,-1.1132,0.4897,337.0,-49.0,0.0,-2.0,-51.0,1106.0,50.0,40.0,0.0,2.0,1.0,54.39,1.77,2.63
2023/05/23,26.65,27.5,26.0,26.5,381.0,10211.0,-0.5629,0.4411,283.0,35.0,0.0,-1.0,34.0,1103.0,31.0,34.0,1.0,1.0,0.0,54.08,1.76,2.64
2023/05/24,26.6,26.75,26.2,26.55,97.0,2588.0,0.1887,0.1123,91.0,0.0,0.0,4.0,4.0,1095.0,9.0,17.0,0.0,1.0,0.0,54.18,1.76,2.64
2023/05/25,26.55,26.55,26.1,26.5,112.0,2953.0,-0.1883,0.1297,145.0,-15.0,0.0,1.0,-14.0,1097.0,7.0,5.0,0.0,1.0,0.0,54.08,1.76,2.64
2023/05/26,26.2,26.35,26.0,26.15,84.0,2218.0,-1.3208,0.0973,72.0,-9.0,0.0,-1.0,-10.0,1081.0,2.0,18.0,0.0,1.0,0.0,53.37,1.73,2.68
2023/05/29,26.15,26.3,25.85,26.2,143.0,3752.0,0.1912,0.1656,84.0,-3.0,0.0,0.0,-3.0,1081.0,8.0,8.0,0.0,1.0,0.0,53.47,1.74,2.67
2023/05/30,26.2,26.3,25.8,25.8,84.0,2194.0,-1.5267,0.0973,77.0,5.0,0.0,2.0,7.0,1088.0,13.0,6.0,0.0,1.0,0.0,52.65,1.71,2.71
2023/05/31,25.8,26.15,25.8,25.9,82.0,2148.0,0.3876,0.0949,71.0,-1.0,0.0,0.0,-1.0,1127.0,42.0,3.0,0.0,1.0,0.0,52.86,1.72,2.7
2023/06/01,25.9,26.1,25.9,26.0,45.0,1185.0,0.3861,0.0521,47.0,3.0,0.0,0.0,3.0,1131.0,5.0,1.0,0.0,1.0,0.0,53.06,1.72,2.69
2023/06/02,26.05,26.5,26.05,26.3,102.0,2689.0,1.1538,0.1181,91.0,7.0,0.0,1.0,8.0,1155.0,44.0,20.0,0.0,1.0,0.0,53.67,1.74,2.66
2023/06/05,26.3,26.35,26.15,26.2,45.0,1192.0,-0.3802,0.0521,73.0,-5.0,0.0,0.0,-5.0,1152.0,0.0,1.0,0.0,1.0,0.0,53.47,1.74,2.67
2023/06/06,26.15,26.25,25.7,25.9,69.0,1798.0,-1.145,0.0799,81.0,1.0,0.0,1.0,2.0,1150.0,0.0,2.0,0.0,1.0,0.0,52.86,1.72,2.7
2023/06/07,26.0,26.0,25.75,25.8,74.0,1919.0,-0.3861,0.0857,57.0,13.0,0.0,0.0,13.0,1154.0,6.0,2.0,0.0,1.0,0.0,52.65,1.71,2.71
2023/06/08,26.15,26.2,25.8,25.9,39.0,1026.0,0.3876,0.0452,44.0,-1.0,0.0,0.0,-1.0,1142.0,2.0,14.0,0.0,1.0,0.0,52.86,1.72,2.7
2023/06/09,26.05,26.15,25.9,26.15,51.0,1332.0,0.9653,0.059,45.0,3.0,0.0,-1.0,2.0,1144.0,3.0,1.0,0.0,1.0,0.0,53.37,1.73,2.68
2023/06/12,26.1,26.1,25.6,25.7,73.0,1912.0,-1.7208,0.0845,90.0,-3.0,0.0,-3.0,-6.0,1142.0,1.0,3.0,1.0,0.0,0.0,52.45,1.7,2.72
2023/06/13,25.75,25.75,25.3,25.65,86.0,2213.0,-0.1946,0.0996,112.0,-3.0,0.0,0.0,-3.0,1165.0,23.0,0.0,0.0,0.0,0.0,52.35,1.7,2.73
2023/06/14,25.4,25.5,25.3,25.45,64.0,1626.0,-0.7797,0.0741,246.0,-2.0,0.0,0.0,-2.0,1160.0,7.0,12.0,0.0,0.0,0.0,51.94,1.69,2.75
2023/06/15,25.45,25.45,25.1,25.15,137.0,3461.0,-1.1788,0.1586,423.0,-1.0,0.0,0.0,-1.0,1176.0,17.0,1.0,0.0,0.0,0.0,51.33,1.67,2.78
2023/06/16,25.15,25.45,25.1,25.3,67.0,1710.0,0.5964,0.0776,68.0,3.0,0.0,-2.0,1.0,1194.0,21.0,3.0,0.0,0.0,0.0,51.63,1.68,2.77
2023/06/19,25.4,25.45,25.1,25.3,69.0,1763.0,0.0,0.0799,60.0,-1.0,0.0,0.0,-1.0,1198.0,14.0,10.0,0.0,0.0,0.0,51.63,1.68,2.77
2023/06/20,25.3,25.45,25.2,25.45,47.0,1215.0,0.5929,0.0544,59.0,0.0,0.0,0.0,0.0,1210.0,13.0,1.0,0.0,0.0,0.0,51.94,1.69,2.75
2023/06/21,25.2,25.85,25.1,25.85,82.0,2102.0,1.5717,0.0949,73.0,26.0,0.0,0.0,26.0,1196.0,17.0,31.0,0.0,0.0,0.0,52.76,1.71,2.71
2023/06/26,25.45,25.55,25.3,25.55,66.0,1690.0,-1.1605,0.0764,51.0,9.0,0.0,0.0,9.0,1207.0,24.0,13.0,0.0,0.0,0.0,52.14,1.69,2.74
2023/06/27,25.65,25.85,25.4,25.8,126.0,3256.0,0.9785,0.1459,116.0,6.0,0.0,0.0,6.0,1223.0,39.0,23.0,0.0,0.0,0.0,52.65,1.71,2.71
2023/06/28,25.05,25.4,25.05,25.1,76.0,1918.0,0.0,0.088,64.0,3.0,0.0,0.0,3.0,1219.0,19.0,23.0,0.0,0.0,0.0,51.22,1.66,2.79
2023/06/29,25.2,25.3,25.0,25.05,75.0,1893.0,-0.1992,0.0868,286.0,-5.0,0.0,0.0,-5.0,1221.0,7.0,5.0,0.0,0.0,0.0,51.12,1.66,2.79
2023/06/30,25.1,25.15,25.0,25.15,31.0,798.0,0.3992,0.0359,76.0,-5.0,0.0,-4.0,-9.0,1225.0,5.0,1.0,0.0,0.0,0.0,51.33,1.67,2.78
2023/07/03,25.05,25.15,25.05,25.05,68.0,1718.0,-0.3976,0.0787,78.0,-3.0,0.0,0.0,-3.0,1219.0,7.0,13.0,0.0,0.0,0.0,51.12,1.66,2.79
2023/07/04,25.1,25.1,24.9,24.95,97.0,2436.0,-0.3992,0.1123,381.0,9.0,0.0,0.0,9.0,1214.0,1.0,6.0,0.0,0.0,0.0,50.92,1.65,2.81
2023/07/05,25.0,25.0,24.9,24.95,13.0,334.0,0.0,0.0151,58.0,-2.0,0.0,0.0,-2.0,1215.0,2.0,1.0,0.0,0.0,0.0,50.92,1.65,2.81
2023/07/06,24.95,25.0,24.75,24.8,35.0,889.0,-0.6012,0.0405,60.0,-10.0,0.0,-2.0,-12.0,1205.0,6.0,16.0,0.0,0.0,0.0,50.61,1.64,2.82
2023/07/07,24.8,24.8,24.65,24.7,38.0,942.0,-0.4032,0.044,78.0,-4.0,0.0,0.0,-4.0,1212.0,11.0,4.0,0.0,0.0,0.0,50.41,1.64,2.83
2023/07/10,24.7,24.7,24.55,24.55,71.0,1752.0,-0.6073,0.0822,367.0,-9.0,0.0,-1.0,-10.0,1216.0,10.0,6.0,0.0,0.0,0.0,50.1,1.63,2.85
2023/07/11,24.6,24.75,24.6,24.75,71.0,1759.0,0.8147,0.0822,102.0,5.0,0.0,4.0,9.0,1225.0,18.0,9.0,0.0,0.0,0.0,50.51,1.64,2.83
2023/07/12,24.8,25.15,24.75,24.8,36.0,917.0,0.202,0.0417,48.0,-8.0,0.0,1.0,-7.0,1220.0,4.0,9.0,0.0,0.0,0.0,50.61,1.64,2.82
2023/07/13,24.8,24.9,24.7,24.7,31.0,772.0,-0.4032,0.0359,155.0,-1.0,0.0,0.0,-1.0,1217.0,9.0,12.0,0.0,0.0,0.0,50.41,1.64,2.83
2023/07/14,24.75,24.85,24.6,24.7,54.0,1342.0,0.0,0.0625,48.0,4.0,0.0,2.0,6.0,1216.0,6.0,7.0,0.0,0.0,0.0,50.41,1.64,2.83
2023/07/17,24.75,24.85,24.65,24.75,52.0,1291.0,0.2024,0.0602,42.0,4.0,0.0,0.0,4.0,1215.0,8.0,9.0,0.0,0.0,0.0,50.51,1.64,2.83
2023/07/18,24.75,24.75,24.5,24.55,53.0,1325.0,-0.8081,0.0614,72.0,1.0,0.0,-1.0,0.0,1196.0,3.0,22.0,0.0,0.0,0.0,50.1,1.63,2.85
2023/07/19,24.55,25.15,24.55,24.85,123.0,3067.0,1.222,0.1424,90.0,10.0,0.0,-2.0,8.0,1236.0,50.0,10.0,0.0,0.0,0.0,50.71,1.65,2.82
2023/07/20,24.7,25.0,24.7,24.75,97.0,2420.0,-0.4024,0.1123,86.0,4.0,0.0,0.0,4.0,1234.0,3.0,3.0,0.0,0.0,0.0,50.51,1.64,2.83
2023/07/21,24.9,24.95,24.75,24.75,22.0,552.0,0.0,0.0255,27.0,-6.0,0.0,0.0,-6.0,1230.0,2.0,6.0,0.0,0.0,0.0,50.51,1.64,2.83
2023/07/24,24.7,24.75,24.6,24.6,44.0,1099.0,-0.6061,0.0509,51.0,-8.0,0.0,0.0,-8.0,1228.0,1.0,3.0,0.0,0.0,0.0,50.2,1.63,2.85
2023/07/25,24.8,24.95,24.6,24.75,36.0,913.0,0.6098,0.0417,59.0,0.0,0.0,0.0,0.0,1226.0,0.0,2.0,0.0,0.0,0.0,50.51,1.64,2.83
2023/07/26,24.65,24.75,24.65,24.65,12.0,317.0,-0.404,0.0139,44.0,-3.0,0.0,-4.0,-7.0,1227.0,1.0,0.0,0.0,0.0,0.0,50.31,1.63,2.84
2023/07/27,24.55,24.8,24.55,24.7,53.0,1319.0,0.2028,0.0614,65.0,16.0,0.0,0.0,16.0,1222.0,0.0,5.0,0.0,0.0,0.0,50.41,1.64,2.83
2023/07/28,24.7,24.8,24.65,24.65,23.0,583.0,-0.2024,0.0266,56.0,-2.0,0.0,0.0,-2.0,1221.0,0.0,1.0,0.0,0.0,0.0,50.31,1.63,2.84
2023/07/31,24.8,24.85,24.6,24.6,43.0,1085.0,-0.2028,0.0498,256.0,0.0,0.0,4.0,4.0,1218.0,0.0,3.0,0.0,0.0,0.0,50.2,1.63,2.85
2023/08/01,24.65,24.8,24.6,24.65,35.0,881.0,0.2033,0.0405,43.0,0.0,0.0,-2.0,-2.0,1221.0,3.0,0.0,0.0,0.0,0.0,50.31,1.63,2.84
2023/08/02,24.9,24.9,24.35,24.5,52.0,1282.0,-0.6085,0.0602,74.0,-5.0,0.0,0.0,-5.0,1184.0,1.0,38.0,0.0,0.0,0.0,50.0,1.62,2.86
2023/08/04,24.6,24.6,24.55,24.6,8.0,202.0,0.4082,0.0093,51.0,0.0,0.0,0.0,0.0,1185.0,2.0,0.0,0.0,0.0,0.0,50.2,1.63,2.85
2023/08/07,24.65,24.65,24.1,24.55,42.0,1048.0,-0.2033,0.0486,202.0,-13.0,0.0,-6.0,-19.0,1191.0,6.0,0.0,0.0,0.0,0.0,50.1,1.63,2.85
2023/08/08,24.4,24.6,24.3,24.6,13.0,339.0,0.2037,0.015,131.0,-2.0,0.0,-1.0,-3.0,1191.0,0.0,0.0,0.0,0.0,0.0,50.2,1.63,2.85
2023/08/09,24.4,24.6,24.4,24.5,15.0,368.0,-0.4065,0.0174,17.0,-1.0,0.0,0.0,-1.0,1194.0,3.0,0.0,0.0,0.0,0.0,50.0,1.62,2.86
2023/08/10,24.2,24.5,24.2,24.2,24.0,582.0,-1.2245,0.0278,42.0,0.0,0.0,0.0,0.0,1196.0,3.0,1.0,0.0,0.0,0.0,63.68,1.63,2.89
2023/08/11,24.2,24.3,24.2,24.2,11.0,268.0,0.0,0.0127,14.0,1.0,0.0,0.0,1.0,1198.0,2.0,0.0,0.0,0.0,0.0,63.68,1.63,2.89
2023/08/14,24.05,24.05,23.05,23.4,95.0,2242.0,-3.3058,0.11,147.0,-14.0,0.0,-1.0,-15.0,1203.0,8.0,3.0,0.0,0.0,0.0,61.58,1.57,2.99
2023/08/15,23.35,23.5,23.2,23.25,38.0,910.0,-0.641,0.044,112.0,-16.0,0.0,0.0,-16.0,1203.0,1.0,1.0,0.0,0.0,0.0,61.18,1.56,3.01
2023/08/16,23.6,23.6,23.25,23.3,14.0,349.0,0.2151,0.0162,85.0,0.0,0.0,0.0,0.0,1200.0,0.0,3.0,0.0,0.0,0.0,61.32,1.57,3.0
2023/08/17,23.2,23.4,23.2,23.3,20.0,487.0,0.0,0.0232,113.0,6.0,0.0,0.0,6.0,1200.0,0.0,0.0,0.0,0.0,0.0,61.32,1.57,3.0
2023/08/18,23.1,23.35,23.05,23.2,16.0,372.0,-0.4292,0.0185,134.0,0.0,0.0,0.0,0.0,1200.0,0.0,0.0,0.0,0.0,0.0,61.05,1.56,3.02
2023/08/21,23.1,23.65,23.05,23.6,27.508,641.256,1.7241,0.0,57.0,7.0,0.0,0.0,7.0,1199.0,0.0,0.0,0.0,0.0,0.0,62.11,1.59,2.97
2023/08/22,23.6,23.6,23.45,23.45,9.998,235.451,-0.6356,0.0,69.0,1.0,0.0,0.0,1.0,1198.0,0.0,1.0,0.0,0.0,0.0,61.71,1.58,2.99
2023/08/23,23.5,24.05,23.5,23.85,11.05,264.193,1.7058,0.0,15.0,-1.0,0.0,-1.0,-2.0,1204.0,8.0,2.0,0.0,0.0,0.0,62.76,1.6,2.94
2023/08/24,23.4,23.65,23.25,23.5,111.066,2595.051,-1.4675,0.0,201.0,23.0,0.0,0.0,23.0,1126.0,10.0,88.0,0.0,0.0,0.0,61.84,1.58,2.98
2023/08/25,23.6,23.65,23.55,23.65,7.48,176.689,0.6383,0.0,22.0,1.0,0.0,-3.0,-2.0,1126.0,0.0,0.0,0.0,0.0,0.0,62.24,1.59,2.96
2023/08/28,23.45,23.5,23.4,23.4,37.525,879.332,-1.0571,0.0,44.0,-6.0,0.0,0.0,-6.0,1128.0,2.0,0.0,0.0,0.0,0.0,61.58,1.57,2.99
2023/08/29,23.6,23.7,23.45,23.45,9.414,221.398,0.2137,0.0,20.0,-1.0,0.0,0.0,-1.0,1128.0,0.0,0.0,0.0,0.0,0.0,61.71,1.58,2.99
2023/08/30,23.45,23.5,23.45,23.5,12.599,295.75,0.2132,0.0,25.0,-1.0,0.0,0.0,-1.0,1129.0,1.0,0.0,0.0,0.0,0.0,61.84,1.58,2.98
2023/08/31,23.45,23.45,23.35,23.4,9.944,232.97,-0.4255,0.0,104.0,0.0,0.0,0.0,0.0,1130.0,2.0,1.0,0.0,0.0,0.0,61.58,1.57,2.99
2023/09/01,23.45,23.45,23.35,23.4,10.223,239.597,0.0,0.0,94.0,2.0,0.0,0.0,2.0,1131.0,1.0,0.0,0.0,0.0,0.0,61.58,1.57,2.99
2023/09/04,23.4,23.4,23.15,23.4,51.178,1195.437,0.0,0.0,268.0,3.0,0.0,0.0,3.0,1103.0,0.0,28.0,0.0,0.0,0.0,61.58,1.57,2.99
2023/09/05,23.4,23.6,23.3,23.3,34.727,814.634,-0.4274,0.0,205.0,-2.0,0.0,0.0,-2.0,1088.0,5.0,20.0,0.0,0.0,0.0,61.32,1.57,3.0
2023/09/06,23.4,23.4,23.3,23.35,21.526,503.438,0.2146,0.0,79.0,1.0,0.0,0.0,1.0,1083.0,0.0,5.0,0.0,0.0,0.0,61.45,1.57,3.0
2023/09/07,23.15,23.4,23.15,23.3,20.415,475.337,-0.2141,0.0,130.0,-3.0,0.0,-1.0,-4.0,1081.0,3.0,1.0,0.0,0.0,0.0,61.32,1.57,3.0
