年月日,開盤價(元),最高價(元),最低價(元),收盤價(元),成交量(千股),成交值(千元),報酬率％,週轉率％,成交筆數(筆),外資買賣超(千股),投信買賣超(千股),自營買賣超(千股),合計買賣超(千股),融資餘額(張),融資買進(張),融資賣出(張),融券買進(張),融券餘額(張),融券賣出(張),本益比-TSE,股價淨值比-TSE,股利殖利率-TSE
1995/01/16,37.2,37.2,37.2,37.2,1.0,37.0,6.8966,0.0017,1.0,,,,,,,,,,,22.01,,
1995/01/17,39.8,39.8,39.8,39.8,3.0,119.0,6.9892,0.0051,2.0,,,,,,,,,,,23.55,,
1995/01/18,42.5,42.5,42.5,42.5,384.0,16320.0,6.7839,0.6564,259.0,,,,,,,,,,,25.15,,
1995/01/19,45.0,45.0,40.2,42.5,2439.0,106510.0,0.0,4.1692,1573.0,,,,,,,,,,,25.15,,
1995/01/20,42.0,42.0,40.5,40.5,719.0,29503.0,-4.7059,1.2291,457.0,,,,,,,,,,,23.96,,
1995/01/21,40.5,40.5,39.0,39.5,497.0,19713.0,-2.4691,0.8496,264.0,,,,,,,,,,,23.37,,
1995/01/23,39.5,40.0,39.5,40.0,541.0,21504.0,1.2658,0.9248,279.0,,,,,,,,,,,23.67,,
1995/01/24,39.0,39.8,38.5,38.7,357.0,13982.0,-3.25,0.6103,218.0,,,,,,,,,,,22.9,,
1995/01/25,38.7,39.5,38.7,38.8,289.0,11261.0,0.2584,0.494,154.0,,,,,,,,,,,22.96,,
1995/01/26,38.8,38.8,38.5,38.5,285.0,11013.0,-0.7732,0.4872,152.0,,,,,,,,,,,22.78,,
1995/02/04,41.1,41.1,38.7,38.7,346.0,13920.0,0.5195,0.5915,131.0,,,,,,,,,,,22.9,,
1995/02/06,39.5,40.0,38.6,39.6,336.0,13314.0,2.3256,0.5744,163.0,,,,,,,,,,,23.43,,
1995/02/07,39.9,39.9,39.0,39.7,145.0,5737.0,0.2525,0.2479,85.0,,,,,,,,,,,23.49,,
1995/02/08,39.5,39.6,39.1,39.1,129.0,5067.0,-1.5113,0.2205,82.0,,,,,,,,,,,23.14,,
1995/02/09,39.5,39.5,39.0,39.5,170.0,6668.0,1.023,0.2906,108.0,,,,,,,,,,,23.37,,
1995/02/10,39.3,39.5,38.9,39.5,151.0,5909.0,0.0,0.2581,72.0,,,,,,,,,,,23.37,,
1995/02/11,39.5,39.5,39.0,39.5,106.0,4166.0,0.0,0.1812,49.0,,,,,,,,,,,23.37,,
1995/02/13,39.5,39.9,38.9,39.6,228.0,9022.0,0.2532,0.3897,144.0,,,,,,,,,,,23.43,,
1995/02/14,39.5,39.5,39.2,39.4,78.0,3066.0,-0.5051,0.1333,56.0,,,,,,,,,,,23.31,,
1995/02/15,39.4,39.8,39.1,39.5,176.0,6930.0,0.2538,0.3009,90.0,,,,,,,,,,,23.37,,
1995/02/16,39.6,39.6,39.0,39.0,162.0,6359.0,-1.2658,0.2769,87.0,,,,,,,,,,,23.08,,
1995/02/17,39.2,39.2,38.9,39.0,190.0,7414.0,0.0,0.3248,88.0,,,,,,,,,,,23.08,,
1995/02/18,39.0,39.2,39.0,39.2,133.0,5204.0,0.5128,0.2274,66.0,,,,,,,,,,,23.2,,
1995/02/20,40.6,41.9,40.4,41.9,1417.0,58746.0,6.8878,2.4222,411.0,,,,,,,,,,,24.79,,
1995/02/21,43.3,43.3,40.2,40.2,1380.0,57796.0,-4.0573,2.359,428.0,,,,,,,,,,,23.79,,
1995/02/22,41.0,41.2,40.2,40.9,1783.0,72720.0,1.7413,3.0479,567.0,,,,,,,,,,,24.2,,
1995/02/23,40.8,41.1,40.2,40.9,2452.0,99650.0,0.0,4.1915,547.0,,,,,,,,,,,24.2,,
1995/02/24,40.6,40.6,39.1,39.5,1026.0,41239.0,-3.423,1.7538,365.0,,,,,,,,,,,23.37,,
1995/02/25,39.9,39.9,39.5,39.5,353.0,13989.0,0.0,0.6034,122.0,,,,,,,,,,,23.37,,
1995/02/27,39.3,39.9,38.6,39.0,1123.0,44010.0,-1.2658,1.9197,347.0,,,,,,,,,,,23.08,,
1995/02/28,38.6,39.5,38.6,39.3,443.0,17325.0,0.7692,0.7573,126.0,,,,,,,,,,,23.25,,
1995/03/01,39.5,39.8,39.1,39.1,289.0,11328.0,-0.5089,0.494,110.0,,,,,,,,,,,22.09,,
1995/03/02,39.0,39.3,38.9,39.0,149.0,5819.0,-0.2558,0.2547,78.0,,,,,,,,,,,22.03,,
1995/03/03,39.1,40.5,38.9,40.5,366.0,14440.0,3.8462,0.6256,152.0,,,,,,,,,,,22.88,,
1995/03/04,40.9,41.4,40.6,41.0,1317.0,53973.0,1.2346,2.2513,414.0,,,,,,,,,,,23.16,,
1995/03/06,41.1,41.1,40.5,40.6,397.0,16147.0,-0.9756,0.6786,169.0,,,,,,,,,,,22.94,,
1995/03/07,40.6,40.6,40.0,40.0,357.0,14343.0,-1.4778,0.6103,109.0,,,,,,,,,,,22.6,,
1995/03/08,40.0,40.3,39.7,39.9,283.0,11298.0,-0.25,0.4838,94.0,,,,,,,,,,,22.54,,
1995/03/09,39.7,40.0,39.4,39.4,223.0,8820.0,-1.2531,0.3812,90.0,,,,,,,,,,,22.26,,
1995/03/10,39.9,39.9,39.5,39.5,226.0,8956.0,0.2538,0.3863,105.0,,,,,,,,,,,22.32,,
1995/03/11,39.5,39.8,39.5,39.8,178.0,7056.0,0.7595,0.3043,94.0,,,,,,,,,,,22.49,,
1995/03/13,40.0,40.0,39.5,39.8,175.0,6958.0,0.0,0.2991,91.0,,,,,,,,,,,22.49,,
1995/03/14,39.7,39.7,39.5,39.5,259.0,10255.0,-0.7538,0.4427,94.0,,,,,,,,,,,22.32,,
1995/03/15,39.5,40.1,39.5,39.6,226.0,9024.0,0.2532,0.3863,111.0,,,,,,,,,,,22.37,,
1995/03/16,39.7,40.1,39.6,39.7,205.0,8165.0,0.2525,0.3504,98.0,,,,,,,,,,,22.43,,
1995/03/17,39.8,39.8,39.5,39.5,242.0,9591.0,-0.5038,0.4137,87.0,,,,,,,,,,,22.32,,
1995/03/18,39.8,39.8,39.2,39.2,183.0,7242.0,-0.7595,0.3128,69.0,,,,,,,,,,,22.15,,
1995/03/20,39.3,39.3,39.2,39.3,108.0,4237.0,0.2551,0.1846,51.0,,,,,,,,,,,22.2,,
1995/03/21,40.1,40.5,39.6,39.8,428.0,17163.0,1.2723,0.7316,185.0,,,,,,,,,,,22.49,,
1995/03/22,39.0,40.3,39.0,40.3,350.0,13861.0,1.2563,0.5983,107.0,,,,,,,,,,,22.77,,
1995/03/23,40.0,40.2,39.7,40.0,308.0,12309.0,-0.7444,0.5265,123.0,,,,,,,,,,,22.6,,
1995/03/24,40.0,40.1,39.6,39.7,45.0,1794.0,-0.75,0.0769,28.0,,,,,,,,,,,22.43,,
1995/03/25,39.9,39.9,39.3,39.4,71.0,2812.0,-0.7557,0.1214,42.0,,,,,,,,,,,22.26,,
1995/03/27,39.4,39.5,39.0,39.5,274.0,10730.0,0.2538,0.4684,112.0,,,,,,,,,,,22.32,,
1995/03/28,39.5,39.9,39.3,39.3,231.0,9148.0,-0.5063,0.3949,97.0,,,,,,,,,,,22.2,,
1995/03/30,39.5,40.0,39.5,40.0,299.0,11925.0,1.7812,0.5111,108.0,,,,,,,,,,,22.6,,
1995/03/31,40.0,40.2,39.5,40.1,258.0,10343.0,0.25,0.441,94.0,,,,,,,,,,,22.66,,
1995/04/01,40.2,40.5,39.9,40.5,131.0,5255.0,0.9975,0.2239,53.0,,,,,,,,,,,22.88,,
1995/04/06,40.5,40.9,40.2,40.3,320.0,12944.0,-0.4938,0.547,102.0,,,,,,,,,,,22.77,,
1995/04/07,40.5,40.5,39.6,39.8,129.0,5171.0,-1.2407,0.2205,59.0,,,,,,,,,,,22.49,,
1995/04/08,39.7,39.7,39.5,39.7,182.0,7203.0,-0.2513,0.3111,71.0,,,,,,,,,,,22.43,,
1995/04/10,39.7,40.0,39.3,40.0,242.0,9597.0,0.7557,0.4137,88.0,,,,,,,,,,,22.6,,
1995/04/11,40.2,40.4,39.5,39.6,235.0,9428.0,-1.0,0.4017,93.0,,,,,,,,,,,22.37,,
1995/04/12,40.0,40.0,39.4,39.5,79.0,3153.0,-0.2525,0.135,41.0,,,,,,,,,,,22.32,,
1995/04/13,39.5,40.3,39.3,40.1,153.0,6081.0,1.519,0.2615,77.0,,,,,,,,,,,22.66,,
1995/04/14,40.1,40.1,39.3,39.4,278.0,10977.0,-1.7456,0.4752,90.0,,,,,,,,,,,22.26,,
1995/04/15,39.4,39.6,39.0,39.4,368.0,14400.0,0.0,0.6291,96.0,,,,,,,,,,,22.26,,
1995/04/17,39.0,39.4,39.0,39.4,229.0,8939.0,0.0,0.3915,73.0,,,,,,,,,,,22.26,,
1995/04/18,39.3,39.4,39.0,39.0,188.0,7347.0,-1.0152,0.3214,57.0,,,,,,,,,,,22.03,,
1995/04/19,39.0,39.2,38.8,38.9,66.0,2575.0,-0.2564,0.1128,35.0,,,,,,,,,,,21.98,,
1995/04/20,39.0,39.1,38.8,38.8,131.0,5101.0,-0.2571,0.2239,39.0,,,,,,,,,,,21.92,,
1995/04/21,39.0,39.0,37.7,38.0,175.0,6725.0,-2.0619,0.2991,67.0,,,,,,,,,,,21.47,,
1995/04/22,38.0,39.0,38.0,39.0,110.0,4276.0,2.6316,0.188,58.0,,,,,,,,,,,22.03,,
1995/04/24,38.5,39.0,38.1,39.0,36.0,1392.0,0.0,0.0615,23.0,,,,,,,,,,,22.03,,
1995/04/25,39.0,39.0,38.0,38.6,58.0,2227.0,-1.0256,0.0991,34.0,,,,,,,,,,,21.81,,
1995/04/26,38.6,38.8,38.2,38.3,39.0,1502.0,-0.7772,0.0667,27.0,,,,,,,,,,,21.64,,
1995/04/27,38.4,38.9,38.2,38.2,36.0,1382.0,-0.2611,0.0615,23.0,,,,,,,,,,,21.58,,
1995/04/28,38.3,38.6,38.2,38.6,78.0,2996.0,1.0471,0.1333,31.0,,,,,,,,,,,21.81,,
1995/04/29,38.6,38.6,38.1,38.1,26.0,995.0,-1.2953,0.0444,18.0,,,,,,,,,,,21.53,,
1995/05/01,38.2,38.3,38.1,38.1,30.0,1146.0,0.0,0.0513,20.0,,,,,,,,,,,21.53,,
1995/05/02,37.6,38.0,37.6,37.8,74.0,2792.0,-0.7874,0.1265,49.0,,,,,,,,,,,21.36,,
1995/05/03,37.8,39.2,37.8,38.6,191.0,7328.0,2.1164,0.3265,75.0,,,,,,,,,,,21.81,,
1995/05/04,38.2,38.8,38.1,38.5,187.0,7221.0,-0.2591,0.3197,62.0,,,,,,,,,,,21.75,,
1995/05/05,38.3,38.5,37.8,38.2,177.0,6729.0,-0.7792,0.3026,65.0,,,,,,,,,,,21.58,,
1995/05/06,38.0,38.0,37.9,37.9,10.0,379.0,-0.7853,0.0171,7.0,,,,,,,,,,,21.41,,
1995/05/08,38.0,38.0,36.9,37.4,70.0,2640.0,-1.3193,0.1197,41.0,,,,,,,,,,,21.13,,
1995/05/09,38.0,38.0,37.8,38.0,38.0,1441.0,1.6043,0.065,22.0,,,,,,,,,,,21.47,,
1995/05/10,38.0,38.0,37.4,37.9,37.0,1403.0,-0.2632,0.0632,17.0,,,,,,,,,,,21.41,,
1995/05/11,37.9,38.0,37.8,37.9,15.0,568.0,0.0,0.0256,11.0,,,,,,,,,,,21.41,,
1995/05/12,37.9,38.0,37.5,37.7,106.0,4015.0,-0.5277,0.1812,29.0,,,,,,,,,,,21.3,,
1995/05/13,38.0,38.0,37.5,38.0,65.0,2452.0,0.7958,0.1111,30.0,,,,,,,,,,,21.47,,
1995/05/15,38.0,38.0,37.6,37.6,9.0,339.0,-1.0526,0.0154,9.0,,,,,,,,,,,21.24,,
1995/05/16,37.6,37.7,37.6,37.7,9.0,338.0,0.266,0.0154,8.0,,,,,,,,,,,21.3,,
1995/05/17,37.6,37.7,37.5,37.6,25.0,938.0,-0.2653,0.0427,18.0,,,,,,,,,,,17.74,,
1995/05/18,37.5,38.5,37.5,38.1,79.0,2993.0,1.3298,0.135,51.0,,,,,,,,,,,17.97,,
1995/05/19,38.1,38.1,37.9,38.1,91.0,3466.0,0.0,0.1556,43.0,,,,,,,,,,,17.97,,
1995/05/20,38.1,38.4,38.1,38.2,187.0,7131.0,0.2625,0.3197,77.0,,,,,,,,,,,18.02,,
1995/05/22,38.2,38.7,38.2,38.4,501.0,19217.0,0.5236,0.8564,94.0,,,,,,,,,,,18.11,,
1995/05/23,38.5,38.7,38.4,38.7,297.0,11445.0,0.7813,0.5077,84.0,,,,,,,,,,,18.25,,
1995/05/24,38.8,39.0,38.5,38.8,398.0,15433.0,0.2584,0.6803,122.0,,,,,,,,,,,18.3,,
1995/05/25,38.2,39.0,38.2,38.7,100.0,3896.0,-0.2577,0.1709,30.0,,,,,,,,,,,18.25,,
1995/05/26,38.7,38.7,38.1,38.4,128.0,4920.0,-0.7752,0.2188,41.0,,,,,,,,,,,18.11,,
1995/05/27,38.3,38.3,37.7,38.0,50.0,1900.0,-1.0417,0.0855,26.0,,,,,,,,,,,17.92,,
1995/05/29,38.0,38.0,37.5,37.6,87.0,3296.0,-1.0526,0.1487,27.0,,,,,,,,,,,17.74,,
1995/05/30,37.6,37.8,37.6,37.8,51.0,1925.0,0.5319,0.0872,17.0,,,,,,,,,,,17.83,,
1995/05/31,37.8,37.8,37.5,37.5,54.0,2039.0,-0.7937,0.0923,19.0,,,,,,,,,,,17.69,,
1995/06/01,37.5,38.5,37.5,38.4,586.0,22486.0,2.4,1.0017,91.0,,,,,,,,,,,18.11,,
1995/06/05,38.3,38.3,37.8,38.0,169.0,6424.0,-1.0417,0.2889,37.0,,,,,,,,,,,17.92,,
1995/06/06,38.0,38.0,37.6,37.7,73.0,2754.0,-0.7895,0.1248,34.0,,,,,,,,,,,17.78,,
1995/06/07,37.9,38.2,37.9,38.0,85.0,3234.0,0.7958,0.1453,40.0,,,,,,,,,,,17.92,,
1995/06/08,38.0,38.0,37.7,38.0,26.0,986.0,0.0,0.0444,9.0,,,,,,,,,,,17.92,,
1995/06/09,37.7,37.8,36.5,37.8,44.0,1653.0,-0.5263,0.0752,23.0,,,,,,,,,,,17.83,,
1995/06/10,38.1,38.1,37.8,37.8,74.0,2807.0,0.0,0.1265,21.0,,,,,,,,,,,17.83,,
1995/06/12,38.1,38.2,37.6,37.6,63.0,2391.0,-0.5291,0.1077,25.0,,,,,,,,,,,17.74,,
1995/06/13,37.7,37.9,36.6,37.4,137.0,5142.0,-0.5319,0.2342,36.0,,,,,,,,,,,17.64,,
1995/06/14,37.0,37.7,36.6,36.8,72.0,2651.0,-1.6043,0.1231,42.0,,,,,,,,,,,17.36,,
1995/06/15,37.2,37.2,36.3,36.9,54.0,1982.0,0.2717,0.0923,22.0,,,,,,,,,,,17.41,,
1995/06/16,36.9,37.0,36.3,36.7,23.0,845.0,-0.542,0.0393,15.0,,,,,,,,,,,17.31,,
1995/06/17,36.5,36.9,35.3,36.0,31.0,1125.0,-1.9074,0.053,18.0,,,,,,,,,,,16.98,,
1995/06/19,35.3,36.6,35.3,36.6,72.0,2614.0,1.6667,0.1231,36.0,,,,,,,,,,,17.26,,
1995/06/20,36.0,36.5,36.0,36.5,39.0,1412.0,-0.2732,0.0667,24.0,,,,,,,,,,,17.22,,
1995/06/21,36.3,36.3,36.0,36.0,33.0,1192.0,-1.3699,0.0564,17.0,,,,,,,,,,,16.98,,
1995/06/22,36.0,36.2,36.0,36.1,16.0,577.0,0.2778,0.0274,13.0,,,,,,,,,,,17.03,,
1995/06/23,36.2,36.4,36.2,36.3,63.0,2283.0,0.554,0.1077,31.0,,,,,,,,,,,17.12,,
1995/06/24,36.4,36.5,36.0,36.3,51.0,1852.0,0.0,0.0872,27.0,,,,,,,,,,,17.12,,
1995/06/26,36.3,36.6,36.3,36.6,115.0,4188.0,0.8264,0.1966,57.0,,,,,,,,,,,17.26,,
1995/06/27,36.5,36.7,36.5,36.7,51.0,1864.0,0.2732,0.0872,26.0,,,,,,,,,,,17.31,,
1995/06/28,36.7,36.8,36.5,36.5,72.0,2643.0,-0.545,0.1231,42.0,,,,,,,,,,,17.22,,
1995/06/29,36.3,36.4,36.1,36.1,30.0,1086.0,-1.0959,0.0513,24.0,,,,,,,,,,,17.03,,
1995/06/30,36.0,36.2,34.7,35.6,179.0,6349.0,-1.385,0.306,88.0,,,,,,,,,,,16.79,,
1995/07/03,28.8,31.4,28.8,31.1,138.0,4285.0,3.7021,0.1714,63.0,,,,,,,,,,,14.67,,
1995/07/04,29.9,31.8,29.9,31.6,56.0,1748.0,1.6077,0.0695,34.0,,,,,,,,,,,20.52,,
1995/07/05,31.0,31.8,31.0,31.4,296.0,9273.0,-0.6329,0.3676,20.0,,,,,,,,,,,20.39,,
1995/07/06,31.5,31.5,30.0,30.0,22.0,680.0,-4.4586,0.0273,15.0,,,,,,,,,,,19.48,,
1995/07/07,30.3,31.0,30.3,31.0,45.0,1377.0,3.3333,0.0559,21.0,,,,,,,,,,,20.13,,
1995/07/08,31.0,31.0,30.7,31.0,84.0,2601.0,0.0,0.1043,25.0,,,,,,,,,,,20.13,,
1995/07/10,30.8,31.0,30.5,30.9,133.0,4108.0,-0.3226,0.1652,24.0,,,,,,,,,,,20.06,,
1995/07/11,30.7,30.8,30.0,30.8,86.0,2631.0,-0.3236,0.1068,52.0,,,,,,,,,,,20.0,,
1995/07/12,30.9,31.0,30.4,31.0,96.0,2967.0,0.6494,0.1192,47.0,,,,,,,,,,,20.13,,
1995/07/13,31.0,31.0,30.3,30.8,7.0,215.0,-0.6452,0.0087,6.0,,,,,,,,,,,20.0,,
1995/07/14,31.0,31.0,30.2,30.7,51.0,1560.0,-0.3247,0.0633,17.0,,,,,,,,,,,19.94,,
1995/07/15,30.2,30.2,29.5,29.7,158.0,4708.0,-3.2573,0.1962,52.0,,,,,,,,,,,19.29,,
1995/07/17,30.0,30.0,28.0,29.7,142.0,4196.0,0.0,0.1764,40.0,,,,,,,,,,,19.29,,
1995/07/18,29.5,29.5,28.1,29.4,115.0,3363.0,-1.0101,0.1428,33.0,,,,,,,,,,,19.09,,
1995/07/19,28.0,29.2,27.4,28.0,102.0,2885.0,-4.7619,0.1267,41.0,,,,,,,,,,,18.18,,
1995/07/20,27.1,27.1,26.5,26.8,110.0,2969.0,-4.2857,0.1366,25.0,,,,,,,,,,,17.4,,
1995/07/21,27.4,27.5,26.6,27.0,92.0,2498.0,0.7463,0.1143,32.0,,,,,,,,,,,17.53,,
1995/07/22,26.6,27.0,26.6,27.0,227.0,6104.0,0.0,0.2819,13.0,,,,,,,,,,,17.53,,
1995/07/24,26.5,27.3,26.5,27.0,51.0,1376.0,0.0,0.0633,15.0,,,,,,,,,,,17.53,,
1995/07/25,26.8,27.0,26.8,27.0,36.0,970.0,0.0,0.0447,9.0,,,,,,,,,,,17.53,,
1995/07/26,26.1,27.0,25.3,27.0,243.0,6452.0,0.0,0.3018,63.0,,,,,,,,,,,17.53,,
1995/07/27,27.8,27.8,27.3,27.4,96.0,2639.0,1.4815,0.1192,45.0,,,,,,,,,,,17.79,,
1995/07/28,27.4,27.4,26.4,27.0,23.0,623.0,-1.4599,0.0286,14.0,,,,,,,,,,,17.53,,
1995/07/29,27.0,27.0,26.7,26.9,15.0,404.0,-0.3704,0.0186,8.0,,,,,,,,,,,17.47,,
1995/07/31,26.9,27.0,26.7,27.0,26.0,698.0,0.3717,0.0323,8.0,,,,,,,,,,,17.53,,
1995/08/01,26.9,26.9,26.7,26.9,6.0,161.0,-0.3704,0.0075,5.0,,,,,,,,,,,17.47,,
1995/08/02,27.1,27.1,26.0,26.3,58.0,1528.0,-2.2305,0.072,26.0,,,,,,,,,,,17.08,,
1995/08/03,26.8,26.8,25.6,26.4,49.0,1292.0,0.3802,0.0609,25.0,,,,,,,,,,,17.14,,
1995/08/04,25.6,26.8,25.6,26.8,117.0,3088.0,1.5152,0.1453,33.0,,,,,,,,,,,17.4,,
1995/08/05,26.0,26.8,25.1,26.7,66.0,1719.0,-0.3731,0.082,37.0,,,,,,,,,,,17.34,,
1995/08/07,26.0,26.0,25.4,25.6,87.0,2226.0,-4.1199,0.108,28.0,,,,,,,,,,,16.62,,
1995/08/08,25.3,25.6,25.0,25.6,245.0,6196.0,0.0,0.3043,50.0,,,,,,,,,,,16.62,,
1995/08/09,25.6,25.6,25.0,25.6,426.0,10763.0,0.0,0.5291,63.0,,,,,,,,,,,16.62,,
1995/08/10,25.6,25.8,25.6,25.8,307.0,7884.0,0.7813,0.3813,32.0,,,,,,,,,,,16.75,,
1995/08/11,25.0,25.5,24.0,25.4,292.0,7294.0,-1.5504,0.3626,67.0,,,,,,,,,,,16.49,,
1995/08/12,25.6,25.9,25.3,25.9,701.0,17942.0,1.9685,0.8706,79.0,,,,,,,,,,,16.82,,
1995/08/14,25.8,25.8,24.8,25.5,189.0,4800.0,-1.5444,0.2347,51.0,,,,,,,,,,,16.56,,
1995/08/15,25.6,25.8,25.3,25.8,326.0,8337.0,1.1765,0.4049,50.0,,,,,,,,,,,16.75,,
1995/08/16,25.8,27.6,25.8,27.6,890.0,23657.0,6.9767,1.1053,131.0,,,,,,,,,,,17.92,,
1995/08/17,27.6,28.5,27.5,28.3,607.0,17016.0,2.5362,0.7538,136.0,,,,,,,,,,,18.38,,
1995/08/18,28.3,28.3,27.4,27.5,241.0,6700.0,-2.8269,0.2993,96.0,,,,,,,,,,,17.86,,
1995/08/19,27.3,27.5,26.8,27.4,300.0,8177.0,-0.3636,0.3726,95.0,,,,,,,,,,,17.79,,
1995/08/21,27.4,28.3,26.8,27.6,205.0,5629.0,0.7299,0.2546,52.0,,,,,,,,,,,17.92,,
1995/08/22,28.0,28.0,27.4,28.0,503.0,13964.0,1.4493,0.6247,95.0,,,,,,,,,,,18.18,,
1995/08/23,28.0,28.0,27.5,27.9,181.0,5025.0,-0.3571,0.2248,58.0,,,,,,,,,,,18.12,,
1995/08/24,28.0,28.0,27.6,28.0,179.0,4971.0,0.3584,0.2223,76.0,,,,,,,,,,,18.18,,
1995/08/25,28.0,28.0,27.6,27.9,164.0,4575.0,-0.3571,0.2037,91.0,,,,,,,,,,,18.12,,
1995/08/26,28.0,28.3,27.8,28.0,322.0,9026.0,0.3584,0.3999,90.0,,,,,,,,,,,18.18,,
1995/08/28,28.1,28.5,27.8,28.5,305.0,8580.0,1.7857,0.3788,46.0,,,,,,,,,,,18.51,,
1995/08/29,28.7,29.0,28.4,29.0,329.0,9418.0,1.7544,0.4086,62.0,,,,,,,,,,,18.83,,
1995/08/30,29.0,29.0,28.4,28.8,441.0,12704.0,-0.6897,0.5477,59.0,,,,,,,,,,,18.7,,
1995/08/31,28.8,29.0,28.4,28.9,444.0,12770.0,0.3472,0.5514,64.0,,,,,,,,,,,18.77,,
1995/09/01,28.9,29.5,28.6,29.2,519.0,15064.0,1.0381,0.6446,119.0,,,,,,,,,,,18.96,,
1995/09/02,29.5,29.9,29.2,29.9,839.0,24805.0,2.3973,1.042,114.0,,,,,,,,,,,19.42,,
1995/09/04,29.9,29.9,29.0,29.5,355.0,10441.0,-1.3378,0.4409,72.0,,,,,,,,,,,19.16,,
1995/09/05,29.5,29.5,29.0,29.4,314.0,9193.0,-0.339,0.39,86.0,,,,,,,,,,,19.09,,
1995/09/06,29.4,31.0,29.4,31.0,1246.0,37411.0,5.4422,1.5474,183.0,,,,,,,,,,,20.13,,
1995/09/07,31.0,32.0,31.0,32.0,2126.0,67209.0,3.2258,2.6403,365.0,,,,,,,,,,,20.78,,
1995/09/08,32.3,32.4,31.0,31.7,1507.0,47756.0,-0.9375,1.8716,244.0,,,,,,,,,,,20.58,,
1995/09/11,31.7,32.0,30.9,31.9,1460.0,46287.0,0.6309,1.8132,273.0,,,,,,,,,,,20.71,,
1995/09/12,32.0,32.1,31.3,31.6,1347.0,42540.0,-0.9404,1.6729,278.0,,,,,,,,,,,20.52,,
1995/09/13,31.7,31.9,31.2,31.6,749.0,23586.0,0.0,0.9302,207.0,,,,,,,,,,,20.52,,
1995/09/14,31.7,32.0,30.7,31.0,1494.0,46832.0,-1.8987,1.8554,278.0,,,,,,,,,,,20.13,,
1995/09/15,30.8,31.0,29.6,30.5,878.0,26619.0,-1.6129,1.0904,209.0,,,,,,,,,,,19.81,,
1995/09/16,30.5,30.5,30.0,30.2,319.0,9662.0,-0.9836,0.3962,68.0,,,,,,,,,,,21.27,,
1995/09/18,30.6,32.1,30.5,32.0,2404.0,75801.0,5.9603,2.9856,463.0,,,,,,,,,,,22.54,,
1995/09/19,32.0,32.9,32.0,32.3,2711.0,87440.0,0.9375,3.3669,605.0,,,,,,,,,,,22.75,,
1995/09/20,32.1,32.3,31.8,32.3,1758.0,56280.0,0.0,2.1833,402.0,,,,,,,,,,,22.75,,
1995/09/21,32.0,32.3,31.5,32.1,1535.0,49009.0,-0.6192,1.9064,356.0,,,,,,,,,,,22.61,,
1995/09/23,32.0,32.8,31.6,32.8,2572.0,81959.0,2.1807,3.1942,463.0,,,,,,,,,,,23.1,,
1995/09/25,33.4,33.4,32.7,33.1,3506.0,115951.0,0.9146,4.3542,593.0,,,,,,,,,,,23.31,,
1995/09/26,33.0,33.0,32.0,32.5,2107.0,67902.0,-1.8127,2.6167,474.0,,,,,,,,,,,22.89,,
1995/09/27,32.0,32.5,32.0,32.4,1415.0,45450.0,-0.3077,1.7573,361.0,,,,,,,,,,,22.82,,
1995/09/29,32.4,32.8,32.4,32.8,1965.0,64137.0,1.2346,2.4404,505.0,,,,,0.0,0.0,0.0,0.0,0.0,0.0,23.1,,
1995/09/30,32.8,32.9,32.1,32.4,1553.0,50376.0,-1.2195,1.9287,346.0,,,,,1048.0,1048.0,0.0,0.0,0.0,0.0,22.82,,
1995/10/02,32.5,33.1,32.2,33.1,2306.0,75704.0,2.1605,2.8639,525.0,,,,,2057.0,1197.0,188.0,0.0,8.0,8.0,23.31,,
1995/10/03,33.5,33.5,33.1,33.1,2436.0,81107.0,0.0,3.0253,569.0,,,,,2782.0,1200.0,475.0,0.0,9.0,1.0,23.31,,
1995/10/04,33.1,33.5,33.1,33.5,2091.0,69507.0,1.2085,2.5969,397.0,,,,,3631.0,1320.0,471.0,0.0,12.0,3.0,23.59,,
1995/10/05,33.1,33.4,32.7,32.8,2114.0,69861.0,-2.0896,2.6254,453.0,,,,,4000.0,903.0,534.0,0.0,29.0,17.0,23.1,,
1995/10/06,33.1,33.2,32.3,32.3,1967.0,64763.0,-1.5244,2.4429,360.0,,,,,4702.0,957.0,255.0,1.0,40.0,12.0,22.75,,
1995/10/07,33.0,33.3,32.7,33.3,2817.0,93043.0,3.096,3.4985,531.0,,,,,5374.0,1330.0,648.0,6.0,321.0,297.0,23.45,,
1995/10/09,33.1,33.3,33.0,33.1,2019.0,66813.0,-0.6006,2.5075,354.0,,,,,5682.0,929.0,621.0,10.0,374.0,63.0,23.31,,
1995/10/11,33.1,33.1,32.0,32.2,1479.0,47819.0,-2.719,1.8368,329.0,,,,,5804.0,463.0,341.0,12.0,432.0,70.0,22.68,,
1995/10/12,31.9,31.9,31.1,31.5,1178.0,37246.0,-2.1739,1.463,277.0,,,,,5901.0,448.0,351.0,10.0,544.0,122.0,22.18,,
1995/10/13,31.5,32.0,31.5,31.8,1382.0,43977.0,0.9524,1.7163,258.0,,,,,5983.0,556.0,474.0,26.0,558.0,40.0,22.39,,
1995/10/14,29.6,31.1,29.6,30.6,1829.0,55639.0,-3.7736,2.2715,347.0,,,,,5908.0,750.0,825.0,84.0,601.0,127.0,21.55,,
1995/10/16,30.8,31.2,30.6,31.0,2074.0,64181.0,1.3072,2.5758,315.0,,,,,6143.0,704.0,469.0,15.0,733.0,147.0,21.83,,
1995/10/17,31.0,31.0,30.4,30.8,1229.0,37698.0,-0.6452,1.5263,207.0,,,,,6140.0,306.0,309.0,130.0,642.0,39.0,21.69,,
1995/10/18,30.7,30.8,29.9,30.7,729.0,22177.0,-0.3247,0.9054,170.0,,,,,6199.0,239.0,180.0,14.0,641.0,13.0,21.62,,
1995/10/19,30.5,30.5,29.6,30.4,934.0,27985.0,-0.9772,1.16,220.0,,,,,6152.0,264.0,311.0,63.0,607.0,29.0,21.41,,
1995/10/20,29.6,30.3,29.6,30.1,1034.0,30906.0,-0.9868,1.2842,202.0,,,,,6332.0,340.0,155.0,20.0,628.0,46.0,21.2,,
1995/10/21,30.1,30.2,29.6,29.8,767.0,22799.0,-0.9967,0.9526,126.0,,,,,6529.0,390.0,193.0,24.0,617.0,13.0,20.99,,
1995/10/23,29.7,29.7,29.1,29.2,927.0,27123.0,-2.0134,1.1513,243.0,,,,,6512.0,407.0,424.0,25.0,613.0,21.0,20.56,,
1995/10/24,29.5,29.6,29.3,29.5,835.0,24630.0,1.0274,1.037,222.0,,,,,6543.0,344.0,311.0,5.0,694.0,86.0,20.77,,
1995/10/26,29.6,29.6,28.6,28.7,1043.0,30245.0,-2.7119,1.2953,290.0,,,,,6604.0,590.0,419.0,24.0,717.0,47.0,20.21,,
1995/10/27,28.3,28.3,26.7,27.2,1441.0,39479.0,-5.2265,1.7896,386.0,,,,,6834.0,658.0,425.0,195.0,588.0,69.0,19.15,,
1995/10/28,27.4,28.5,27.4,28.2,2497.0,69967.0,3.6765,3.1011,529.0,,,,,7425.0,1232.0,635.0,27.0,1041.0,480.0,19.86,,
1995/10/30,28.4,28.4,27.6,27.8,953.0,26516.0,-1.4184,1.1836,254.0,,,,,7573.0,323.0,175.0,140.0,951.0,53.0,19.58,,
1995/11/01,27.5,27.8,27.2,27.3,878.0,24084.0,-1.7986,1.0904,187.0,,,,,7540.0,379.0,411.0,201.0,759.0,34.0,19.23,,
1995/11/02,27.3,27.5,27.0,27.2,472.0,12858.0,-0.3663,0.5862,134.0,,,,,7409.0,87.0,218.0,101.0,638.0,14.0,19.15,,
1995/11/03,26.6,27.0,25.6,26.0,1125.0,29326.0,-4.4118,1.3972,267.0,,,,,7229.0,385.0,515.0,338.0,267.0,27.0,18.31,,
1995/11/04,26.0,26.5,25.7,26.1,430.0,11262.0,0.3846,0.534,131.0,,,,,7232.0,213.0,208.0,5.0,255.0,5.0,18.38,,
1995/11/06,26.0,26.4,26.0,26.3,377.0,9891.0,0.7663,0.4682,155.0,,,,,7143.0,109.0,198.0,18.0,242.0,10.0,18.52,,
1995/11/07,26.8,27.1,26.5,26.5,813.0,21746.0,0.7605,1.0097,266.0,,,,,7206.0,440.0,377.0,8.0,258.0,31.0,18.66,,
1995/11/08,26.5,26.5,26.0,26.0,360.0,9416.0,-1.8868,0.4471,112.0,,,,,7065.0,77.0,208.0,121.0,128.0,0.0,18.31,,
1995/11/09,26.0,26.0,25.5,25.7,436.0,11235.0,-1.1538,0.5415,118.0,,,,,6901.0,89.0,253.0,70.0,58.0,1.0,18.1,,
1995/11/10,26.0,26.2,25.2,25.6,283.0,7256.0,-0.3891,0.3515,98.0,,,,,6866.0,105.0,140.0,2.0,54.0,0.0,18.03,,
1995/11/11,25.5,25.9,25.1,25.8,373.0,9551.0,0.7813,0.4632,85.0,,,,,6789.0,89.0,124.0,25.0,35.0,6.0,18.17,,
1995/11/14,25.3,25.6,25.1,25.1,282.0,7125.0,-2.7132,0.3502,83.0,,,,,6777.0,109.0,106.0,4.0,31.0,0.0,17.68,,
1995/11/15,25.1,25.3,25.1,25.2,222.0,5582.0,0.3984,0.2757,93.0,,,,,6822.0,121.0,76.0,3.0,24.0,0.0,17.75,,
1995/11/16,25.4,25.4,25.0,25.2,270.0,6800.0,0.0,0.3353,114.0,,,,,6861.0,115.0,76.0,1.0,24.0,1.0,21.72,,
1995/11/17,25.2,25.4,25.2,25.2,165.0,4169.0,0.0,0.2049,51.0,,,,,6897.0,119.0,83.0,0.0,24.0,0.0,21.72,,
1995/11/18,25.2,25.4,25.1,25.3,164.0,4150.0,0.3968,0.2037,60.0,,,,,6910.0,72.0,54.0,0.0,24.0,0.0,21.81,,
1995/11/20,25.5,25.5,24.7,25.0,557.0,13864.0,-1.1858,0.6918,152.0,,,,,6963.0,186.0,132.0,2.0,111.0,90.0,21.55,,
1995/11/21,25.1,25.2,24.6,25.2,384.0,9544.0,0.8,0.4769,104.0,,,,,7026.0,147.0,84.0,36.0,155.0,81.0,21.72,,
1995/11/22,25.7,25.9,25.2,25.8,873.0,22436.0,2.381,1.0842,249.0,,,,,7098.0,511.0,438.0,123.0,43.0,12.0,22.24,,
1995/11/23,25.9,25.9,24.7,25.4,718.0,18136.0,-1.5504,0.8917,214.0,,,,,7109.0,338.0,322.0,24.0,17.0,0.0,21.9,,
1995/11/24,25.2,25.5,25.2,25.5,331.0,8417.0,0.3937,0.4111,105.0,,,,,7205.0,295.0,199.0,0.0,17.0,0.0,21.98,,
1995/11/25,25.6,25.9,25.6,25.8,320.0,8244.0,1.1765,0.3974,114.0,,,,,7258.0,209.0,156.0,0.0,33.0,16.0,22.24,,
1995/11/27,25.9,26.5,25.9,26.4,873.0,22855.0,2.3256,1.0842,249.0,,,,,7249.0,506.0,515.0,0.0,44.0,12.0,22.76,,
1995/11/28,26.7,27.0,26.4,26.4,1237.0,32940.0,0.0,1.5363,321.0,,,,,7343.0,686.0,592.0,5.0,78.0,39.0,22.76,,
1995/11/29,26.4,26.5,25.6,25.6,1016.0,26444.0,-3.0303,1.2618,236.0,,,,,7432.0,580.0,481.0,5.0,66.0,3.0,22.07,,
1995/11/30,26.2,26.4,25.9,26.3,848.0,22180.0,2.7344,1.0532,250.0,,,,,7629.0,553.0,354.0,0.0,78.0,12.0,22.67,,
1995/12/01,26.2,26.6,26.2,26.5,872.0,23051.0,0.7605,1.083,185.0,,,,,7829.0,629.0,428.0,0.0,78.0,0.0,22.84,,
1995/12/04,26.8,27.0,26.1,26.1,970.0,25939.0,-1.5094,1.2047,252.0,,,,,8054.0,709.0,482.0,5.0,104.0,33.0,22.5,,
1995/12/05,26.3,26.5,26.1,26.3,337.0,8830.0,0.7663,0.4185,109.0,,,,,8120.0,212.0,146.0,2.0,107.0,5.0,22.67,,
1995/12/06,26.4,26.5,26.1,26.4,358.0,9424.0,0.3802,0.4446,108.0,,,,,8076.0,173.0,215.0,0.0,107.0,0.0,22.76,,
1995/12/07,26.4,26.4,26.2,26.3,485.0,12767.0,-0.3788,0.6023,91.0,,,,,8110.0,241.0,202.0,0.0,107.0,0.0,22.67,,
1995/12/08,26.4,26.8,26.2,26.8,746.0,19857.0,1.9011,0.9265,209.0,,,,,8146.0,444.0,408.0,10.0,97.0,0.0,23.1,,
1995/12/09,27.0,27.6,27.0,27.2,1315.0,35957.0,1.4925,1.6331,360.0,,,,,8205.0,694.0,585.0,3.0,103.0,9.0,23.45,,
1995/12/11,27.2,28.2,27.2,28.0,1905.0,52834.0,2.9412,2.3659,438.0,,,,,8369.0,1291.0,1177.0,2.0,102.0,1.0,24.14,,
1995/12/12,28.3,28.3,27.5,27.7,1019.0,28297.0,-1.0714,1.2655,295.0,,,,,8427.0,547.0,489.0,0.0,103.0,1.0,23.88,,
1995/12/13,27.8,28.0,27.7,28.0,1113.0,31032.0,1.083,1.3823,285.0,,,,,8623.0,754.0,558.0,52.0,55.0,4.0,24.14,,
1995/12/14,28.5,29.0,28.4,28.5,3037.0,86946.0,1.7857,3.7717,634.0,,,,,9173.0,2100.0,1550.0,0.0,61.0,7.0,24.57,,
1995/12/15,28.7,28.8,27.9,28.2,1190.0,33646.0,-1.0526,1.4779,334.0,,,,,9255.0,773.0,691.0,6.0,55.0,0.0,24.31,,
1995/12/16,27.9,28.3,27.8,28.0,666.0,18647.0,-0.7092,0.8271,173.0,,,,,9360.0,429.0,322.0,3.0,51.0,0.0,24.14,,
1995/12/18,28.2,28.6,28.0,28.0,1001.0,28337.0,0.0,1.2432,235.0,,,,,9354.0,646.0,651.0,0.0,60.0,10.0,24.14,,
1995/12/19,28.0,28.2,27.6,27.7,668.0,18566.0,-1.0714,0.8296,206.0,,,,,9400.0,408.0,362.0,10.0,50.0,0.0,23.88,,
1995/12/20,27.9,28.0,25.8,26.0,1150.0,31180.0,-6.1372,1.4282,267.0,,,,,8939.0,652.0,770.0,24.0,26.0,0.0,22.41,,
1995/12/21,26.3,26.8,26.3,26.8,385.0,10192.0,3.0769,0.4781,125.0,,,,,8883.0,151.0,206.0,0.0,26.0,0.0,23.1,,
1995/12/22,26.8,26.8,26.4,26.4,494.0,13109.0,-1.4925,0.6135,131.0,,,,,8824.0,215.0,274.0,2.0,24.0,0.0,22.76,,
1995/12/23,26.5,26.7,26.1,26.6,241.0,6371.0,0.7576,0.2993,94.0,,,,,8876.0,149.0,97.0,0.0,25.0,1.0,22.93,,
1995/12/26,26.5,26.5,26.1,26.2,245.0,6448.0,-1.5038,0.3043,92.0,,,,,8852.0,117.0,141.0,4.0,41.0,20.0,22.59,,
1995/12/27,26.2,26.3,26.0,26.2,289.0,7558.0,0.0,0.3589,95.0,,,,,8909.0,126.0,69.0,2.0,50.0,11.0,22.59,,
1995/12/28,26.1,26.3,26.0,26.2,296.0,7751.0,0.0,0.3676,84.0,,,,,8948.0,193.0,144.0,0.0,50.0,0.0,22.59,,
1995/12/29,26.3,26.6,26.3,26.5,422.0,11172.0,1.145,0.5241,133.0,,,,,9001.0,302.0,247.0,0.0,90.0,40.0,22.84,,
1995/12/30,26.6,26.8,26.4,26.6,146.0,3873.0,0.3774,0.1813,63.0,,,,,8990.0,78.0,82.0,9.0,81.0,0.0,22.93,,
1996/01/04,26.8,26.9,26.5,26.7,565.0,15112.0,0.3759,0.7017,172.0,,,,,9003.0,348.0,335.0,0.0,81.0,0.0,23.02,,
1996/01/05,24.9,24.9,24.9,24.9,349.0,8686.0,-6.7416,0.4334,104.0,,,,,8917.0,134.0,193.0,4.0,78.0,1.0,21.47,,
1996/01/06,25.6,25.6,24.2,24.8,694.0,17122.0,-0.4016,0.8619,185.0,,,,,8754.0,291.0,454.0,72.0,6.0,0.0,21.38,,
1996/01/08,25.0,25.5,24.9,25.5,390.0,9782.0,2.8226,0.4844,132.0,,,,,8627.0,179.0,306.0,0.0,7.0,1.0,21.98,,
1996/01/09,25.5,25.5,25.2,25.4,354.0,8967.0,-0.3922,0.4396,119.0,,,,,8661.0,236.0,202.0,0.0,7.0,0.0,21.9,,
1996/01/10,25.4,25.4,25.1,25.4,312.0,7874.0,0.0,0.3875,75.0,,,,,8685.0,201.0,177.0,0.0,12.0,5.0,21.9,,
1996/01/11,25.4,26.5,25.3,26.5,770.0,19976.0,4.3307,0.9563,231.0,,,,,8612.0,349.0,415.0,4.0,8.0,0.0,22.84,,
1996/01/12,26.6,27.3,26.6,27.3,1828.0,49349.0,3.0189,2.2702,450.0,,,,,8774.0,924.0,762.0,0.0,10.0,2.0,23.53,,
1996/01/13,27.7,28.0,26.8,27.0,1493.0,41197.0,-1.0989,1.8542,413.0,,,,,9102.0,1023.0,698.0,0.0,10.0,0.0,23.28,,
1996/01/15,27.3,27.4,26.8,27.0,611.0,16538.0,0.0,0.7588,173.0,,,,,9060.0,320.0,359.0,0.0,10.0,0.0,23.28,,
1996/01/16,27.0,27.0,26.5,27.0,622.0,16631.0,0.0,0.7725,161.0,,,,,9070.0,413.0,403.0,0.0,12.0,2.0,23.28,,
1996/01/17,27.5,27.7,27.2,27.3,1478.0,40580.0,1.1111,1.8356,437.0,,,,,9463.0,1063.0,670.0,0.0,30.0,18.0,23.53,,
1996/01/18,27.3,27.4,27.0,27.3,723.0,19640.0,0.0,0.8979,185.0,,,,,9391.0,420.0,492.0,1.0,44.0,15.0,23.53,,
1996/01/19,27.3,27.3,26.9,26.9,527.0,14299.0,-1.4652,0.6545,177.0,,,,,9506.0,340.0,225.0,10.0,34.0,0.0,23.19,,
1996/01/20,26.8,26.9,26.6,26.7,285.0,7623.0,-0.7435,0.3539,83.0,,,,,9414.0,145.0,237.0,0.0,34.0,0.0,23.02,,
1996/01/22,26.8,27.0,26.7,26.8,389.0,10436.0,0.3745,0.4831,107.0,,,,,9465.0,282.0,231.0,17.0,17.0,0.0,23.1,,
1996/01/23,26.8,26.8,26.5,26.7,196.0,5219.0,-0.3731,0.2434,80.0,,,,,9470.0,84.0,77.0,5.0,12.0,0.0,23.02,,
1996/01/24,26.6,26.7,26.2,26.7,246.0,6491.0,0.0,0.3055,102.0,,,,,9473.0,181.0,177.0,3.0,9.0,0.0,23.02,,
1996/01/25,26.5,26.5,26.0,26.4,254.0,6660.0,-1.1236,0.3154,85.0,,,,,9418.0,103.0,100.0,0.0,29.0,20.0,22.76,,
1996/01/26,26.4,26.5,26.2,26.5,306.0,8044.0,0.3788,0.38,78.0,,,,,9457.0,228.0,159.0,0.0,28.0,0.0,22.84,,
1996/01/27,26.5,26.5,26.0,26.2,392.0,10244.0,-1.1321,0.4868,78.0,,,,,9532.0,326.0,251.0,2.0,46.0,20.0,22.59,,
1996/01/29,26.0,26.0,24.8,25.2,598.0,15062.0,-3.8168,0.7427,130.0,,,,,9221.0,155.0,466.0,40.0,36.0,30.0,21.72,,
1996/01/30,25.1,25.4,24.8,25.3,424.0,10638.0,0.3968,0.5266,128.0,,,,,9054.0,146.0,303.0,0.0,36.0,5.0,21.81,,
1996/01/31,25.4,25.4,25.0,25.0,233.0,5837.0,-1.1858,0.2894,62.0,,,,,8794.0,70.0,168.0,5.0,51.0,20.0,21.55,,
1996/02/01,24.9,25.2,24.6,25.2,173.0,4321.0,0.8,0.2149,67.0,,,,,8682.0,25.0,132.0,40.0,11.0,0.0,21.72,,
1996/02/02,25.3,25.4,25.2,25.2,121.0,3060.0,0.0,0.1503,51.0,,,,,8669.0,46.0,58.0,5.0,6.0,0.0,21.72,,
1996/02/03,25.3,25.6,25.2,25.3,85.0,2155.0,0.3968,0.1056,36.0,,,,,8680.0,36.0,25.0,0.0,6.0,0.0,21.81,,
1996/02/05,25.3,25.3,24.7,25.0,202.0,5019.0,-1.1858,0.2509,52.0,,,,,8602.0,71.0,147.0,1.0,5.0,0.0,21.55,,
1996/02/06,24.8,25.0,24.6,24.7,97.0,2403.0,-1.2,0.1205,36.0,,,,,8578.0,14.0,28.0,0.0,5.0,0.0,21.29,,
1996/02/07,24.6,25.1,24.5,25.1,234.0,5802.0,1.6194,0.2906,80.0,,,,,8560.0,115.0,127.0,0.0,5.0,0.0,21.64,,
1996/02/08,25.3,26.0,25.3,25.7,718.0,18381.0,2.3904,0.8917,235.0,,,,,8650.0,442.0,351.0,0.0,5.0,0.0,22.16,,
1996/02/09,25.8,25.9,25.4,25.7,672.0,17237.0,0.0,0.8346,172.0,,,,,8768.0,573.0,405.0,0.0,5.0,0.0,22.16,,
1996/02/10,25.6,25.6,25.2,25.5,402.0,10191.0,-0.7782,0.4993,96.0,,,,,8786.0,322.0,279.0,0.0,5.0,0.0,21.98,,
1996/02/12,25.8,26.5,25.4,26.5,518.0,13373.0,3.9216,0.6433,150.0,,,,,8950.0,470.0,305.0,0.0,5.0,0.0,22.84,,
1996/02/13,26.2,26.2,25.8,26.0,295.0,7678.0,-1.8868,0.3664,101.0,,,,,9019.0,203.0,134.0,0.0,5.0,0.0,22.41,,
1996/02/14,26.0,26.0,25.6,25.9,93.0,2410.0,-0.3846,0.1155,43.0,,,,,9040.0,62.0,41.0,0.0,5.0,0.0,22.33,,
1996/02/15,25.8,25.8,25.6,25.6,183.0,4689.0,-1.1583,0.2273,76.0,,,,,9031.0,130.0,87.0,0.0,5.0,0.0,22.07,,
1996/02/23,25.6,25.6,25.4,25.4,107.0,2727.0,-0.7813,0.1329,25.0,,,,,9061.0,83.0,53.0,0.0,5.0,0.0,21.9,,
1996/02/24,25.5,25.5,25.2,25.4,40.0,1014.0,0.0,0.0497,19.0,,,,,9067.0,15.0,9.0,0.0,5.0,0.0,21.9,,
1996/02/26,25.2,25.2,24.6,24.8,59.0,1471.0,-2.3622,0.0733,31.0,,,,,9081.0,25.0,11.0,0.0,5.0,0.0,21.38,,
1996/02/27,25.0,25.8,24.8,25.2,132.0,3304.0,1.6129,0.1639,41.0,,,,,9123.0,121.0,78.0,0.0,5.0,0.0,21.72,,
1996/02/28,25.2,25.2,24.8,24.8,70.0,1744.0,-1.5873,0.0869,26.0,,,,,9149.0,62.0,34.0,0.0,5.0,0.0,21.38,,
1996/02/29,24.9,25.2,24.9,25.2,93.0,2323.0,1.6129,0.1155,47.0,,,,,9133.0,41.0,57.0,0.0,6.0,1.0,21.72,,
1996/03/01,25.3,25.6,25.3,25.6,234.0,5952.0,1.5873,0.2906,74.0,,,,,9043.0,86.0,176.0,0.0,6.0,0.0,22.07,,
1996/03/02,25.6,25.6,25.3,25.3,107.0,2721.0,-1.1719,0.1329,38.0,,,,,9006.0,31.0,63.0,0.0,5.0,0.0,21.81,,
1996/03/04,23.6,25.1,23.6,24.6,458.0,11230.0,-2.7668,0.5688,165.0,,,,,9060.0,214.0,160.0,0.0,6.0,1.0,21.21,,
1996/03/05,24.5,24.5,24.0,24.0,341.0,8250.0,-2.439,0.4235,90.0,,,,,9108.0,190.0,142.0,1.0,65.0,60.0,20.69,,
1996/03/06,23.0,23.5,23.0,23.1,376.0,8755.0,-3.75,0.467,125.0,,,,,9071.0,126.0,161.0,0.0,75.0,10.0,19.91,,
1996/03/07,23.0,23.7,23.0,23.3,534.0,12484.0,0.8658,0.6632,151.0,,,,,9067.0,143.0,147.0,0.0,75.0,0.0,20.09,,
1996/03/08,23.5,23.7,23.1,23.1,437.0,10263.0,-0.8584,0.5427,121.0,,,,,9119.0,153.0,101.0,0.0,75.0,0.0,19.91,,
1996/03/09,23.1,23.5,23.1,23.2,328.0,7648.0,0.4329,0.4074,113.0,,,,,9046.0,88.0,159.0,0.0,76.0,1.0,20.0,,
1996/03/11,23.0,23.2,22.5,22.5,527.0,12113.0,-3.0172,0.6545,160.0,,,,,8871.0,112.0,285.0,40.0,38.0,2.0,19.4,,
1996/03/12,22.1,22.8,22.1,22.3,647.0,14587.0,-0.8889,0.8035,237.0,,,,,8818.0,219.0,263.0,30.0,10.0,2.0,19.22,,
1996/03/13,22.0,22.7,22.0,22.6,316.0,7119.0,1.3453,0.3924,135.0,,,,,8750.0,57.0,125.0,0.0,13.0,3.0,19.48,,
1996/03/14,22.4,23.3,22.4,23.2,409.0,9429.0,2.6549,0.5079,162.0,,,,,8680.0,90.0,160.0,5.0,8.0,0.0,20.0,,
1996/03/15,23.5,23.9,23.4,23.8,721.0,17036.0,2.5862,0.8954,176.0,,,,,8702.0,353.0,331.0,2.0,4.0,0.0,20.52,,
1996/03/16,23.3,24.2,23.3,23.5,366.0,8698.0,-1.2605,0.4545,117.0,,,,,8676.0,136.0,161.0,0.0,4.0,0.0,20.26,,
1996/03/18,23.6,24.2,23.6,23.9,634.0,15210.0,1.7021,0.7874,194.0,,,,,8652.0,382.0,188.0,0.0,7.0,3.0,20.6,,
1996/03/19,24.0,24.5,23.9,24.2,662.0,15999.0,1.2552,0.8222,160.0,,,,,8474.0,299.0,427.0,0.0,7.0,0.0,20.86,,
1996/03/20,24.3,25.2,24.1,25.0,1211.0,30140.0,3.3058,1.504,246.0,,,,,8011.0,190.0,622.0,3.0,8.0,4.0,21.55,,
1996/03/21,25.3,25.3,24.7,24.7,514.0,12847.0,-1.2,0.6384,149.0,,,,,8075.0,260.0,196.0,2.0,8.0,2.0,21.29,,
1996/03/22,24.8,24.9,24.3,24.4,320.0,7844.0,-1.2146,0.3974,112.0,,,,,8064.0,183.0,108.0,2.0,6.0,0.0,21.03,,
1996/03/25,25.0,25.0,24.4,24.4,334.0,8238.0,0.0,0.4148,86.0,,,,,8084.0,165.0,145.0,0.0,6.0,0.0,21.03,,
1996/03/26,24.4,24.6,24.2,24.6,138.0,3371.0,0.8197,0.1714,48.0,,,,,8123.0,75.0,36.0,4.0,2.0,0.0,21.21,,
1996/03/27,24.6,24.7,24.2,24.2,244.0,5984.0,-1.626,0.303,72.0,,,,,8100.0,80.0,98.0,2.0,0.0,0.0,20.86,,
1996/03/28,24.1,24.5,24.1,24.2,195.0,4738.0,0.0,0.2422,46.0,,,,,7973.0,0.0,32.0,0.0,0.0,0.0,20.86,,
1996/04/01,24.4,25.0,24.4,25.0,305.0,7539.0,3.3058,0.3788,97.0,,,,,7861.0,0.0,107.0,0.0,0.0,0.0,21.55,,
1996/04/02,25.2,25.2,24.7,25.2,566.0,14162.0,0.8,0.7029,172.0,,,,,7652.0,0.0,192.0,0.0,0.0,0.0,21.72,,
1996/04/05,25.5,26.4,25.5,26.3,1771.0,46024.0,4.3651,2.1995,401.0,,,,,7988.0,1043.0,667.0,0.0,3.0,3.0,22.67,,
1996/04/06,26.5,26.5,26.0,26.5,868.0,22683.0,0.7605,1.078,184.0,,,,,8110.0,404.0,229.0,0.0,3.0,0.0,22.84,,
1996/04/08,26.1,26.3,25.8,25.9,766.0,19946.0,-2.2642,0.9513,190.0,,,,,8145.0,458.0,358.0,3.0,0.0,0.0,22.33,,
1996/04/09,25.7,26.0,25.6,25.7,541.0,13939.0,-0.7722,0.6719,123.0,,,,,8271.0,265.0,132.0,0.0,0.0,0.0,22.16,,
1996/04/10,25.9,26.0,25.7,25.8,557.0,14387.0,0.3891,0.6918,121.0,,,,,8229.0,308.0,344.0,0.0,0.0,0.0,22.24,,
1996/04/11,26.0,26.4,25.8,25.8,1006.0,26176.0,0.0,1.2494,242.0,,,,,8145.0,377.0,457.0,0.0,0.0,0.0,22.24,,
1996/04/12,25.7,26.4,25.5,26.4,697.0,18019.0,2.3256,0.8656,164.0,,,,,8306.0,508.0,324.0,0.0,0.0,0.0,22.76,,
1996/04/13,26.4,26.4,26.0,26.3,958.0,25175.0,-0.3788,1.1898,136.0,,,,,8811.0,726.0,216.0,0.0,0.0,0.0,22.67,,
1996/04/15,26.5,27.3,26.5,27.0,2233.0,60009.0,2.6616,2.7732,439.0,,,,,9037.0,1180.0,879.0,0.0,0.0,0.0,23.28,,
1996/04/16,27.7,27.8,26.7,26.7,3003.0,82218.0,-1.1111,3.7295,617.0,,,,,9245.0,1728.0,1470.0,0.0,0.0,0.0,23.02,,
1996/04/17,26.7,26.9,26.4,26.6,1006.0,26777.0,-0.3745,1.2494,211.0,,,,,9029.0,476.0,692.0,0.0,3.0,3.0,22.93,,
1996/04/18,26.5,26.6,25.8,25.9,541.0,14146.0,-2.6316,0.6719,147.0,,,,,8951.0,256.0,298.0,1.0,2.0,0.0,22.33,,
1996/04/19,25.9,26.3,25.8,26.0,312.0,8093.0,0.3861,0.3875,101.0,,,,,8988.0,209.0,167.0,0.0,0.0,0.0,22.41,,
1996/04/20,26.1,26.3,25.7,25.8,267.0,6906.0,-0.7692,0.3316,85.0,,,,,8983.0,146.0,111.0,0.0,0.0,0.0,22.24,,
1996/04/22,25.9,26.4,25.9,26.4,473.0,12398.0,2.3256,0.5874,109.0,,,,,9042.0,270.0,211.0,0.0,1.0,1.0,22.76,,
1996/04/23,26.5,26.9,26.3,26.3,1388.0,36917.0,-0.3788,1.7238,296.0,,,,,9197.0,786.0,603.0,1.0,0.0,0.0,22.67,,
1996/04/24,26.3,27.0,26.3,26.8,1329.0,35459.0,1.9011,1.6505,237.0,,,,,9272.0,730.0,625.0,0.0,0.0,0.0,23.1,,
1996/04/25,27.0,27.0,26.6,26.7,961.0,25772.0,-0.3731,1.1935,182.0,,,,,9433.0,569.0,403.0,0.0,0.0,0.0,23.02,,
1996/04/26,26.7,27.3,26.7,26.9,1212.0,32818.0,0.7491,1.5052,283.0,,,,,9557.0,709.0,585.0,0.0,0.0,0.0,23.19,,
1996/04/27,27.0,27.2,26.7,26.8,494.0,13263.0,-0.3717,0.6135,123.0,,,,,9212.0,181.0,336.0,0.0,0.0,0.0,23.1,,
1996/04/29,26.8,27.4,26.8,27.2,1361.0,36891.0,1.4925,1.6903,269.0,,,,,9085.0,733.0,860.0,0.0,0.0,0.0,23.45,,
1996/04/30,27.2,27.3,26.9,27.0,1038.0,28014.0,-0.7353,1.2891,202.0,,,,,9104.0,518.0,474.0,0.0,5.0,5.0,23.28,,
1996/05/01,27.0,27.0,26.6,26.7,493.0,13196.0,-1.1111,0.6123,129.0,,,,,8916.0,200.0,375.0,0.0,5.0,0.0,23.02,,
1996/05/02,26.6,26.6,26.2,26.4,758.0,20023.0,-1.1236,0.9414,142.0,,,,,8603.0,331.0,639.0,0.0,10.0,5.0,22.76,,
1996/05/03,26.6,26.9,26.5,26.8,726.0,19411.0,1.5152,0.9016,164.0,,,,,8813.0,543.0,323.0,0.0,10.0,0.0,23.1,,
1996/05/04,27.0,27.1,26.8,26.9,442.0,11919.0,0.3731,0.5489,104.0,,,,,8840.0,250.0,223.0,0.0,11.0,1.0,23.19,,
1996/05/06,27.0,27.1,26.7,27.0,801.0,21538.0,0.3717,0.9948,177.0,,,,,8919.0,484.0,400.0,0.0,11.0,0.0,23.28,,
1996/05/07,27.0,27.0,26.4,26.5,813.0,21635.0,-1.8519,1.0097,156.0,,,,,8902.0,366.0,383.0,0.0,11.0,0.0,22.84,,
1996/05/08,26.5,26.5,26.2,26.4,371.0,9791.0,-0.3774,0.4608,103.0,,,,,8847.0,182.0,237.0,0.0,12.0,1.0,22.76,,
1996/05/09,26.3,26.5,26.3,26.4,431.0,11365.0,0.0,0.5353,87.0,,,,,8919.0,287.0,215.0,0.0,12.0,0.0,22.76,,
1996/05/10,26.4,26.5,26.2,26.2,339.0,8911.0,-0.7576,0.421,82.0,,,,,8831.0,159.0,247.0,0.0,12.0,0.0,22.59,,
1996/05/11,26.3,26.6,26.3,26.5,764.0,20203.0,1.145,0.9488,136.0,,,,,8812.0,582.0,586.0,1.0,11.0,0.0,22.84,,
1996/05/13,26.9,27.0,26.6,26.6,932.0,24933.0,0.3774,1.1575,190.0,,,,,9087.0,623.0,338.0,0.0,11.0,0.0,22.93,,
1996/05/14,26.6,26.6,26.2,26.3,490.0,12932.0,-1.1278,0.6085,130.0,,,,,9012.0,285.0,360.0,0.0,11.0,0.0,22.67,,
1996/05/15,26.4,26.4,26.2,26.2,211.0,5551.0,-0.3802,0.262,77.0,,,,,8955.0,108.0,165.0,0.0,11.0,0.0,22.59,,
1996/05/16,26.3,26.3,25.7,25.8,395.0,10274.0,-1.5267,0.4906,112.0,,,,,8767.0,214.0,302.0,0.0,11.0,0.0,19.69,,
1996/05/17,25.8,26.0,25.6,25.6,420.0,10776.0,-0.7752,0.5216,116.0,,,,,8851.0,198.0,104.0,0.0,11.0,0.0,19.54,,
1996/05/18,25.6,25.7,25.2,25.6,182.0,4629.0,0.0,0.226,59.0,,,,,8803.0,59.0,107.0,0.0,11.0,0.0,19.54,,
1996/05/20,25.7,25.9,25.0,25.0,440.0,11155.0,-2.3438,0.5464,126.0,,,,,8284.0,137.0,307.0,0.0,11.0,0.0,19.08,,
1996/05/21,25.1,25.5,25.0,25.2,345.0,8697.0,0.8,0.4285,85.0,,,,,8274.0,213.0,191.0,0.0,12.0,1.0,19.24,,
1996/05/22,25.1,25.3,25.0,25.1,224.0,5632.0,-0.3968,0.2782,79.0,,,,,8262.0,94.0,106.0,5.0,7.0,0.0,19.16,,
1996/05/23,25.3,25.4,25.2,25.2,124.0,3137.0,0.3984,0.154,34.0,,,,,8210.0,53.0,104.0,0.0,7.0,0.0,19.24,,
1996/05/24,25.2,25.3,25.0,25.2,421.0,10578.0,0.0,0.5229,107.0,,,,,8186.0,204.0,223.0,0.0,7.0,0.0,19.24,,
1996/05/25,25.2,25.6,25.2,25.5,531.0,13494.0,1.1905,0.6595,122.0,,,,,7993.0,322.0,263.0,0.0,7.0,0.0,19.47,,
1996/05/27,25.7,25.7,25.5,25.6,354.0,9060.0,0.3922,0.4396,105.0,,,,,7935.0,140.0,198.0,1.0,6.0,0.0,19.54,,
1996/05/28,25.6,25.8,25.6,25.7,314.0,8053.0,0.3906,0.39,68.0,,,,,7941.0,164.0,156.0,0.0,6.0,0.0,19.62,,
1996/05/29,25.6,25.7,25.5,25.5,410.0,10481.0,-0.7782,0.5092,97.0,,,,,7889.0,188.0,234.0,0.0,6.0,0.0,19.47,,
1996/05/30,25.6,25.7,25.6,25.7,206.0,5286.0,0.7843,0.2558,63.0,,,,,7823.0,42.0,93.0,0.0,6.0,0.0,19.62,,
1996/05/31,25.7,25.9,25.6,25.7,457.0,11767.0,0.0,0.5676,118.0,,,,,7651.0,189.0,361.0,0.0,6.0,0.0,19.62,,
1996/06/01,25.9,25.9,25.6,25.7,160.0,4113.0,0.0,0.1987,44.0,,,,,7644.0,108.0,115.0,1.0,5.0,0.0,19.62,,
1996/06/03,25.8,25.9,25.6,25.8,239.0,6163.0,0.3891,0.2968,59.0,,,,,7666.0,96.0,74.0,0.0,5.0,0.0,19.69,,
1996/06/04,25.7,25.8,25.7,25.8,236.0,6077.0,0.0,0.2931,72.0,,,,,7625.0,87.0,127.0,0.0,5.0,0.0,19.69,,
1996/06/05,25.8,26.0,25.8,25.9,182.0,4717.0,0.3876,0.226,62.0,,,,,7614.0,72.0,83.0,0.0,5.0,0.0,19.77,,
1996/06/06,26.0,26.2,25.9,26.0,211.0,5493.0,0.3861,0.262,75.0,,,,,7636.0,74.0,52.0,0.0,5.0,0.0,19.85,,
1996/06/07,26.1,26.4,26.0,26.3,339.0,8900.0,1.1538,0.421,98.0,,,,,7609.0,160.0,187.0,0.0,13.0,8.0,20.08,,
1996/06/08,26.3,26.3,26.1,26.2,239.0,6260.0,-0.3802,0.2968,55.0,,,,,7661.0,136.0,84.0,8.0,5.0,0.0,20.0,,
1996/06/10,26.3,26.3,26.0,26.1,229.0,5986.0,-0.3817,0.2844,77.0,,,,,7615.0,88.0,131.0,0.0,5.0,0.0,19.92,,
1996/06/11,26.1,26.1,25.8,25.8,413.0,10687.0,-1.1494,0.5129,102.0,,,,,7613.0,142.0,134.0,0.0,5.0,0.0,19.69,,
1996/06/12,25.8,25.9,25.6,25.6,700.0,18008.0,-0.7752,0.8693,180.0,,,,,7369.0,133.0,377.0,0.0,5.0,0.0,19.54,,
1996/06/13,25.6,25.9,25.5,25.5,399.0,10224.0,-0.3906,0.4955,98.0,,,,,7384.0,200.0,183.0,0.0,10.0,5.0,19.47,,
1996/06/14,25.5,25.7,25.1,25.5,829.0,21119.0,0.0,1.0296,177.0,,,,,7390.0,231.0,208.0,0.0,10.0,0.0,19.47,,
1996/06/15,25.5,25.8,25.3,25.5,175.0,4457.0,0.0,0.2173,44.0,,,,,7292.0,13.0,104.0,2.0,8.0,0.0,19.47,,
1996/06/17,25.8,26.3,25.6,26.2,515.0,13357.0,2.7451,0.6396,129.0,,,,,7379.0,331.0,232.0,0.0,8.0,0.0,20.0,,
1996/06/18,26.3,26.4,25.9,26.2,383.0,9999.0,0.0,0.4757,88.0,,,,,7335.0,152.0,196.0,0.0,8.0,0.0,20.0,,
1996/06/19,26.3,26.3,26.0,26.0,249.0,6494.0,-0.7634,0.3092,56.0,,,,,7194.0,71.0,212.0,0.0,8.0,0.0,19.85,,
1996/06/21,26.0,26.0,25.9,25.9,228.0,5914.0,-0.3846,0.2832,53.0,,,,,7209.0,177.0,157.0,0.0,8.0,0.0,19.77,,
1996/06/22,25.8,26.0,25.8,26.0,217.0,5626.0,0.3861,0.2695,81.0,,,,,7101.0,59.0,154.0,0.0,8.0,0.0,19.85,,
1996/06/24,26.2,26.3,26.0,26.3,322.0,8419.0,1.1538,0.3999,68.0,,,,,7108.0,168.0,161.0,0.0,8.0,0.0,20.08,,
1996/06/25,26.4,26.9,26.4,26.9,1148.0,30645.0,2.2814,1.4257,285.0,,,,,7457.0,837.0,487.0,0.0,9.0,1.0,20.53,,
1996/06/26,26.9,27.4,26.9,27.2,2471.0,67171.0,1.1152,3.0688,579.0,,,,,7462.0,1455.0,1170.0,0.0,15.0,6.0,20.76,,
1996/06/27,27.3,27.5,26.9,27.0,2006.0,54683.0,-0.7353,2.4913,434.0,,,,,7270.0,939.0,1094.0,0.0,20.0,5.0,20.61,,
1996/06/28,27.2,27.3,27.0,27.0,1065.0,28935.0,0.0,1.3227,281.0,,,,,7240.0,513.0,543.0,0.0,20.0,0.0,20.61,,
1996/06/29,27.2,27.3,27.0,27.2,537.0,14540.0,0.7407,0.6669,99.0,,,,,7252.0,312.0,285.0,2.0,18.0,0.0,20.76,,
1996/07/02,27.3,28.0,27.3,27.9,3191.0,88320.0,2.5735,3.963,569.0,,,,,7191.0,1453.0,1514.0,5.0,15.0,2.0,21.3,,
1996/07/03,28.1,28.5,28.1,28.1,2689.0,75927.0,0.7168,3.3395,599.0,,,,,7811.0,1553.0,930.0,3.0,111.0,99.0,21.45,,
1996/07/04,28.2,28.4,27.8,28.1,2100.0,58756.0,0.0,2.608,379.0,,,,,8032.0,1385.0,1164.0,44.0,72.0,5.0,21.45,,
1996/07/05,28.1,28.5,28.1,28.4,1898.0,53762.0,1.0676,2.3572,389.0,,,,,8151.0,842.0,720.0,5.0,84.0,17.0,21.68,,
1996/07/06,28.5,28.5,28.2,28.5,1376.0,39026.0,0.3521,1.7089,254.0,,,,,8367.0,1046.0,825.0,3.0,102.0,26.0,21.76,,
1996/07/08,28.5,28.5,27.8,27.8,1060.0,29898.0,-2.4561,1.3164,231.0,,,,,8177.0,597.0,767.0,58.0,89.0,45.0,21.22,,
1996/07/09,27.9,28.0,27.2,27.6,960.0,26400.0,-0.7194,1.1923,198.0,,,,,8563.0,641.0,260.0,69.0,20.0,0.0,21.07,,
1996/07/10,27.7,27.7,27.2,27.2,446.0,12214.0,-1.4493,0.5539,140.0,,,,,8596.0,208.0,175.0,0.0,0.0,0.0,20.76,,
1996/07/11,27.2,27.3,26.8,26.8,549.0,14812.0,-1.4706,0.6818,182.0,,,,,7979.0,0.0,385.0,0.0,0.0,0.0,20.46,,
1996/07/12,26.8,26.8,26.5,26.6,608.0,16180.0,-0.7463,0.7551,183.0,,,,,7594.0,0.0,385.0,0.0,0.0,0.0,20.31,,
1996/07/13,26.6,26.6,26.1,26.3,1601.0,42123.0,-1.1278,1.9883,378.0,,,,,6733.0,0.0,752.0,0.0,0.0,0.0,20.08,,
1996/07/15,22.8,23.1,22.6,22.9,1119.0,25612.0,3.4761,1.0173,304.0,,,,,7085.0,562.0,208.0,0.0,84.0,81.0,17.48,,
1996/07/16,22.8,22.9,22.6,22.6,639.0,14505.0,-1.31,0.5809,142.0,,,,,7359.0,413.0,136.0,4.0,80.0,0.0,23.54,,
1996/07/17,22.7,22.9,22.5,22.6,120.0,2723.0,0.0,0.1091,50.0,,,,,7351.0,58.0,55.0,0.0,80.0,0.0,23.54,,
1996/07/18,23.0,23.3,23.0,23.2,671.0,15505.0,2.6549,0.61,156.0,,,,,7431.0,403.0,321.0,2.0,129.0,51.0,24.17,,
1996/07/19,23.2,23.5,23.1,23.1,235.0,5464.0,-0.431,0.2136,74.0,,,,,7467.0,192.0,144.0,0.0,130.0,1.0,24.06,,
1996/07/20,23.1,23.2,23.0,23.0,139.0,3204.0,-0.4329,0.1264,47.0,,,,,7431.0,56.0,72.0,17.0,113.0,0.0,23.96,,
1996/07/22,23.0,23.3,23.0,23.2,517.0,11955.0,0.8696,0.47,88.0,,,,,7462.0,307.0,276.0,80.0,33.0,0.0,24.17,,
1996/07/23,23.1,23.4,23.1,23.3,265.0,6173.0,0.431,0.2409,71.0,,,,,7478.0,167.0,146.0,0.0,33.0,0.0,24.27,,
1996/07/24,23.5,23.8,23.5,23.7,444.0,10470.0,1.7167,0.4036,112.0,,,,,7580.0,252.0,115.0,0.0,34.0,1.0,24.69,,
1996/07/25,23.9,24.1,23.7,24.0,655.0,15659.0,1.2658,0.5955,154.0,,,,,7758.0,479.0,291.0,0.0,36.0,2.0,25.0,,
1996/07/26,24.0,24.1,23.8,23.8,601.0,14403.0,-0.8333,0.5464,93.0,,,,,7678.0,371.0,451.0,0.0,38.0,2.0,24.79,,
1996/07/27,23.8,24.0,23.7,23.7,387.0,9216.0,-0.4202,0.3518,86.0,,,,,7750.0,297.0,225.0,0.0,53.0,15.0,24.69,,
1996/07/29,23.9,23.9,23.7,23.7,161.0,3829.0,0.0,0.1464,45.0,,,,,7765.0,101.0,86.0,0.0,53.0,0.0,24.69,,
1996/07/30,24.2,24.2,23.8,23.8,703.0,16829.0,0.4219,0.6391,134.0,,,,,8177.0,591.0,173.0,0.0,63.0,10.0,24.79,,
1996/08/02,23.9,23.9,23.5,23.5,534.0,12684.0,-1.2605,0.4855,79.0,,,,,8165.0,346.0,358.0,2.0,66.0,5.0,24.48,,
1996/08/03,23.7,23.9,23.6,23.7,364.0,8621.0,0.8511,0.3309,58.0,,,,,8330.0,302.0,137.0,0.0,71.0,5.0,24.69,,
1996/08/05,23.8,24.5,23.6,24.2,1782.0,43250.0,2.1097,1.62,366.0,,,,,9001.0,1199.0,528.0,0.0,76.0,5.0,25.21,,
1996/08/06,24.5,24.5,24.0,24.3,661.0,16009.0,0.4132,0.6009,131.0,,,,,8921.0,375.0,445.0,4.0,72.0,0.0,25.31,,
1996/08/07,24.7,25.1,24.3,24.6,2501.0,62033.0,1.2346,2.2736,461.0,,,,,9393.0,1287.0,815.0,0.0,102.0,30.0,25.63,,
1996/08/08,24.7,24.8,24.4,24.4,1051.0,25834.0,-0.813,0.9555,169.0,,,,,9436.0,756.0,704.0,7.0,95.0,0.0,25.42,,
1996/08/09,24.2,24.6,24.2,24.4,203.0,4946.0,0.0,0.1845,59.0,,,,,9421.0,150.0,158.0,2.0,95.0,2.0,25.42,,
1996/08/10,24.5,24.5,24.3,24.3,166.0,4062.0,-0.4098,0.1509,69.0,,,,,9469.0,113.0,65.0,1.0,99.0,5.0,25.31,,
1996/08/12,24.2,24.4,24.2,24.2,212.0,5136.0,-0.4115,0.1927,65.0,,,,,9566.0,183.0,86.0,5.0,104.0,10.0,25.21,,
1996/08/13,24.4,24.5,24.0,24.1,461.0,11201.0,-0.4132,0.4191,114.0,,,,,9335.0,284.0,397.0,0.0,104.0,0.0,25.1,,
1996/08/14,24.2,24.2,23.8,24.0,353.0,8464.0,-0.4149,0.3209,73.0,,,,,9474.0,267.0,90.0,0.0,94.0,0.0,25.0,,
1996/08/15,23.9,23.9,23.5,23.7,244.0,5770.0,-1.25,0.2218,50.0,,,,,9365.0,89.0,198.0,7.0,92.0,5.0,24.69,,
1996/08/16,23.6,23.8,23.3,23.4,138.0,3237.0,-1.2658,0.1255,45.0,,,,,9385.0,87.0,57.0,2.0,109.0,19.0,24.38,,
1996/08/17,23.8,23.8,23.3,23.4,208.0,4917.0,0.0,0.1891,50.0,,,,,9357.0,63.0,91.0,0.0,109.0,0.0,24.38,,
1996/08/19,23.6,23.6,22.8,23.0,325.0,7456.0,-1.7094,0.2955,81.0,,,,,9280.0,195.0,172.0,8.0,120.0,19.0,23.96,,
1996/08/20,22.8,22.9,22.5,22.8,218.0,4949.0,-0.8696,0.1982,66.0,,,,,9280.0,78.0,78.0,0.0,124.0,4.0,23.75,,
1996/08/21,23.0,23.4,22.8,23.1,396.0,9146.0,1.3158,0.36,104.0,,,,,9137.0,83.0,226.0,11.0,116.0,3.0,24.06,,
1996/08/22,23.1,23.1,22.8,23.0,232.0,5318.0,-0.4329,0.2109,93.0,,,,,9241.0,158.0,46.0,7.0,115.0,6.0,23.96,,
1996/08/23,23.0,23.2,22.9,23.1,249.0,5735.0,0.4348,0.2264,82.0,,,,,9054.0,118.0,98.0,0.0,124.0,9.0,24.06,,
1996/08/24,23.2,23.4,23.0,23.1,194.0,4480.0,0.0,0.1764,61.0,,,,,9026.0,102.0,128.0,0.0,127.0,3.0,24.06,,
1996/08/26,23.1,23.1,22.8,22.8,142.0,3252.0,-1.2987,0.1291,60.0,,,,,9086.0,88.0,28.0,0.0,139.0,12.0,23.75,,
1996/08/27,22.8,23.0,22.8,22.9,183.0,4188.0,0.4386,0.1664,76.0,,,,,9164.0,128.0,50.0,0.0,145.0,6.0,23.85,,
1996/08/28,22.9,23.2,22.9,23.1,208.0,4792.0,0.8734,0.1891,74.0,,,,,9173.0,52.0,43.0,0.0,147.0,2.0,24.06,,
1996/08/29,23.3,23.4,23.3,23.3,220.0,5123.0,0.8658,0.2,88.0,,,,,9235.0,170.0,108.0,1.0,157.0,11.0,24.27,,
1996/08/30,23.4,23.4,23.1,23.3,522.0,12139.0,0.0,0.4745,114.0,,,,,9352.0,345.0,228.0,1.0,158.0,2.0,24.27,,
1996/08/31,23.4,23.4,23.0,23.0,269.0,6209.0,-1.2876,0.2445,64.0,,,,,9381.0,88.0,69.0,4.0,161.0,7.0,23.96,,
1996/09/02,23.0,23.1,22.7,23.0,204.0,4652.0,0.0,0.1855,76.0,0.0,0.0,0.0,0.0,9292.0,95.0,170.0,1.0,161.0,1.0,23.96,,
1996/09/03,23.0,23.0,22.7,22.7,208.0,4728.0,-1.3043,0.1891,36.0,0.0,0.0,0.0,0.0,9346.0,142.0,68.0,0.0,162.0,1.0,23.65,,
1996/09/04,22.6,23.0,22.6,23.0,282.0,6457.0,1.3216,0.2564,74.0,0.0,0.0,0.0,0.0,9328.0,97.0,115.0,1.0,170.0,9.0,23.96,,
1996/09/05,23.4,23.7,23.0,23.3,316.0,7385.0,1.3043,0.2873,93.0,-1.0,0.0,0.0,0.0,9445.0,153.0,76.0,0.0,174.0,4.0,24.27,,
1996/09/06,23.3,24.3,23.3,23.8,1851.0,44234.0,2.1459,1.6827,386.0,0.0,0.0,0.0,0.0,9760.0,1260.0,945.0,0.0,211.0,37.0,24.79,,
1996/09/07,23.8,24.0,23.8,23.9,513.0,12250.0,0.4202,0.4664,113.0,0.0,0.0,0.0,0.0,9941.0,463.0,282.0,0.0,221.0,10.0,24.9,,
1996/09/09,24.2,24.2,23.8,23.9,353.0,8447.0,0.0,0.3209,89.0,0.0,0.0,0.0,0.0,9989.0,192.0,144.0,0.0,222.0,1.0,24.9,,
1996/09/10,24.0,24.0,23.5,23.8,322.0,7656.0,-0.4184,0.2927,84.0,0.0,0.0,0.0,0.0,10106.0,213.0,96.0,14.0,209.0,1.0,24.79,,
1996/09/11,23.9,24.4,23.7,23.9,2208.0,53309.0,0.4202,2.0073,325.0,0.0,0.0,0.0,0.0,10340.0,1473.0,1209.0,0.0,219.0,10.0,24.9,,
1996/09/12,24.0,24.9,24.0,24.9,2153.0,52547.0,4.1841,1.9573,342.0,0.0,0.0,0.0,0.0,10433.0,979.0,886.0,0.0,245.0,26.0,25.94,,
1996/09/13,25.0,25.7,25.0,25.7,2975.0,75272.0,3.2129,2.7045,575.0,282.0,0.0,0.0,0.0,10790.0,1364.0,1007.0,0.0,346.0,101.0,26.77,,
1996/09/14,25.7,25.9,25.5,25.9,2005.0,51522.0,0.7782,1.8227,367.0,0.0,0.0,0.0,0.0,10651.0,673.0,812.0,1.0,397.0,52.0,26.98,,
1996/09/16,26.0,26.1,25.8,25.9,1278.0,33150.0,0.0,1.1618,246.0,0.0,0.0,0.0,0.0,10939.0,685.0,362.0,2.0,411.0,16.0,26.7,,
1996/09/17,26.0,26.0,25.5,25.9,1580.0,40730.0,0.0,1.4364,225.0,150.0,0.0,0.0,0.0,11254.0,976.0,661.0,2.0,460.0,51.0,26.7,,
1996/09/18,26.0,26.0,25.7,25.9,525.0,13573.0,0.0,0.4773,118.0,0.0,0.0,0.0,0.0,11322.0,222.0,154.0,6.0,467.0,5.0,26.7,,
1996/09/19,26.2,26.7,26.2,26.6,2246.0,59409.0,2.7027,2.0418,542.0,200.0,0.0,0.0,0.0,11974.0,1168.0,516.0,9.0,557.0,99.0,27.42,,
1996/09/20,26.5,26.6,26.3,26.6,1789.0,47274.0,0.0,1.6264,338.0,352.0,0.0,0.0,0.0,12233.0,891.0,632.0,9.0,613.0,65.0,27.42,,
1996/09/21,26.6,26.8,26.4,26.6,760.0,20285.0,0.0,0.6909,171.0,108.0,0.0,0.0,0.0,12636.0,581.0,178.0,5.0,666.0,59.0,27.42,,
1996/09/23,26.5,26.6,26.2,26.5,1253.0,33092.0,-0.3759,1.1391,189.0,508.0,0.0,0.0,0.0,12599.0,444.0,481.0,4.0,693.0,31.0,27.32,,
1996/09/24,26.6,26.9,26.6,26.7,1475.0,39483.0,0.7547,1.3409,340.0,0.0,0.0,0.0,0.0,13290.0,1091.0,400.0,14.0,696.0,17.0,27.53,,
1996/09/25,26.9,26.9,26.5,26.7,977.0,25961.0,0.0,0.8882,168.0,119.0,0.0,0.0,0.0,13325.0,440.0,405.0,33.0,734.0,71.0,27.53,,
1996/09/26,26.7,27.0,26.7,26.8,994.0,26685.0,0.3745,0.9036,169.0,150.0,0.0,0.0,0.0,13336.0,358.0,442.0,6.0,742.0,14.0,27.63,,
1996/09/30,27.0,27.0,26.4,26.8,617.0,16473.0,0.0,0.5609,113.0,115.0,0.0,0.0,0.0,13291.0,271.0,314.0,70.0,731.0,59.0,27.63,,
1996/10/01,26.9,27.0,26.6,26.9,412.0,11063.0,0.3731,0.3745,72.0,0.0,0.0,0.0,0.0,11627.0,375.0,174.0,7.0,738.0,15.0,27.73,,
1996/10/02,26.8,27.2,26.8,27.1,1178.0,31861.0,0.7435,1.0709,237.0,220.0,0.0,0.0,0.0,13404.0,520.0,666.0,40.0,717.0,18.0,27.94,,
1996/10/03,27.2,27.5,26.9,27.0,2869.0,78186.0,-0.369,2.6082,616.0,400.0,0.0,0.0,0.0,13898.0,1747.0,1253.0,15.0,941.0,239.0,27.84,,
1996/10/04,26.9,26.9,25.9,26.5,1191.0,31587.0,-1.8519,1.0827,255.0,0.0,0.0,0.0,0.0,13701.0,495.0,692.0,62.0,935.0,56.0,27.32,,
1996/10/05,26.5,26.5,26.2,26.3,588.0,15446.0,-0.7547,0.5345,140.0,-20.0,0.0,0.0,0.0,13776.0,398.0,323.0,40.0,906.0,11.0,27.11,,
1996/10/07,26.3,26.4,25.9,26.1,819.0,21324.0,-0.7605,0.7445,201.0,100.0,0.0,0.0,0.0,13481.0,202.0,497.0,159.0,753.0,6.0,26.91,,
1996/10/08,26.1,26.3,26.0,26.3,761.0,19849.0,0.7663,0.6918,127.0,186.0,0.0,0.0,0.0,13514.0,365.0,332.0,21.0,764.0,32.0,27.11,,
1996/10/09,26.4,26.4,25.8,26.3,440.0,11508.0,0.0,0.4,95.0,-903.0,0.0,0.0,0.0,13345.0,152.0,271.0,19.0,746.0,1.0,27.11,,
1996/10/11,26.4,26.5,26.0,26.1,330.0,8692.0,-0.7605,0.3,87.0,-1.0,0.0,0.0,0.0,12361.0,235.0,219.0,5.0,767.0,26.0,26.91,,
1996/10/12,26.2,26.5,26.0,26.5,590.0,15493.0,1.5326,0.5364,120.0,152.0,0.0,0.0,0.0,12359.0,341.0,343.0,2.0,808.0,43.0,27.32,,
1996/10/14,26.5,26.9,26.5,26.8,1817.0,48650.0,1.1321,1.6518,283.0,534.0,0.0,0.0,0.0,12281.0,959.0,1017.0,10.0,803.0,5.0,27.63,,
1996/10/15,26.9,27.1,26.5,26.8,1888.0,50877.0,0.0,1.7164,364.0,0.0,0.0,0.0,0.0,12775.0,1314.0,820.0,4.0,1009.0,210.0,27.63,,
1996/10/16,26.8,26.8,26.2,26.3,858.0,22581.0,-1.8657,0.78,156.0,200.0,0.0,0.0,0.0,12581.0,424.0,618.0,33.0,979.0,3.0,27.11,,
1996/10/17,26.2,26.2,26.0,26.1,597.0,15601.0,-0.7605,0.5427,109.0,100.0,0.0,0.0,0.0,12414.0,343.0,510.0,21.0,963.0,5.0,26.91,,
1996/10/18,26.0,26.3,25.9,26.0,631.0,16421.0,-0.3831,0.5736,132.0,0.0,0.0,0.0,0.0,12409.0,346.0,349.0,130.0,893.0,60.0,26.8,,
1996/10/19,25.8,26.0,25.6,25.9,742.0,19126.0,-0.3846,0.6745,123.0,100.0,0.0,0.0,0.0,12443.0,379.0,345.0,78.0,907.0,110.0,26.7,,
1996/10/21,25.9,26.3,25.7,26.2,623.0,16221.0,1.1583,0.5664,160.0,0.0,0.0,0.0,0.0,12536.0,307.0,204.0,23.0,815.0,23.0,27.01,,
1996/10/22,26.0,26.1,25.9,26.0,359.0,9321.0,-0.7634,0.3264,116.0,0.0,0.0,0.0,0.0,12614.0,164.0,85.0,54.0,719.0,3.0,26.8,,
1996/10/23,26.0,26.2,25.8,26.2,479.0,12464.0,0.7692,0.4355,144.0,150.0,0.0,0.0,0.0,12501.0,169.0,282.0,6.0,690.0,14.0,27.01,,
1996/10/24,26.2,26.6,26.0,26.6,798.0,20994.0,1.5267,0.7255,195.0,262.0,0.0,0.0,0.0,12492.0,446.0,455.0,11.0,649.0,15.0,27.42,,
1996/10/28,26.6,26.8,26.3,26.4,394.0,10455.0,-0.7519,0.3582,139.0,0.0,0.0,0.0,0.0,12545.0,259.0,206.0,7.0,607.0,0.0,27.22,,
1996/10/29,26.3,26.3,26.1,26.2,425.0,11139.0,-0.7576,0.3864,122.0,0.0,0.0,0.0,0.0,12581.0,285.0,249.0,15.0,563.0,1.0,27.01,,
1996/10/30,26.3,26.5,26.1,26.4,540.0,14198.0,0.7634,0.4909,156.0,150.0,0.0,0.0,0.0,12602.0,203.0,182.0,20.0,531.0,8.0,27.22,,
1996/11/01,26.4,26.6,26.3,26.6,490.0,12967.0,0.7576,0.4455,139.0,0.0,0.0,0.0,0.0,12658.0,267.0,178.0,32.0,414.0,2.0,27.42,,
1996/11/02,26.8,26.9,26.5,26.9,1192.0,31850.0,1.1278,1.0836,249.0,43.0,0.0,0.0,0.0,12909.0,778.0,527.0,7.0,587.0,203.0,27.73,,
1996/11/04,27.0,27.0,26.7,27.0,1036.0,27840.0,0.3717,0.9418,249.0,100.0,0.0,0.0,0.0,13226.0,726.0,409.0,12.0,566.0,0.0,27.84,,
1996/11/05,27.0,27.5,26.6,27.0,3594.0,97726.0,0.0,3.2673,574.0,41.0,0.0,0.0,0.0,14518.0,2446.0,1153.0,19.0,654.0,101.0,27.84,,
1996/11/06,27.3,28.0,27.0,27.7,6233.0,172579.0,2.5926,5.6664,1042.0,0.0,0.0,0.0,0.0,16161.0,4138.0,2492.0,0.0,668.0,31.0,28.56,,
1996/11/07,27.8,27.9,27.3,27.6,2389.0,65684.0,-0.361,2.1718,392.0,0.0,0.0,0.0,0.0,16249.0,1403.0,1315.0,4.0,553.0,1.0,28.45,,
1996/11/08,27.5,27.5,27.1,27.4,1349.0,36838.0,-0.7246,1.2264,238.0,100.0,0.0,0.0,0.0,16075.0,535.0,704.0,4.0,358.0,20.0,28.25,,
1996/11/09,27.6,27.8,27.2,27.2,1529.0,42100.0,-0.7299,1.39,307.0,0.0,0.0,0.0,0.0,16318.0,848.0,605.0,5.0,362.0,10.0,28.04,,
1996/11/11,27.3,27.3,26.8,27.2,1632.0,44031.0,0.0,1.4836,233.0,216.0,0.0,0.0,0.0,16310.0,956.0,964.0,24.0,339.0,3.0,28.04,,
1996/11/13,27.3,27.5,27.1,27.4,852.0,23227.0,0.7353,0.7745,185.0,0.0,0.0,0.0,0.0,16183.0,500.0,625.0,0.0,338.0,1.0,28.25,,
1996/11/14,27.4,27.5,26.9,27.0,1088.0,29580.0,-1.4599,0.9891,206.0,300.0,0.0,0.0,0.0,16492.0,586.0,760.0,10.0,326.0,0.0,27.84,,
1996/11/15,27.1,27.4,26.8,27.1,734.0,19864.0,0.3704,0.6673,156.0,100.0,0.0,0.0,0.0,16179.0,211.0,514.0,0.0,323.0,1.0,27.94,,
1996/11/16,27.1,27.3,26.9,27.1,240.0,6489.0,0.0,0.2182,85.0,0.0,0.0,0.0,0.0,16224.0,194.0,149.0,0.0,322.0,0.0,22.97,,
1996/11/18,27.2,27.4,27.0,27.4,1056.0,28700.0,1.107,0.96,230.0,0.0,0.0,0.0,0.0,16412.0,817.0,629.0,14.0,305.0,0.0,23.22,,
1996/11/19,27.6,27.7,27.1,27.1,1836.0,50570.0,-1.0949,1.6691,454.0,438.0,0.0,0.0,0.0,16064.0,846.0,1194.0,3.0,295.0,0.0,22.97,,
1996/11/20,27.4,27.4,27.0,27.0,1364.0,37070.0,-0.369,1.24,259.0,200.0,0.0,0.0,0.0,16007.0,991.0,948.0,7.0,288.0,1.0,22.88,,
1996/11/21,27.2,27.2,26.6,27.0,1028.0,27720.0,0.0,0.9345,192.0,300.0,0.0,0.0,0.0,15592.0,363.0,777.0,0.0,287.0,0.0,22.88,,
1996/11/22,27.0,27.4,26.8,27.4,1057.0,28619.0,1.4815,0.9609,178.0,333.0,0.0,0.0,0.0,15311.0,463.0,739.0,22.0,264.0,5.0,23.22,,
1996/11/23,27.5,27.7,27.1,27.1,1017.0,27901.0,-1.0949,0.9245,219.0,300.0,0.0,0.0,0.0,15056.0,461.0,665.0,0.0,262.0,0.0,22.97,,
1996/11/25,27.2,27.2,26.7,26.8,673.0,18143.0,-1.107,0.6118,169.0,0.0,0.0,0.0,0.0,14973.0,446.0,529.0,3.0,255.0,0.0,22.71,,
1996/11/26,26.8,27.2,26.7,27.2,799.0,21507.0,1.4925,0.7264,163.0,188.0,0.0,0.0,0.0,14854.0,431.0,550.0,0.0,255.0,1.0,23.05,,
1996/11/27,27.3,28.2,27.2,28.0,5551.0,154359.0,2.9412,5.0464,898.0,0.0,0.0,0.0,0.0,15226.0,3088.0,2664.0,11.0,247.0,6.0,23.73,,
1996/11/28,27.8,28.0,27.5,27.9,2915.0,81164.0,-0.3571,2.65,477.0,0.0,0.0,0.0,0.0,15902.0,1963.0,1237.0,0.0,262.0,17.0,23.64,,
1996/11/29,28.0,28.6,27.5,27.5,4869.0,137728.0,-1.4337,4.4264,922.0,-1.0,0.0,0.0,0.0,17267.0,3516.0,2029.0,20.0,254.0,18.0,23.31,,
1996/11/30,27.7,27.8,27.2,27.4,1567.0,42927.0,-0.3636,1.4245,292.0,0.0,0.0,0.0,0.0,17294.0,1168.0,1117.0,14.0,241.0,2.0,23.22,,
1996/12/02,27.6,27.6,26.9,26.9,1251.0,33844.0,-1.8248,1.1373,267.0,0.0,0.0,0.0,0.0,17110.0,880.0,1063.0,8.0,232.0,5.0,22.8,,
1996/12/03,27.1,27.2,26.7,26.8,1591.0,42745.0,-0.3717,1.4464,291.0,-165.0,0.0,0.0,0.0,17463.0,1240.0,885.0,0.0,233.0,1.0,22.71,,
1996/12/04,26.8,27.0,26.6,26.7,975.0,26095.0,-0.3731,0.8864,196.0,-100.0,0.0,0.0,0.0,17147.0,483.0,746.0,0.0,233.0,0.0,22.63,,
1996/12/05,26.7,26.8,26.2,26.3,1020.0,26954.0,-1.4981,0.9273,242.0,0.0,0.0,0.0,0.0,17077.0,536.0,606.0,5.0,226.0,0.0,22.29,,
1996/12/06,26.3,26.7,26.0,26.7,641.0,16819.0,1.5209,0.5827,162.0,0.0,0.0,0.0,0.0,17041.0,333.0,369.0,0.0,226.0,1.0,22.63,,
1996/12/07,26.9,27.0,26.2,26.5,1600.0,42926.0,-0.7491,1.4545,229.0,0.0,0.0,0.0,0.0,17143.0,829.0,725.0,1.0,230.0,5.0,22.46,,
1996/12/09,26.9,26.9,26.5,26.5,373.0,9945.0,0.0,0.3391,98.0,0.0,0.0,0.0,0.0,17214.0,286.0,215.0,6.0,224.0,0.0,22.46,,
1996/12/10,26.5,26.8,26.4,26.7,460.0,12215.0,0.7547,0.4182,143.0,0.0,0.0,0.0,0.0,17203.0,316.0,322.0,2.0,227.0,5.0,22.63,,
1996/12/11,26.8,26.8,26.4,26.6,437.0,11602.0,-0.3745,0.3973,98.0,0.0,0.0,0.0,0.0,17040.0,198.0,340.0,0.0,217.0,0.0,22.54,,
1996/12/12,26.8,27.1,26.6,26.7,1948.0,52404.0,0.3759,1.7709,431.0,0.0,0.0,0.0,0.0,17441.0,1171.0,779.0,0.0,211.0,0.0,22.63,,
1996/12/13,26.6,26.7,26.5,26.6,603.0,16024.0,-0.3745,0.5482,161.0,0.0,0.0,0.0,0.0,17496.0,394.0,317.0,0.0,211.0,0.0,22.54,,
1996/12/14,26.6,26.6,26.4,26.6,455.0,12066.0,0.0,0.4136,102.0,0.0,0.0,0.0,0.0,17325.0,159.0,310.0,3.0,208.0,0.0,22.54,,
1996/12/16,26.6,26.7,26.4,26.4,410.0,10874.0,-0.7519,0.3727,112.0,0.0,0.0,0.0,0.0,17284.0,191.0,242.0,1.0,207.0,0.0,22.37,,
1996/12/17,26.4,26.5,26.2,26.3,676.0,17786.0,-0.3788,0.6145,162.0,0.0,0.0,0.0,0.0,17243.0,414.0,455.0,6.0,201.0,0.0,22.29,,
1996/12/18,26.3,26.6,26.3,26.4,577.0,15254.0,0.3802,0.5245,105.0,0.0,0.0,0.0,0.0,16962.0,157.0,438.0,0.0,193.0,0.0,22.37,,
1996/12/19,26.5,26.7,26.4,26.6,438.0,11628.0,0.7576,0.3982,118.0,-1.0,0.0,0.0,0.0,16948.0,340.0,354.0,1.0,192.0,0.0,22.54,,
1996/12/20,26.7,27.1,26.5,26.5,2375.0,63883.0,-0.3759,2.1591,439.0,0.0,0.0,0.0,0.0,17423.0,1430.0,936.0,0.0,192.0,0.0,22.46,,
1996/12/21,26.7,26.8,26.6,26.8,348.0,9302.0,1.1321,0.3164,96.0,0.0,0.0,0.0,0.0,17415.0,274.0,282.0,0.0,187.0,0.0,22.71,,
1996/12/23,26.8,26.8,26.5,26.7,784.0,20896.0,-0.3731,0.7127,170.0,0.0,0.0,0.0,0.0,17296.0,465.0,563.0,11.0,176.0,0.0,22.63,,
1996/12/24,26.8,26.8,26.5,26.6,442.0,11750.0,-0.3745,0.4018,113.0,0.0,0.0,0.0,0.0,17285.0,335.0,346.0,0.0,176.0,0.0,22.54,,
1996/12/26,26.8,27.4,26.8,27.3,4186.0,113678.0,2.6316,3.8055,863.0,0.0,0.0,0.0,0.0,18399.0,3020.0,1786.0,0.0,189.0,13.0,23.14,,
1996/12/27,27.3,27.3,27.0,27.2,1269.0,34436.0,-0.3663,1.1536,292.0,0.0,0.0,0.0,0.0,18188.0,541.0,737.0,0.0,188.0,0.0,23.05,,
1996/12/28,27.2,27.5,27.0,27.2,1375.0,37487.0,0.0,1.25,317.0,0.0,0.0,0.0,0.0,18070.0,721.0,758.0,0.0,188.0,0.0,23.05,,
1996/12/30,27.3,27.7,27.2,27.4,3571.0,98001.0,0.7353,3.2464,735.0,20.0,0.0,0.0,0.0,18383.0,2000.0,1607.0,4.0,184.0,0.0,23.22,,
1996/12/31,27.4,27.5,27.1,27.1,1832.0,49930.0,-1.0949,1.6655,449.0,-185.0,0.0,0.0,0.0,18212.0,963.0,1134.0,0.0,184.0,0.0,22.97,,
1997/01/04,26.5,26.7,26.4,26.6,964.0,25570.0,-1.845,0.8764,253.0,0.0,0.0,0.0,0.0,18128.0,640.0,714.0,10.0,174.0,0.0,22.54,,
1997/01/06,26.8,26.9,26.5,26.7,507.0,13541.0,0.3759,0.4609,147.0,0.0,0.0,0.0,0.0,18162.0,262.0,228.0,0.0,174.0,0.0,22.63,,
1997/01/07,26.7,27.0,26.7,26.8,880.0,23611.0,0.3745,0.8,204.0,0.0,0.0,0.0,0.0,17929.0,370.0,603.0,0.0,173.0,0.0,22.71,,
1997/01/08,26.9,26.9,26.5,26.6,1307.0,34808.0,-0.7463,1.1882,273.0,0.0,0.0,0.0,0.0,17434.0,635.0,1130.0,0.0,157.0,0.0,22.54,,
1997/01/09,26.8,26.8,26.5,26.8,789.0,21050.0,0.7519,0.7173,200.0,0.0,0.0,0.0,0.0,17387.0,335.0,382.0,0.0,157.0,0.0,22.71,,
1997/01/10,26.9,27.2,26.6,27.1,2213.0,59749.0,1.1194,2.0118,430.0,-20.0,0.0,0.0,0.0,17653.0,1437.0,1001.0,0.0,157.0,0.0,22.97,,
1997/01/11,27.3,27.6,27.3,27.5,4646.0,127652.0,1.476,4.2236,1041.0,0.0,0.0,0.0,0.0,17817.0,2787.0,2563.0,0.0,157.0,0.0,23.31,,
1997/01/13,27.6,28.2,27.6,27.9,6738.0,187553.0,1.4545,6.1255,1130.0,0.0,0.0,0.0,0.0,18978.0,5142.0,3976.0,0.0,194.0,38.0,23.64,,
1997/01/14,28.0,28.0,27.5,27.5,3604.0,100009.0,-1.4337,3.2764,741.0,-1.0,0.0,0.0,0.0,18757.0,2017.0,2230.0,26.0,165.0,0.0,23.31,,
1997/01/15,27.9,28.4,27.7,28.3,4953.0,139234.0,2.9091,4.5027,973.0,0.0,0.0,0.0,0.0,20015.0,3609.0,2351.0,0.0,193.0,28.0,23.98,,
1997/01/16,28.7,29.3,28.7,28.8,6744.0,195059.0,1.7668,6.1309,1453.0,0.0,0.0,0.0,0.0,20803.0,4642.0,3863.0,0.0,246.0,53.0,24.41,,
1997/01/17,28.8,28.9,28.1,28.2,3006.0,85515.0,-2.0833,2.7327,706.0,0.0,0.0,0.0,0.0,20604.0,1958.0,2157.0,48.0,208.0,17.0,23.9,,
1997/01/18,28.4,28.6,28.1,28.2,1633.0,46187.0,0.0,1.4845,397.0,0.0,0.0,0.0,0.0,20637.0,946.0,898.0,6.0,210.0,8.0,23.9,,
1997/01/20,28.5,29.0,28.3,28.4,4159.0,119104.0,0.7092,3.7809,805.0,-150.0,0.0,0.0,0.0,20511.0,2805.0,2805.0,0.0,215.0,5.0,24.07,,
1997/01/21,28.6,28.8,28.2,28.2,4169.0,118802.0,-0.7042,3.79,933.0,-219.0,0.0,0.0,0.0,20752.0,2540.0,2491.0,10.0,218.0,18.0,23.9,,
1997/01/22,28.3,28.5,27.6,27.8,3630.0,102214.0,-1.4184,3.3,816.0,-1.0,0.0,0.0,0.0,20743.0,2536.0,2489.0,25.0,193.0,0.0,23.56,,
1997/01/23,27.8,28.0,27.0,27.3,2495.0,68867.0,-1.7986,2.2682,594.0,0.0,0.0,0.0,0.0,20497.0,1441.0,1677.0,26.0,160.0,0.0,23.14,,
1997/01/24,27.4,27.5,27.0,27.2,959.0,26137.0,-0.3663,0.8718,287.0,0.0,0.0,0.0,0.0,20335.0,486.0,468.0,16.0,140.0,0.0,23.05,,
1997/01/25,27.2,27.4,27.0,27.2,580.0,15801.0,0.0,0.5273,177.0,0.0,0.0,0.0,0.0,20376.0,290.0,263.0,1.0,139.0,0.0,23.05,,
1997/01/27,27.2,27.4,27.2,27.2,415.0,11315.0,0.0,0.3773,141.0,0.0,0.0,0.0,0.0,20283.0,198.0,291.0,0.0,139.0,0.0,23.05,,
1997/01/28,27.4,27.4,27.1,27.2,396.0,10785.0,0.0,0.36,132.0,0.0,0.0,0.0,0.0,20242.0,201.0,242.0,5.0,134.0,0.0,23.05,,
1997/01/29,27.3,27.4,26.6,26.8,553.0,14955.0,-1.4706,0.5027,193.0,0.0,0.0,0.0,0.0,19955.0,235.0,364.0,0.0,134.0,0.0,22.71,,
1997/01/30,26.8,27.0,26.7,26.9,1012.0,27189.0,0.3731,0.92,281.0,1.0,0.0,0.0,0.0,19763.0,568.0,695.0,5.0,129.0,0.0,22.8,,
1997/01/31,27.0,27.0,26.7,26.7,887.0,23839.0,-0.7435,0.8064,208.0,0.0,0.0,0.0,0.0,19430.0,347.0,680.0,0.0,129.0,0.0,22.63,,
1997/02/01,26.8,27.4,26.8,27.3,936.0,25338.0,2.2472,0.8509,223.0,0.0,0.0,0.0,0.0,19417.0,557.0,446.0,11.0,121.0,3.0,23.14,,
1997/02/03,27.4,27.4,27.0,27.1,740.0,20035.0,-0.7326,0.6727,199.0,-1.0,0.0,0.0,0.0,19301.0,418.0,502.0,0.0,118.0,0.0,22.97,,
1997/02/11,27.2,27.2,26.9,27.0,719.0,19439.0,-0.369,0.6536,203.0,-9.0,0.0,0.0,0.0,19119.0,261.0,443.0,20.0,98.0,0.0,22.88,,
1997/02/12,27.1,27.5,27.0,27.3,1338.0,36441.0,1.1111,1.2164,337.0,0.0,0.0,0.0,0.0,19015.0,752.0,854.0,0.0,98.0,0.0,23.14,,
1997/02/13,27.5,27.9,27.5,27.7,1555.0,43090.0,1.4652,1.4136,416.0,0.0,0.0,0.0,0.0,18787.0,804.0,982.0,0.0,100.0,2.0,23.47,,
1997/02/14,28.0,28.0,27.1,27.2,1696.0,46697.0,-1.8051,1.5418,366.0,0.0,0.0,0.0,0.0,18890.0,1074.0,871.0,22.0,78.0,0.0,23.05,,
1997/02/15,27.2,27.6,27.2,27.4,1187.0,32508.0,0.7353,1.0791,248.0,0.0,0.0,0.0,0.0,18832.0,759.0,813.0,0.0,78.0,0.0,23.22,,
1997/02/17,27.5,28.2,27.4,27.9,3337.0,93141.0,1.8248,3.0336,722.0,-1.0,0.0,0.0,0.0,18810.0,1843.0,1795.0,0.0,82.0,4.0,23.64,,
1997/02/18,28.1,28.9,28.0,28.6,8675.0,247817.0,2.509,7.8864,1674.0,0.0,0.0,0.0,0.0,19539.0,4898.0,4157.0,0.0,110.0,28.0,24.24,,
1997/02/19,29.6,29.6,28.7,29.0,7007.0,204315.0,1.3986,6.37,1207.0,-1.0,0.0,0.0,0.0,19814.0,4447.0,4142.0,23.0,103.0,16.0,24.58,,
1997/02/20,28.7,29.2,28.2,28.8,5164.0,148460.0,-0.6897,4.6945,761.0,0.0,0.0,0.0,0.0,20528.0,3456.0,2441.0,5.0,308.0,511.0,24.41,,
1997/02/21,28.9,29.2,28.6,29.1,3884.0,112288.0,1.0417,3.5309,702.0,0.0,0.0,0.0,0.0,20224.0,2287.0,2565.0,0.0,320.0,32.0,24.66,,
1997/02/22,29.2,30.4,29.2,29.5,5530.0,164281.0,1.3746,5.0273,976.0,0.0,0.0,0.0,0.0,20522.0,3470.0,3170.0,212.0,174.0,66.0,25.0,,
1997/02/24,30.1,31.5,30.1,31.5,8014.0,245680.0,6.7797,7.2855,1254.0,0.0,0.0,0.0,0.0,20978.0,5487.0,5034.0,66.0,184.0,76.0,26.69,,
1997/02/25,32.0,32.2,30.9,31.3,5246.0,165386.0,-0.6349,4.7691,961.0,0.0,0.0,0.0,0.0,20443.0,2735.0,3248.0,18.0,184.0,23.0,26.53,,
1997/02/26,31.8,32.0,29.5,29.5,4633.0,144091.0,-5.7508,4.2118,842.0,0.0,0.0,0.0,0.0,20369.0,2670.0,2562.0,24.0,158.0,0.0,25.0,,
1997/02/27,29.9,30.9,29.7,30.4,3264.0,99042.0,3.0508,2.9673,581.0,0.0,0.0,0.0,0.0,20881.0,1909.0,1567.0,0.0,139.0,15.0,25.76,,
1997/02/28,30.6,30.6,30.1,30.2,2640.0,79815.0,-0.6579,2.4,475.0,0.0,0.0,0.0,0.0,20912.0,2064.0,2030.0,5.0,128.0,15.0,25.59,,
1997/03/01,30.6,30.6,29.9,30.1,1677.0,50871.0,-0.3311,1.5245,340.0,0.0,0.0,0.0,0.0,20834.0,1140.0,1218.0,0.0,128.0,0.0,25.51,,
1997/03/03,30.0,30.0,29.5,29.6,2015.0,59863.0,-1.6611,1.8318,339.0,0.0,0.0,0.0,0.0,21071.0,1215.0,862.0,0.0,133.0,5.0,25.08,,
1997/03/04,29.7,30.4,29.7,30.4,1205.0,36282.0,2.7027,1.0955,295.0,0.0,0.0,0.0,0.0,21394.0,889.0,546.0,0.0,144.0,11.0,25.76,,
1997/03/05,30.5,30.8,30.1,30.1,2429.0,74172.0,-0.9868,2.2082,432.0,0.0,0.0,0.0,0.0,21466.0,1746.0,1672.0,5.0,139.0,0.0,25.51,,
1997/03/06,30.5,30.8,30.2,30.5,2441.0,74462.0,1.3289,2.2191,422.0,0.0,0.0,0.0,0.0,21431.0,1671.0,1704.0,5.0,131.0,2.0,25.85,,
1997/03/07,30.8,31.3,30.7,30.9,2644.0,81821.0,1.3115,2.4036,538.0,0.0,0.0,0.0,0.0,21648.0,1805.0,1588.0,0.0,131.0,0.0,26.19,,
1997/03/08,31.3,31.8,31.0,31.1,2358.0,73830.0,0.6472,2.1436,483.0,0.0,0.0,0.0,0.0,21904.0,1684.0,1423.0,0.0,138.0,8.0,26.36,,
1997/03/10,31.5,31.5,30.8,31.1,4064.0,126299.0,0.0,3.6945,546.0,0.0,0.0,0.0,0.0,21562.0,3048.0,3387.0,1.0,135.0,0.0,26.36,,
1997/03/11,31.1,31.8,31.0,31.4,5594.0,175417.0,0.9646,5.0855,940.0,0.0,0.0,0.0,0.0,21418.0,3580.0,3724.0,1.0,147.0,13.0,26.61,,
1997/03/12,31.8,32.8,31.5,32.5,6843.0,219094.0,3.5032,6.2209,1443.0,0.0,0.0,0.0,0.0,21902.0,4498.0,3973.0,0.0,142.0,15.0,27.54,,
1997/03/13,32.9,34.5,32.6,32.6,12671.0,422282.0,0.3077,11.5191,2576.0,0.0,0.0,0.0,0.0,21265.0,6567.0,7034.0,0.0,193.0,78.0,27.63,,
1997/03/14,32.9,33.2,32.4,32.8,4551.0,149242.0,0.6135,4.1373,1052.0,0.0,0.0,0.0,0.0,20672.0,2399.0,2991.0,27.0,215.0,62.0,27.8,,
1997/03/15,33.0,33.1,32.6,32.8,3460.0,113568.0,0.0,3.1455,693.0,0.0,0.0,0.0,0.0,20461.0,2263.0,2467.0,28.0,185.0,3.0,27.8,,
1997/03/17,32.8,33.8,32.6,33.3,5018.0,167233.0,1.5244,4.5618,930.0,0.0,0.0,0.0,0.0,20402.0,3075.0,3133.0,47.0,135.0,4.0,28.22,,
1997/03/18,33.6,34.2,33.5,33.8,4439.0,150143.0,1.5015,4.0355,1008.0,0.0,0.0,0.0,0.0,20200.0,2257.0,2413.0,3.0,132.0,2.0,28.64,,
1997/03/19,34.1,34.2,32.5,32.9,3632.0,120312.0,-2.6627,3.3018,718.0,-1.0,0.0,0.0,0.0,19666.0,1896.0,2428.0,15.0,109.0,0.0,27.88,,
1997/03/20,32.6,33.4,32.6,33.0,2168.0,71484.0,0.304,1.9709,495.0,0.0,0.0,0.0,0.0,19416.0,1028.0,1278.0,0.0,57.0,0.0,27.97,,
1997/03/21,32.8,32.8,30.7,30.7,2388.0,76248.0,-6.9697,2.1709,566.0,0.0,0.0,0.0,0.0,18974.0,1185.0,1621.0,4.0,53.0,0.0,26.02,,
1997/03/22,30.7,31.3,29.8,31.0,1214.0,37154.0,0.9772,1.1036,359.0,0.0,0.0,0.0,0.0,19056.0,581.0,499.0,6.0,47.0,0.0,26.27,,
1997/03/24,31.1,31.5,29.2,29.2,1673.0,51247.0,-5.8065,1.5209,408.0,0.0,0.0,0.0,0.0,18875.0,898.0,1069.0,1.0,46.0,0.0,24.75,,
1997/03/25,30.1,30.1,28.6,29.2,1460.0,42764.0,0.0,1.3273,399.0,0.0,0.0,0.0,0.0,18965.0,791.0,691.0,33.0,15.0,2.0,24.75,,
1997/03/26,29.5,30.5,29.2,30.4,1537.0,45961.0,4.1096,1.3973,342.0,0.0,0.0,0.0,0.0,18741.0,1001.0,1154.0,0.0,15.0,0.0,25.76,,
1997/03/27,30.6,30.6,29.9,30.2,1136.0,34266.0,-0.6579,1.0327,245.0,0.0,0.0,0.0,0.0,18597.0,594.0,738.0,0.0,15.0,1.0,25.59,,
1997/03/28,30.2,30.2,29.8,29.9,1109.0,33259.0,-0.9934,1.0082,300.0,-1.0,0.0,0.0,0.0,18298.0,363.0,662.0,4.0,11.0,0.0,25.34,,
1997/03/31,29.5,30.2,29.5,29.5,673.0,19970.0,-1.3378,0.6118,217.0,-4.0,0.0,0.0,0.0,18384.0,440.0,324.0,10.0,1.0,0.0,25.0,,
1997/04/01,30.0,30.2,29.5,30.2,1327.0,39522.0,2.3729,1.2064,258.0,0.0,0.0,0.0,0.0,17826.0,0.0,551.0,0.0,0.0,0.0,25.59,,
1997/04/02,30.4,31.2,30.0,30.8,2073.0,63819.0,1.9868,1.8845,559.0,0.0,0.0,0.0,0.0,17131.0,0.0,695.0,0.0,0.0,0.0,26.1,,
1997/04/03,31.0,31.5,30.6,30.9,1898.0,58719.0,0.3247,1.7255,469.0,-565.0,0.0,0.0,0.0,16559.0,0.0,562.0,0.0,0.0,0.0,26.19,,
1997/04/07,31.2,31.5,30.9,31.1,1733.0,54075.0,0.6472,1.5755,422.0,0.0,0.0,0.0,0.0,17054.0,1184.0,689.0,0.0,0.0,0.0,26.36,,
1997/04/08,31.3,31.8,30.0,30.4,2475.0,77039.0,-2.2508,2.25,529.0,-450.0,0.0,0.0,0.0,17532.0,1384.0,921.0,0.0,5.0,5.0,25.76,,
1997/04/09,30.2,31.0,30.2,30.5,1544.0,47396.0,0.3289,1.4036,303.0,0.0,0.0,0.0,0.0,17557.0,699.0,674.0,0.0,5.0,0.0,25.85,,
1997/04/10,30.6,32.3,30.6,32.2,4886.0,153981.0,5.5738,4.4418,922.0,0.0,0.0,0.0,0.0,17168.0,1802.0,2181.0,0.0,6.0,1.0,27.29,,
1997/04/11,32.7,34.4,32.7,34.4,14778.0,496699.0,6.8323,13.4345,2506.0,0.0,0.0,0.0,0.0,19747.0,6406.0,3816.0,0.0,175.0,170.0,29.15,,
1997/04/12,36.8,36.8,35.5,36.8,11628.0,425748.0,6.9767,10.5709,2338.0,0.0,0.0,0.0,0.0,20203.0,5785.0,5339.0,10.0,557.0,398.0,31.19,,
1997/04/14,38.5,39.3,37.6,39.3,11550.0,444394.0,6.7935,10.5,2630.0,0.0,0.0,0.0,0.0,21233.0,5661.0,4641.0,197.0,926.0,574.0,33.31,,
1997/04/15,39.7,42.0,39.7,42.0,13529.0,557991.0,6.8702,12.2991,3214.0,0.0,0.0,0.0,0.0,22439.0,5646.0,4396.0,182.0,3449.0,2690.0,35.59,,
1997/04/16,42.1,43.0,39.1,39.1,17470.0,711444.0,-6.9048,15.8818,4368.0,-532.0,0.0,0.0,0.0,21151.0,6080.0,7346.0,2219.0,1614.0,406.0,33.14,,
1997/04/17,38.6,39.0,37.6,38.2,9236.0,354014.0,-2.3018,8.3964,2192.0,0.0,0.0,0.0,0.0,21797.0,4224.0,3503.0,1047.0,947.0,431.0,32.37,,
1997/04/18,38.5,39.5,36.5,36.5,8085.0,311732.0,-4.4503,7.35,1940.0,-768.0,0.0,0.0,0.0,21691.0,3471.0,3577.0,483.0,675.0,214.0,30.93,,
1997/04/19,36.5,36.5,34.0,34.2,5377.0,186171.0,-6.3014,4.8882,1315.0,0.0,0.0,0.0,0.0,21494.0,2514.0,2699.0,542.0,218.0,85.0,28.98,,
1997/04/21,34.3,35.2,33.8,34.6,3716.0,128228.0,1.1696,3.3782,882.0,-1000.0,0.0,0.0,0.0,22167.0,2082.0,1407.0,113.0,253.0,150.0,29.32,,
1997/04/22,34.4,35.6,34.1,34.5,3199.0,111547.0,-0.289,2.9082,854.0,0.0,0.0,0.0,0.0,22006.0,1398.0,1536.0,103.0,181.0,37.0,29.24,,
1997/04/23,34.8,35.4,34.6,35.4,2770.0,97106.0,2.6087,2.5182,784.0,4.0,0.0,0.0,0.0,21492.0,1127.0,1639.0,19.0,185.0,29.0,30.0,,
1997/04/24,35.6,35.7,34.2,34.3,3062.0,106660.0,-3.1073,2.7836,719.0,-497.0,0.0,0.0,0.0,21390.0,1591.0,1607.0,73.0,110.0,0.0,29.07,,
1997/04/25,34.3,34.7,34.0,34.0,2344.0,80464.0,-0.8746,2.1309,706.0,2.0,0.0,0.0,0.0,21240.0,1090.0,1240.0,30.0,81.0,4.0,28.81,,
1997/04/26,34.3,35.5,34.2,34.8,4302.0,149848.0,2.3529,3.9109,842.0,-1008.0,0.0,0.0,0.0,22303.0,2894.0,1831.0,0.0,154.0,73.0,29.49,,
1997/04/28,35.3,37.2,35.3,36.7,6334.0,231788.0,5.4598,5.7582,1655.0,-500.0,0.0,0.0,0.0,21983.0,3090.0,3398.0,99.0,122.0,69.0,31.1,,
1997/04/29,37.3,37.3,34.5,34.9,4796.0,173770.0,-4.9046,4.36,1291.0,-502.0,0.0,0.0,0.0,22236.0,2240.0,1984.0,56.0,84.0,18.0,29.58,,
1997/04/30,35.4,35.4,34.3,34.7,1770.0,61358.0,-0.5731,1.6091,545.0,0.0,0.0,0.0,0.0,22085.0,725.0,856.0,3.0,114.0,33.0,29.41,,
1997/05/02,34.7,34.9,32.3,32.5,2480.0,82680.0,-6.3401,2.2545,649.0,0.0,0.0,0.0,0.0,21305.0,623.0,1333.0,91.0,23.0,0.0,27.54,,
1997/05/03,32.3,33.4,31.3,33.4,1443.0,46352.0,2.7692,1.3118,399.0,0.0,0.0,0.0,0.0,21236.0,643.0,710.0,15.0,34.0,26.0,28.31,,
1997/05/05,33.2,33.3,32.1,32.5,1286.0,41970.0,-2.6946,1.1691,400.0,0.0,0.0,0.0,0.0,21171.0,515.0,569.0,15.0,62.0,43.0,27.54,,
1997/05/06,32.5,33.1,32.5,32.7,904.0,29594.0,0.6154,0.8218,292.0,0.0,0.0,0.0,0.0,21069.0,376.0,468.0,4.0,49.0,0.0,27.71,,
1997/05/07,32.9,33.4,32.7,33.1,1992.0,65762.0,1.2232,1.8109,441.0,0.0,0.0,0.0,0.0,21674.0,994.0,453.0,11.0,81.0,43.0,28.05,,
1997/05/08,33.0,33.5,32.0,32.1,1904.0,62383.0,-3.0211,1.7309,401.0,0.0,0.0,0.0,0.0,21817.0,748.0,600.0,63.0,18.0,0.0,27.2,,
1997/05/09,32.0,32.0,30.6,31.0,1567.0,49125.0,-3.4268,1.4245,427.0,0.0,0.0,0.0,0.0,21405.0,571.0,971.0,8.0,12.0,3.0,26.27,,
1997/05/10,31.2,32.0,31.2,31.3,790.0,24886.0,0.9677,0.7182,270.0,0.0,0.0,0.0,0.0,21460.0,427.0,372.0,6.0,6.0,0.0,26.53,,
1997/05/12,31.3,31.3,29.2,29.2,2118.0,63250.0,-6.7093,1.9255,540.0,200.0,0.0,0.0,0.0,20833.0,611.0,1208.0,3.0,5.0,2.0,24.75,,
1997/05/13,29.2,29.2,28.0,28.6,1613.0,46214.0,-2.0548,1.4664,456.0,0.0,0.0,0.0,0.0,20430.0,660.0,1056.0,3.0,7.0,5.0,24.24,,
1997/05/14,29.0,30.2,28.8,30.1,1280.0,37959.0,5.2448,1.1636,366.0,0.0,0.0,0.0,0.0,20440.0,584.0,548.0,1.0,22.0,16.0,25.51,,
1997/05/15,30.1,30.1,29.1,29.3,782.0,23137.0,-2.6578,0.7109,240.0,0.0,0.0,0.0,0.0,20312.0,342.0,467.0,0.0,33.0,13.0,24.83,,
1997/05/16,29.8,30.0,29.5,29.5,569.0,16922.0,0.6826,0.5173,158.0,-1.0,0.0,0.0,0.0,20438.0,342.0,211.0,9.0,30.0,6.0,25.0,,
1997/05/17,30.0,30.2,29.5,29.7,720.0,21490.0,0.678,0.6545,194.0,0.0,0.0,0.0,0.0,20627.0,331.0,140.0,0.0,30.0,0.0,25.17,,
1997/05/19,29.5,29.5,28.4,29.3,597.0,17353.0,-1.3468,0.5427,202.0,0.0,0.0,0.0,0.0,20697.0,240.0,164.0,2.0,22.0,0.0,24.83,,
1997/05/20,29.6,29.6,28.9,28.9,368.0,10719.0,-1.3652,0.3345,141.0,0.0,0.0,0.0,0.0,20550.0,121.0,243.0,0.0,22.0,0.0,24.49,,
1997/05/21,29.0,29.3,28.8,29.2,431.0,12529.0,1.0381,0.3918,143.0,0.0,0.0,0.0,0.0,20519.0,227.0,247.0,0.0,22.0,0.0,24.75,,
1997/05/22,29.2,30.0,29.2,29.9,741.0,22037.0,2.3973,0.6736,221.0,0.0,0.0,0.0,0.0,20640.0,551.0,422.0,0.0,27.0,5.0,25.34,,
1997/05/23,30.0,31.0,30.0,30.5,1377.0,42076.0,2.0067,1.2518,417.0,0.0,0.0,0.0,0.0,20674.0,750.0,714.0,0.0,39.0,12.0,25.85,,
1997/05/24,30.9,30.9,30.3,30.3,569.0,17396.0,-0.6557,0.5173,216.0,0.0,0.0,0.0,0.0,20771.0,381.0,272.0,0.0,39.0,0.0,25.68,,
1997/05/26,30.3,30.7,30.0,30.0,499.0,15111.0,-0.9901,0.4536,176.0,-1.0,0.0,0.0,0.0,20693.0,160.0,238.0,26.0,23.0,10.0,25.42,,
1997/05/27,30.0,30.2,29.2,29.2,709.0,20984.0,-2.6667,0.6445,191.0,0.0,0.0,0.0,0.0,20644.0,385.0,428.0,0.0,23.0,0.0,24.75,,
1997/05/28,29.2,29.4,29.0,29.1,356.0,10385.0,-0.3425,0.3236,132.0,0.0,0.0,0.0,0.0,20565.0,83.0,162.0,5.0,18.0,0.0,24.66,,
1997/05/29,29.1,29.2,28.5,28.5,838.0,24234.0,-2.0619,0.7618,238.0,0.0,0.0,0.0,0.0,20242.0,221.0,524.0,17.0,1.0,0.0,24.15,,
1997/05/30,28.5,29.0,28.5,28.7,457.0,13102.0,0.7018,0.4155,125.0,0.0,0.0,0.0,0.0,20180.0,154.0,201.0,0.0,1.0,0.0,24.32,,
1997/05/31,29.0,29.5,28.9,29.3,497.0,14522.0,2.0906,0.4518,136.0,0.0,0.0,0.0,0.0,20149.0,153.0,185.0,0.0,1.0,0.0,24.83,,
1997/06/02,29.5,30.4,29.5,30.2,809.0,24255.0,3.0717,0.7355,263.0,0.0,0.0,0.0,0.0,20398.0,582.0,333.0,0.0,1.0,0.0,25.59,,
1997/06/03,30.2,30.5,29.2,29.2,977.0,29244.0,-3.3113,0.8882,259.0,0.0,0.0,0.0,0.0,20643.0,698.0,451.0,0.0,1.0,0.0,24.75,,
1997/06/04,29.5,29.9,29.2,29.5,726.0,21420.0,1.0274,0.66,229.0,0.0,0.0,0.0,0.0,20590.0,380.0,423.0,0.0,1.0,0.0,25.0,,
1997/06/05,29.6,29.8,29.0,29.4,969.0,28363.0,-0.339,0.8809,232.0,0.0,0.0,0.0,0.0,20858.0,653.0,383.0,0.0,1.0,0.0,24.92,,
1997/06/06,29.8,30.2,29.5,29.9,1595.0,47663.0,1.7007,1.45,366.0,0.0,0.0,0.0,0.0,21015.0,905.0,748.0,0.0,1.0,0.0,25.34,,
1997/06/07,30.5,31.9,30.4,31.9,4292.0,135441.0,6.689,3.9018,801.0,0.0,0.0,0.0,0.0,21077.0,2384.0,2322.0,0.0,21.0,20.0,27.03,,
1997/06/10,33.2,34.1,32.5,34.1,5254.0,176643.0,6.8966,4.7764,756.0,-200.0,0.0,0.0,0.0,20634.0,1957.0,2400.0,0.0,87.0,66.0,28.9,,
1997/06/11,33.8,34.1,32.0,32.1,5594.0,184490.0,-5.8651,5.0855,1072.0,0.0,0.0,0.0,0.0,21828.0,3382.0,2185.0,43.0,54.0,13.0,27.2,,
1997/06/12,32.0,32.5,31.6,32.2,1846.0,59167.0,0.3115,1.6782,410.0,0.0,0.0,0.0,0.0,21988.0,1211.0,851.0,23.0,52.0,21.0,27.29,,
1997/06/13,32.8,34.0,32.5,34.0,3076.0,102426.0,5.5901,2.7964,814.0,0.0,0.0,0.0,0.0,22384.0,1798.0,1392.0,0.0,99.0,47.0,28.81,,
1997/06/14,34.0,34.0,33.0,33.2,2067.0,69070.0,-2.3529,1.8791,485.0,0.0,0.0,0.0,0.0,22691.0,1362.0,1055.0,34.0,108.0,43.0,28.14,,
1997/06/16,34.2,34.2,33.2,33.7,1784.0,59824.0,1.506,1.6218,456.0,0.0,0.0,0.0,0.0,22766.0,1173.0,1085.0,9.0,101.0,2.0,28.56,,
1997/06/17,33.9,34.0,32.2,32.5,2010.0,66423.0,-3.5608,1.8273,464.0,0.0,0.0,0.0,0.0,22477.0,984.0,1273.0,54.0,48.0,1.0,27.54,,
1997/06/18,32.2,33.2,32.0,32.1,2022.0,65945.0,-1.2308,1.8382,548.0,0.0,0.0,0.0,0.0,22318.0,785.0,944.0,26.0,22.0,0.0,27.2,,
1997/06/19,32.8,32.9,31.4,31.4,1781.0,57396.0,-2.1807,1.6191,436.0,0.0,0.0,0.0,0.0,22341.0,1013.0,990.0,10.0,12.0,0.0,26.61,,
1997/06/20,31.6,32.3,31.0,31.0,2091.0,66210.0,-1.2739,1.9009,439.0,0.0,0.0,0.0,0.0,22410.0,1198.0,1114.0,1.0,11.0,0.0,26.27,,
1997/06/21,31.5,31.8,31.1,31.7,1108.0,34709.0,2.2581,1.0073,261.0,0.0,0.0,0.0,0.0,22220.0,540.0,670.0,0.0,11.0,0.0,26.2,,
1997/06/23,32.0,33.1,31.8,32.7,1727.0,56062.0,3.1546,1.57,493.0,0.0,0.0,0.0,0.0,22185.0,859.0,893.0,5.0,13.0,7.0,27.02,,
1997/06/24,33.0,33.8,32.2,32.7,2906.0,96303.0,0.0,2.6418,631.0,0.0,0.0,0.0,0.0,21921.0,1434.0,1697.0,2.0,16.0,5.0,27.02,,
1997/06/25,33.0,33.0,31.9,32.0,1194.0,38696.0,-2.1407,1.0855,335.0,0.0,0.0,0.0,0.0,21885.0,610.0,639.0,0.0,10.0,0.0,26.45,,
1997/06/26,32.0,32.2,31.0,31.0,2079.0,65240.0,-3.125,1.89,458.0,-4.0,0.0,0.0,0.0,21893.0,1173.0,1144.0,0.0,5.0,0.0,25.62,,
1997/06/27,31.3,32.5,31.0,31.8,3710.0,118233.0,2.5806,3.3727,483.0,0.0,0.0,0.0,0.0,22419.0,1525.0,1002.0,5.0,0.0,0.0,26.28,,
1997/06/28,32.5,32.5,31.3,31.6,1791.0,56768.0,-0.6289,1.6282,243.0,-1.0,0.0,0.0,0.0,21056.0,0.0,1313.0,0.0,0.0,0.0,26.12,,
1997/06/30,31.8,32.2,31.8,32.2,1594.0,51021.0,1.8987,1.4491,439.0,0.0,0.0,0.0,0.0,20166.0,0.0,835.0,0.0,0.0,0.0,26.61,,
1997/07/02,32.5,34.1,32.2,32.2,5767.0,191352.0,0.0,5.2427,1234.0,0.0,0.0,0.0,0.0,17089.0,0.0,3061.0,0.0,0.0,0.0,26.61,,
1997/07/03,29.8,30.4,29.6,29.7,3563.0,106685.0,4.1371,2.545,678.0,0.0,0.0,0.0,0.0,17803.0,1280.0,566.0,0.0,30.0,30.0,24.55,,
1997/07/04,30.0,30.8,30.0,30.3,2123.0,64652.0,2.0202,1.5164,484.0,-45.0,0.0,0.0,0.0,18431.0,1344.0,721.0,0.0,64.0,34.0,31.89,,
1997/07/05,31.0,31.4,30.7,30.9,2133.0,66256.0,1.9802,1.5236,500.0,0.0,0.0,0.0,0.0,18781.0,1289.0,939.0,4.0,86.0,26.0,32.53,,
1997/07/07,31.0,31.3,30.3,30.4,1634.0,50270.0,-1.6181,1.1671,421.0,0.0,0.0,0.0,0.0,18694.0,842.0,844.0,3.0,84.0,1.0,32.0,,
1997/07/08,30.5,30.8,30.0,30.0,1002.0,30446.0,-1.3158,0.7157,294.0,0.0,0.0,0.0,0.0,18526.0,378.0,535.0,16.0,68.0,0.0,31.58,,
1997/07/09,30.2,32.1,30.0,32.1,4115.0,128647.0,7.0,2.9393,793.0,0.0,0.0,0.0,0.0,20390.0,2976.0,1142.0,1.0,85.0,18.0,33.79,,
1997/07/10,34.2,34.3,33.6,34.3,3362.0,114799.0,6.8536,2.4014,751.0,0.0,0.0,0.0,0.0,20726.0,2166.0,1830.0,0.0,143.0,58.0,36.11,,
1997/07/11,35.7,36.7,35.7,36.7,6431.0,234481.0,6.9971,4.5936,1487.0,0.0,0.0,0.0,0.0,21833.0,3828.0,2717.0,3.0,307.0,171.0,38.63,,
1997/07/12,37.8,37.8,34.5,36.0,8306.0,300223.0,-1.9074,5.9329,1829.0,0.0,0.0,0.0,0.0,22176.0,4331.0,3988.0,48.0,419.0,160.0,37.89,,
1997/07/14,36.4,38.5,35.0,38.5,6971.0,253669.0,6.9444,4.9793,1485.0,-400.0,0.0,0.0,0.0,22056.0,3014.0,3126.0,76.0,560.0,223.0,40.53,,
1997/07/15,40.0,40.2,36.5,37.5,10932.0,423720.0,-2.5974,7.8086,2531.0,10.0,0.0,0.0,0.0,20205.0,3208.0,5049.0,96.0,626.0,153.0,39.47,,
1997/07/16,37.5,39.0,36.8,37.0,6863.0,258727.0,-1.3333,4.9021,1573.0,0.0,0.0,0.0,0.0,19723.0,2593.0,3026.0,72.0,769.0,241.0,38.95,,
1997/07/17,37.3,39.5,37.3,39.5,5259.0,205513.0,6.7568,3.7564,1126.0,0.0,0.0,0.0,0.0,18966.0,1687.0,1967.0,44.0,911.0,187.0,41.58,,
1997/07/18,40.5,42.2,40.3,42.2,10510.0,435611.0,6.8354,7.5071,2177.0,0.0,0.0,0.0,0.0,20249.0,5563.0,4268.0,100.0,1132.0,324.0,44.42,,
1997/07/19,42.2,45.0,41.9,43.8,10735.0,468797.0,3.7915,7.6679,2494.0,2.0,0.0,0.0,0.0,20064.0,4660.0,4745.0,198.0,1319.0,486.0,46.11,,
1997/07/21,44.8,44.8,42.2,42.3,7271.0,312930.0,-3.4247,5.1936,1778.0,0.0,0.0,0.0,0.0,19707.0,2689.0,3022.0,281.0,1320.0,284.0,44.53,,
1997/07/22,42.3,44.5,42.0,42.8,6177.0,266894.0,1.182,4.4121,1539.0,0.0,0.0,0.0,0.0,20155.0,2411.0,2034.0,217.0,1437.0,351.0,45.05,,
1997/07/23,43.5,43.5,39.9,39.9,4509.0,186452.0,-6.7757,3.2207,1229.0,0.0,0.0,0.0,0.0,19965.0,1880.0,2038.0,347.0,1433.0,353.0,42.0,,
1997/07/24,39.2,42.6,38.5,41.9,10061.0,410039.0,5.0125,7.1864,2364.0,0.0,0.0,0.0,0.0,19556.0,2218.0,2611.0,536.0,1556.0,656.0,44.11,,
1997/07/25,41.9,43.2,40.5,40.5,8174.0,342842.0,-3.3413,5.8386,1901.0,0.0,0.0,0.0,0.0,19671.0,3253.0,3164.0,397.0,1426.0,267.0,42.63,,
1997/07/26,40.5,41.5,39.6,40.0,2899.0,116947.0,-1.2346,2.0707,840.0,0.0,0.0,0.0,0.0,19374.0,1073.0,1357.0,251.0,1288.0,118.0,42.11,,
1997/07/28,40.0,40.5,38.4,38.7,2912.0,114337.0,-3.25,2.08,787.0,0.0,0.0,0.0,0.0,19032.0,955.0,1400.0,295.0,1036.0,61.0,40.74,,
1997/07/29,38.5,40.3,38.2,38.7,3117.0,122606.0,0.0,2.2264,917.0,0.0,0.0,0.0,0.0,19107.0,1344.0,1264.0,149.0,999.0,124.0,40.74,,
1997/07/30,40.0,40.2,39.0,39.1,2270.0,89812.0,1.0336,1.6214,669.0,0.0,0.0,0.0,0.0,19099.0,982.0,988.0,165.0,840.0,6.0,41.16,,
1997/07/31,39.3,39.9,39.3,39.8,1296.0,51209.0,1.7903,0.9257,387.0,0.0,0.0,0.0,0.0,19093.0,594.0,623.0,51.0,816.0,27.0,41.89,,
1997/08/01,39.3,39.6,38.8,39.0,1484.0,58033.0,-2.0101,1.06,422.0,0.0,0.0,0.0,0.0,18719.0,640.0,1014.0,127.0,746.0,57.0,41.05,,
1997/08/02,39.1,40.0,39.0,39.0,1900.0,75098.0,0.0,1.3571,481.0,0.0,0.0,0.0,0.0,19047.0,1115.0,787.0,39.0,714.0,7.0,41.05,,
1997/08/04,39.2,39.9,38.6,39.0,1764.0,69136.0,0.0,1.26,481.0,0.0,0.0,0.0,0.0,18918.0,844.0,973.0,44.0,702.0,31.0,41.05,,
1997/08/05,39.2,41.3,38.8,40.2,5761.0,233613.0,3.0769,4.115,1593.0,0.0,0.0,0.0,0.0,19476.0,2557.0,1995.0,32.0,913.0,243.0,42.32,,
1997/08/06,40.9,41.2,39.8,39.8,3055.0,124061.0,-0.995,2.1821,978.0,5.0,0.0,0.0,0.0,19511.0,1476.0,1435.0,154.0,818.0,59.0,41.89,,
1997/08/07,40.0,40.5,38.0,39.6,2352.0,92500.0,-0.5025,1.68,662.0,0.0,0.0,0.0,0.0,18887.0,820.0,1439.0,93.0,790.0,65.0,41.68,,
1997/08/08,39.3,39.9,38.6,39.0,1138.0,44368.0,-1.5152,0.8129,376.0,-202.0,0.0,0.0,0.0,18839.0,483.0,516.0,35.0,757.0,12.0,41.05,,
1997/08/09,39.0,39.7,38.6,39.0,1234.0,48099.0,0.0,0.8814,361.0,0.0,0.0,0.0,0.0,18829.0,526.0,516.0,53.0,723.0,19.0,41.05,,
1997/08/11,39.2,39.4,38.6,38.7,1393.0,54187.0,-0.7692,0.995,345.0,0.0,0.0,0.0,0.0,18742.0,638.0,751.0,14.0,746.0,37.0,40.74,,
1997/08/12,38.9,39.5,38.5,38.8,1642.0,63787.0,0.2584,1.1729,369.0,-2.0,0.0,0.0,0.0,18546.0,545.0,729.0,105.0,651.0,12.0,40.84,,
1997/08/13,39.0,39.3,36.8,36.8,1336.0,51354.0,-5.1546,0.9543,413.0,0.0,0.0,0.0,0.0,18391.0,488.0,640.0,89.0,614.0,52.0,38.74,,
1997/08/14,37.0,37.5,36.8,37.3,1098.0,40820.0,1.3587,0.7843,384.0,0.0,0.0,0.0,0.0,18286.0,348.0,443.0,130.0,569.0,85.0,39.26,,
1997/08/15,37.6,37.7,36.1,36.5,877.0,32466.0,-2.1448,0.6264,313.0,0.0,0.0,0.0,0.0,17963.0,252.0,571.0,34.0,558.0,29.0,38.42,,
1997/08/16,36.1,37.5,36.1,37.5,1226.0,45339.0,2.7397,0.8757,404.0,0.0,0.0,0.0,0.0,17740.0,357.0,578.0,33.0,606.0,81.0,39.47,,
1997/08/19,37.6,37.9,37.2,37.3,891.0,33427.0,-0.5333,0.6364,274.0,0.0,0.0,0.0,0.0,17659.0,348.0,414.0,26.0,613.0,33.0,39.26,,
1997/08/20,37.6,37.6,37.0,37.3,587.0,21917.0,0.0,0.4193,229.0,-1.0,0.0,0.0,0.0,17571.0,291.0,359.0,21.0,601.0,9.0,39.26,,
1997/08/21,37.6,37.9,37.0,37.2,1331.0,49607.0,-0.2681,0.9507,417.0,0.0,0.0,0.0,0.0,17329.0,647.0,889.0,56.0,546.0,1.0,39.16,,
1997/08/22,37.2,39.8,37.0,39.8,4391.0,172088.0,6.9892,3.1364,1087.0,0.0,0.0,0.0,0.0,19394.0,3218.0,1145.0,8.0,723.0,193.0,41.89,,
1997/08/23,40.5,42.4,40.5,42.4,6973.0,291088.0,6.5327,4.9807,1902.0,-5.0,0.0,0.0,0.0,19931.0,3418.0,2898.0,77.0,904.0,261.0,44.63,,
1997/08/25,44.7,45.3,43.0,45.3,9652.0,429141.0,6.8396,6.8943,2582.0,0.0,0.0,0.0,0.0,20999.0,5402.0,4341.0,55.0,1291.0,441.0,47.68,,
1997/08/26,45.8,48.0,45.8,47.1,16196.0,758099.0,3.9735,11.5686,4640.0,101.0,0.0,0.0,0.0,19591.0,6043.0,7451.0,156.0,1955.0,820.0,49.58,,
1997/08/27,46.5,46.5,43.9,43.9,6011.0,269771.0,-6.7941,4.2936,1675.0,0.0,0.0,0.0,0.0,20023.0,3110.0,2679.0,599.0,1725.0,369.0,46.21,,
1997/08/28,41.0,42.3,40.9,40.9,6264.0,260637.0,-6.8337,4.4743,1894.0,0.0,0.0,0.0,0.0,20180.0,2420.0,2259.0,873.0,1025.0,187.0,43.05,,
1997/08/30,39.8,40.5,38.5,40.2,3846.0,153406.0,-1.7115,2.7471,850.0,0.0,0.0,0.0,0.0,19697.0,1354.0,1828.0,192.0,986.0,153.0,42.32,,
1997/09/01,40.8,42.2,39.0,39.0,3253.0,133300.0,-2.9851,2.3236,1030.0,0.0,0.0,0.0,0.0,19222.0,1346.0,1819.0,82.0,966.0,62.0,41.05,,
1997/09/02,39.2,39.9,37.8,37.8,2726.0,105127.0,-3.0769,1.9471,840.0,-16.0,0.0,0.0,0.0,18521.0,648.0,1322.0,314.0,749.0,102.0,39.79,,
1997/09/03,40.4,40.4,39.0,40.0,2798.0,111311.0,5.8201,1.9986,849.0,0.0,0.0,0.0,0.0,18380.0,1214.0,1349.0,42.0,858.0,151.0,42.11,,
1997/09/04,40.0,40.0,37.2,37.2,2658.0,101255.0,-7.0,1.8986,771.0,0.0,0.0,0.0,0.0,17076.0,790.0,2040.0,166.0,712.0,20.0,39.16,,
1997/09/05,37.5,38.2,37.0,37.8,2984.0,112252.0,1.6129,2.1314,873.0,0.0,0.0,0.0,0.0,17386.0,1428.0,1132.0,82.0,705.0,80.0,39.79,,
1997/09/06,38.3,39.0,38.3,38.6,1364.0,52748.0,2.1164,0.9743,457.0,-1.0,0.0,0.0,0.0,17237.0,611.0,760.0,20.0,710.0,25.0,40.63,,
1997/09/08,39.1,39.1,36.5,37.8,2524.0,94540.0,-2.0725,1.8029,727.0,0.0,0.0,0.0,0.0,16356.0,528.0,1408.0,84.0,693.0,68.0,39.79,,
1997/09/09,37.1,38.5,36.9,38.2,1326.0,49964.0,1.0582,0.9471,525.0,-100.0,0.0,0.0,0.0,16246.0,467.0,551.0,97.0,609.0,13.0,40.21,,
1997/09/10,39.5,39.5,38.0,38.4,2008.0,77999.0,0.5236,1.4343,718.0,0.0,0.0,0.0,0.0,16536.0,1081.0,796.0,27.0,594.0,12.0,40.42,,
1997/09/11,37.2,38.2,37.2,37.7,867.0,32663.0,-1.8229,0.6193,361.0,0.0,0.0,0.0,0.0,16470.0,311.0,377.0,15.0,617.0,38.0,39.68,,
1997/09/12,37.9,38.5,37.8,38.3,983.0,37568.0,1.5915,0.7021,335.0,0.0,0.0,0.0,0.0,16628.0,657.0,499.0,24.0,632.0,39.0,40.32,,
1997/09/13,38.3,38.8,37.6,38.0,758.0,28990.0,-0.7833,0.5414,296.0,0.0,0.0,0.0,0.0,16616.0,399.0,409.0,21.0,616.0,5.0,40.0,,
1997/09/15,38.0,38.0,36.6,37.4,1332.0,49554.0,-1.5789,0.9514,375.0,0.0,0.0,0.0,0.0,16471.0,233.0,363.0,51.0,599.0,34.0,39.37,,
1997/09/17,37.9,38.5,37.8,38.2,571.0,21777.0,2.139,0.4079,254.0,0.0,0.0,0.0,0.0,16512.0,336.0,292.0,32.0,582.0,20.0,40.21,,
1997/09/18,37.9,38.2,37.5,38.2,785.0,29651.0,0.0,0.5607,220.0,0.0,0.0,0.0,0.0,16236.0,227.0,503.0,23.0,564.0,5.0,43.41,,
1997/09/19,38.5,40.8,38.2,40.8,4861.0,194434.0,6.8063,3.4721,1292.0,0.0,0.0,0.0,0.0,17208.0,2622.0,1650.0,1.0,740.0,177.0,46.36,,
1997/09/20,41.5,41.9,38.8,39.2,7239.0,296625.0,-3.9216,5.1707,1793.0,1.0,0.0,0.0,0.0,17851.0,3323.0,2668.0,90.0,831.0,181.0,44.55,,
1997/09/22,39.7,40.8,39.1,40.2,2485.0,99238.0,2.551,1.775,839.0,0.0,0.0,0.0,0.0,17761.0,1126.0,1205.0,154.0,779.0,117.0,45.68,,
1997/09/23,40.1,40.1,39.0,39.0,1320.0,52013.0,-2.9851,0.9429,434.0,0.0,0.0,0.0,0.0,17624.0,666.0,794.0,112.0,705.0,47.0,44.32,,
1997/09/24,38.2,38.8,38.1,38.1,1291.0,49629.0,-2.3077,0.9221,438.0,0.0,0.0,0.0,0.0,17175.0,372.0,810.0,60.0,657.0,32.0,43.3,,
1997/09/25,38.9,39.5,38.0,38.2,2625.0,101432.0,0.2625,1.875,708.0,0.0,0.0,0.0,0.0,17008.0,1320.0,1454.0,14.0,672.0,55.0,43.41,,
1997/09/26,38.3,38.5,37.5,37.9,2332.0,87954.0,-0.7853,1.6657,662.0,0.0,0.0,0.0,0.0,16720.0,677.0,955.0,68.0,893.0,305.0,43.07,,
1997/09/27,38.2,38.9,38.0,38.4,1079.0,41431.0,1.3193,0.7707,409.0,0.0,0.0,0.0,0.0,16705.0,515.0,527.0,77.0,911.0,95.0,43.64,,
1997/09/30,38.8,38.8,37.5,37.7,979.0,37206.0,-1.8229,0.6993,346.0,0.0,0.0,0.0,0.0,16729.0,374.0,347.0,122.0,880.0,92.0,42.84,,
1997/10/01,37.5,37.8,37.0,37.5,1847.0,68964.0,-0.5305,1.3193,573.0,0.0,0.0,0.0,0.0,16678.0,589.0,586.0,59.0,838.0,58.0,42.61,,
1997/10/02,37.3,38.0,37.0,37.0,1923.0,71715.0,-1.3333,1.3736,656.0,0.0,0.0,0.0,0.0,16612.0,491.0,561.0,111.0,661.0,120.0,42.05,,
1997/10/03,36.8,37.4,36.1,37.3,1570.0,57827.0,0.8108,1.1214,556.0,755.0,0.0,0.0,0.0,16677.0,560.0,445.0,36.0,710.0,124.0,42.39,,
1997/10/04,37.3,37.3,36.6,37.2,1115.0,41172.0,-0.2681,0.7964,378.0,0.0,0.0,0.0,0.0,16649.0,272.0,300.0,62.0,648.0,86.0,42.27,,
1997/10/06,37.3,39.5,37.3,38.3,2824.0,108724.0,2.957,2.0171,1001.0,0.0,0.0,0.0,0.0,17121.0,1480.0,1009.0,108.0,666.0,137.0,43.52,,
1997/10/07,38.0,38.2,37.0,37.1,1564.0,58751.0,-3.1332,1.1171,605.0,0.0,0.0,0.0,0.0,17029.0,536.0,630.0,114.0,554.0,12.0,42.16,,
1997/10/08,37.3,37.8,36.8,37.3,1580.0,58917.0,0.5391,1.1286,716.0,0.0,0.0,0.0,0.0,17220.0,800.0,603.0,5.0,579.0,54.0,42.39,,
1997/10/09,37.5,38.2,37.5,37.9,1463.0,55536.0,1.6086,1.045,582.0,0.0,0.0,0.0,0.0,17648.0,1102.0,658.0,24.0,559.0,26.0,43.07,,
1997/10/13,38.3,39.8,38.0,39.2,4760.0,185703.0,3.4301,3.4,1400.0,0.0,0.0,0.0,0.0,18549.0,2692.0,1791.0,13.0,595.0,101.0,44.55,,
1997/10/14,39.5,40.3,38.6,38.6,5036.0,198724.0,-1.5306,3.5971,1367.0,0.0,0.0,0.0,0.0,19067.0,2846.0,2325.0,34.0,653.0,125.0,43.86,,
1997/10/15,38.7,39.3,38.2,38.2,2242.0,86650.0,-1.0363,1.6014,855.0,0.0,0.0,0.0,0.0,19491.0,1208.0,754.0,114.0,619.0,107.0,43.41,,
1997/10/16,37.6,37.9,36.2,36.7,2601.0,96050.0,-3.9267,1.8579,918.0,0.0,0.0,0.0,0.0,19361.0,1226.0,1317.0,197.0,503.0,88.0,41.7,,
1997/10/17,37.1,37.4,34.2,34.5,3094.0,108170.0,-5.9946,2.21,928.0,0.0,0.0,0.0,0.0,18847.0,1094.0,1608.0,250.0,490.0,256.0,39.2,,
1997/10/18,34.0,34.0,32.1,32.1,1537.0,50912.0,-6.9565,1.0979,478.0,0.0,0.0,0.0,0.0,18561.0,404.0,690.0,120.0,566.0,200.0,36.48,,
1997/10/20,32.0,32.0,29.9,30.7,3442.0,103865.0,-4.3614,2.4586,742.0,0.0,0.0,0.0,0.0,16920.0,371.0,1553.0,269.0,426.0,129.0,34.89,,
1997/10/21,31.5,32.8,31.5,32.8,1659.0,53564.0,6.8404,1.185,548.0,0.0,0.0,0.0,0.0,17114.0,712.0,511.0,228.0,214.0,21.0,37.27,,
1997/10/22,33.8,33.8,31.0,32.0,2588.0,83124.0,-2.439,1.8486,854.0,0.0,0.0,0.0,0.0,17101.0,1205.0,1198.0,72.0,201.0,61.0,36.36,,
1997/10/23,32.0,33.2,30.8,31.5,3616.0,116323.0,-1.5625,2.5829,1057.0,0.0,0.0,0.0,0.0,17878.0,2047.0,1259.0,34.0,170.0,16.0,35.8,,
1997/10/24,30.0,31.2,30.0,31.1,1325.0,40489.0,-1.2698,0.9464,489.0,0.0,0.0,0.0,0.0,18119.0,609.0,368.0,36.0,138.0,9.0,35.34,,
1997/10/27,31.0,31.5,30.6,30.7,798.0,24647.0,-1.2862,0.57,345.0,0.0,0.0,0.0,0.0,18144.0,410.0,392.0,5.0,129.0,2.0,34.89,,
1997/10/28,28.6,29.2,28.6,28.6,1141.0,32687.0,-6.8404,0.815,355.0,0.0,0.0,0.0,0.0,17696.0,374.0,820.0,22.0,121.0,21.0,32.5,,
1997/10/29,29.3,29.5,26.7,27.3,1753.0,48585.0,-4.5455,1.2521,581.0,0.0,0.0,0.0,0.0,17439.0,630.0,862.0,24.0,122.0,27.0,31.02,,
1997/10/30,26.5,28.0,26.0,28.0,1414.0,38586.0,2.5641,1.01,471.0,0.0,0.0,0.0,0.0,17210.0,489.0,654.0,3.0,154.0,41.0,31.82,,
1997/11/03,28.0,29.9,28.0,29.9,1715.0,50186.0,6.7857,1.225,583.0,0.0,0.0,0.0,0.0,17375.0,924.0,757.0,28.0,176.0,52.0,33.98,,
1997/11/04,30.7,31.7,30.0,30.3,2669.0,82763.0,1.3378,1.9064,800.0,0.0,0.0,0.0,0.0,17509.0,1305.0,1168.0,45.0,152.0,23.0,34.43,,
1997/11/05,30.3,30.8,29.4,30.5,1239.0,37457.0,0.6601,0.885,415.0,0.0,0.0,0.0,0.0,17120.0,425.0,710.0,15.0,152.0,17.0,34.66,,
1997/11/06,31.1,31.8,30.5,31.6,2590.0,80900.0,3.6066,1.85,794.0,0.0,0.0,0.0,0.0,17198.0,1414.0,1182.0,35.0,152.0,39.0,35.91,,
1997/11/07,31.8,31.8,29.4,29.7,2076.0,63388.0,-6.0127,1.4829,582.0,0.0,0.0,0.0,0.0,17110.0,688.0,742.0,43.0,209.0,100.0,33.75,,
1997/11/08,28.5,29.0,28.5,28.6,645.0,18548.0,-3.7037,0.4607,271.0,0.0,0.0,0.0,0.0,17027.0,313.0,385.0,26.0,187.0,6.0,32.5,,
1997/11/10,28.6,29.7,28.6,29.3,903.0,26392.0,2.4476,0.645,343.0,0.0,0.0,0.0,0.0,17184.0,426.0,269.0,6.0,208.0,27.0,33.3,,
1997/11/11,28.6,29.1,28.6,29.0,414.0,11942.0,-1.0239,0.2957,175.0,0.0,0.0,0.0,0.0,17111.0,153.0,213.0,26.0,185.0,3.0,32.95,,
1997/11/13,28.0,28.6,28.0,28.0,485.0,13649.0,-3.4483,0.3464,188.0,0.0,0.0,0.0,0.0,16990.0,141.0,244.0,12.0,173.0,0.0,31.82,,
1997/11/14,28.5,29.1,27.7,28.5,1712.0,48640.0,1.7857,1.2229,459.0,0.0,0.0,0.0,0.0,17532.0,770.0,236.0,6.0,167.0,0.0,32.39,,
1997/11/15,28.4,28.6,28.0,28.1,401.0,11324.0,-1.4035,0.2864,169.0,0.0,0.0,0.0,0.0,17448.0,187.0,242.0,1.0,177.0,11.0,31.93,,
1997/11/17,28.1,29.5,28.1,29.3,810.0,23414.0,4.2705,0.5786,314.0,0.0,0.0,0.0,0.0,17265.0,295.0,476.0,99.0,94.0,16.0,30.21,,
1997/11/18,30.2,30.2,28.5,28.6,1113.0,32847.0,-2.3891,0.795,415.0,0.0,0.0,0.0,0.0,17291.0,547.0,521.0,7.0,95.0,9.0,29.48,,
1997/11/19,28.5,29.4,28.2,29.4,341.0,9853.0,2.7972,0.2436,145.0,0.0,0.0,0.0,0.0,17198.0,98.0,186.0,0.0,108.0,13.0,30.31,,
1997/11/20,29.2,29.9,28.2,28.5,638.0,18481.0,-3.0612,0.4557,251.0,0.0,0.0,0.0,0.0,17154.0,327.0,371.0,1.0,111.0,4.0,29.38,,
1997/11/21,28.5,29.2,28.5,29.0,732.0,21206.0,1.7544,0.5229,227.0,0.0,0.0,0.0,0.0,16924.0,253.0,478.0,6.0,109.0,5.0,29.9,,
1997/11/22,29.3,30.0,29.3,29.7,1190.0,35321.0,2.4138,0.85,484.0,0.0,0.0,0.0,0.0,17060.0,734.0,601.0,5.0,118.0,15.0,30.62,,
1997/11/24,29.8,29.8,28.8,28.8,1050.0,30459.0,-3.0303,0.75,320.0,0.0,0.0,0.0,0.0,17116.0,689.0,643.0,15.0,108.0,5.0,29.69,,
1997/11/25,28.5,29.4,28.5,28.9,864.0,25054.0,0.3472,0.6171,319.0,1.0,0.0,0.0,0.0,17085.0,430.0,457.0,0.0,123.0,15.0,29.79,,
1997/11/26,29.0,29.3,28.5,28.5,390.0,11249.0,-1.3841,0.2786,177.0,0.0,0.0,0.0,0.0,17041.0,192.0,236.0,11.0,118.0,6.0,29.38,,
1997/11/27,28.5,28.8,28.3,28.5,659.0,18829.0,0.0,0.4707,209.0,0.0,0.0,0.0,0.0,17160.0,361.0,218.0,10.0,99.0,0.0,29.38,,
1997/11/28,28.7,29.0,28.7,28.8,407.0,11753.0,1.0526,0.2907,205.0,0.0,0.0,0.0,0.0,17135.0,158.0,173.0,20.0,84.0,5.0,29.69,,
1997/12/01,27.0,28.2,27.0,27.1,941.0,25645.0,-5.9028,0.6721,283.0,0.0,0.0,0.0,0.0,17046.0,461.0,540.0,46.0,40.0,2.0,27.94,,
1997/12/02,27.5,28.9,27.5,28.9,925.0,26026.0,6.6421,0.6607,297.0,0.0,0.0,0.0,0.0,16929.0,415.0,523.0,0.0,39.0,0.0,29.79,,
1997/12/03,28.6,30.8,28.3,30.8,2434.0,72013.0,6.5744,1.7386,707.0,0.0,0.0,0.0,0.0,16872.0,971.0,1025.0,0.0,132.0,96.0,31.75,,
1997/12/04,30.9,31.4,30.2,31.1,3254.0,100808.0,0.974,2.3243,981.0,0.0,0.0,0.0,0.0,17524.0,2111.0,1449.0,40.0,148.0,57.0,32.06,,
1997/12/05,31.3,31.7,30.5,31.3,2903.0,90949.0,0.6431,2.0736,796.0,-266.0,0.0,0.0,0.0,17911.0,1779.0,1392.0,5.0,150.0,7.0,32.27,,
1997/12/06,31.8,31.9,31.0,31.3,1872.0,58949.0,0.0,1.3371,496.0,0.0,0.0,0.0,0.0,18305.0,1354.0,960.0,4.0,146.0,0.0,32.27,,
1997/12/08,31.3,31.7,30.8,31.3,2638.0,82550.0,0.0,1.8843,589.0,0.0,0.0,0.0,0.0,19314.0,1858.0,843.0,24.0,122.0,0.0,32.27,,
1997/12/09,31.5,32.5,31.4,32.0,4349.0,138922.0,2.2364,3.1064,1100.0,0.0,0.0,0.0,0.0,19885.0,2964.0,2393.0,0.0,255.0,133.0,32.99,,
1997/12/10,32.5,33.6,32.2,32.8,5374.0,177304.0,2.5,3.8386,1230.0,0.0,0.0,0.0,0.0,20183.0,3263.0,2974.0,4.0,263.0,17.0,33.81,,
1997/12/11,32.7,32.7,31.0,31.0,2432.0,76793.0,-5.4878,1.7371,799.0,-1.0,0.0,0.0,0.0,20081.0,1470.0,1567.0,60.0,129.0,26.0,31.96,,
1997/12/12,30.0,31.3,30.0,31.3,1185.0,36571.0,0.9677,0.8464,398.0,0.0,0.0,0.0,0.0,19920.0,536.0,687.0,28.0,105.0,4.0,32.27,,
1997/12/13,31.3,32.6,31.0,31.3,2342.0,74490.0,0.0,1.6729,506.0,0.0,0.0,0.0,0.0,20099.0,1119.0,930.0,9.0,100.0,10.0,32.27,,
1997/12/15,31.8,31.9,30.6,30.7,697.0,21752.0,-1.9169,0.4979,264.0,0.0,0.0,0.0,0.0,20208.0,410.0,320.0,16.0,90.0,6.0,31.65,,
1997/12/16,31.0,31.3,30.5,30.5,890.0,27452.0,-0.6515,0.6357,258.0,-2.0,0.0,0.0,0.0,20255.0,425.0,353.0,15.0,71.0,0.0,31.44,,
1997/12/17,30.6,32.1,30.6,32.1,1363.0,42689.0,5.2459,0.9736,347.0,0.0,0.0,0.0,0.0,20102.0,388.0,510.0,10.0,68.0,8.0,33.09,,
1997/12/18,32.0,32.1,31.3,31.4,1489.0,47195.0,-2.1807,1.0636,402.0,0.0,0.0,0.0,0.0,20259.0,894.0,734.0,0.0,90.0,22.0,32.37,,
1997/12/19,31.5,32.6,30.7,30.7,2234.0,70891.0,-2.2293,1.5957,737.0,0.0,0.0,0.0,0.0,20221.0,1436.0,1270.0,21.0,65.0,15.0,31.65,,
1997/12/20,31.0,31.4,30.5,30.9,666.0,20619.0,0.6515,0.4757,231.0,0.0,0.0,0.0,0.0,20217.0,416.0,397.0,2.0,64.0,8.0,31.86,,
1997/12/22,31.1,31.3,30.5,30.5,882.0,27224.0,-1.2945,0.63,214.0,0.0,0.0,0.0,0.0,20110.0,322.0,427.0,0.0,64.0,0.0,31.44,,
1997/12/23,30.9,31.4,30.1,30.1,1074.0,33196.0,-1.3115,0.7671,329.0,0.0,0.0,0.0,0.0,19933.0,469.0,642.0,5.0,66.0,8.0,31.03,,
1997/12/24,30.4,30.5,29.6,30.1,782.0,23541.0,0.0,0.5586,266.0,0.0,0.0,0.0,0.0,19920.0,429.0,435.0,2.0,72.0,10.0,31.03,,
1997/12/26,30.3,31.0,30.3,30.5,935.0,28627.0,1.3289,0.6679,275.0,0.0,0.0,0.0,0.0,20009.0,442.0,353.0,10.0,60.0,4.0,31.44,,
1997/12/27,30.8,31.0,30.4,30.6,691.0,21213.0,0.3279,0.4936,220.0,0.0,0.0,0.0,0.0,19832.0,311.0,428.0,3.0,57.0,0.0,31.55,,
1997/12/29,30.8,30.8,30.3,30.3,589.0,17981.0,-0.9804,0.4207,169.0,0.0,0.0,0.0,0.0,19827.0,214.0,219.0,0.0,57.0,0.0,31.24,,
1997/12/30,30.7,30.7,30.3,30.4,654.0,19966.0,0.33,0.4671,186.0,0.0,0.0,0.0,0.0,19866.0,445.0,361.0,0.0,61.0,4.0,31.34,,
1997/12/31,30.9,30.9,30.2,30.7,671.0,20505.0,0.9868,0.4793,226.0,0.0,0.0,0.0,0.0,19659.0,331.0,474.0,5.0,55.0,0.0,31.65,,
1998/01/03,30.9,30.9,30.4,30.5,256.0,7862.0,-0.6515,0.1829,87.0,0.0,0.0,0.0,0.0,19682.0,228.0,158.0,0.0,55.0,0.0,31.44,,
1998/01/05,30.6,30.6,30.0,30.1,445.0,13427.0,-1.3115,0.3179,155.0,0.0,0.0,0.0,0.0,19725.0,232.0,189.0,2.0,53.0,0.0,31.03,,
1998/01/06,30.0,30.1,29.5,30.0,391.0,11664.0,-0.3322,0.2793,141.0,0.0,0.0,0.0,0.0,19602.0,137.0,253.0,1.0,62.0,10.0,30.93,,
1998/01/07,30.0,30.0,29.2,29.3,350.0,10358.0,-2.3333,0.25,117.0,0.0,0.0,0.0,0.0,19463.0,89.0,225.0,0.0,62.0,0.0,30.21,,
1998/01/08,29.3,29.4,28.7,29.1,741.0,21514.0,-0.6826,0.5293,187.0,0.0,0.0,0.0,0.0,19086.0,176.0,513.0,20.0,43.0,1.0,30.0,,
1998/01/09,29.0,29.0,28.0,28.4,647.0,18437.0,-2.4055,0.4621,199.0,0.0,0.0,0.0,0.0,19015.0,237.0,288.0,30.0,13.0,0.0,29.28,,
1998/01/12,27.6,27.8,26.5,26.6,724.0,19551.0,-6.338,0.5171,222.0,0.0,0.0,0.0,0.0,18767.0,304.0,530.0,0.0,29.0,16.0,27.42,,
1998/01/13,26.8,27.5,26.5,27.4,989.0,26764.0,3.0075,0.7064,227.0,0.0,0.0,0.0,0.0,18669.0,403.0,482.0,10.0,20.0,1.0,28.25,,
1998/01/14,27.5,29.0,27.5,28.5,888.0,25064.0,4.0146,0.6343,293.0,-1.0,0.0,0.0,0.0,18609.0,358.0,408.0,0.0,20.0,0.0,29.38,,
1998/01/15,29.1,29.1,28.1,28.2,1271.0,36083.0,-1.0526,0.9079,304.0,0.0,0.0,0.0,0.0,18567.0,739.0,781.0,1.0,28.0,10.0,29.07,,
1998/01/16,27.8,28.6,27.7,28.2,626.0,17634.0,0.0,0.4471,216.0,0.0,0.0,0.0,0.0,18600.0,258.0,220.0,0.0,28.0,0.0,29.07,,
1998/01/17,28.2,28.8,28.0,28.5,779.0,22248.0,1.0638,0.5564,248.0,0.0,0.0,0.0,0.0,18594.0,415.0,421.0,0.0,28.0,0.0,29.38,,
1998/01/19,28.5,28.7,28.3,28.6,633.0,18054.0,0.3509,0.4521,176.0,0.0,0.0,0.0,0.0,18620.0,301.0,268.0,0.0,31.0,3.0,29.48,,
1998/01/20,28.6,28.8,28.5,28.8,668.0,19141.0,0.6993,0.4771,201.0,0.0,0.0,0.0,0.0,18598.0,360.0,352.0,0.0,41.0,10.0,29.69,,
1998/01/21,29.1,29.6,28.8,29.1,1301.0,37998.0,1.0417,0.9293,401.0,40.0,0.0,0.0,0.0,18640.0,674.0,627.0,4.0,39.0,4.0,30.0,,
1998/01/22,29.4,29.5,28.5,28.5,756.0,21945.0,-2.0619,0.54,264.0,30.0,0.0,0.0,0.0,18534.0,402.0,460.0,2.0,36.0,0.0,29.38,,
1998/02/02,29.3,30.0,28.6,29.9,957.0,28274.0,4.9123,0.6836,295.0,0.0,0.0,0.0,0.0,18633.0,588.0,427.0,0.0,37.0,1.0,30.82,,
1998/02/03,30.2,31.0,30.2,30.6,3132.0,95896.0,2.3411,2.2371,878.0,0.0,0.0,0.0,0.0,19632.0,2269.0,1269.0,0.0,40.0,3.0,31.55,,
1998/02/04,31.3,32.3,31.0,31.5,5026.0,158929.0,2.9412,3.59,1327.0,0.0,0.0,0.0,0.0,20207.0,2993.0,2415.0,1.0,47.0,13.0,32.47,,
1998/02/05,31.7,32.5,31.7,32.4,4973.0,159865.0,2.8571,3.5521,1383.0,0.0,0.0,0.0,0.0,20295.0,2956.0,2855.0,0.0,81.0,40.0,33.4,,
1998/02/06,32.5,32.5,30.6,30.9,2994.0,94170.0,-4.6296,2.1386,829.0,0.0,0.0,0.0,0.0,20127.0,1739.0,1923.0,33.0,51.0,3.0,31.86,,
1998/02/07,31.1,31.4,30.6,31.0,1382.0,42735.0,0.3236,0.9871,391.0,152.0,0.0,0.0,0.0,20040.0,697.0,736.0,4.0,53.0,6.0,31.96,,
1998/02/09,31.6,33.1,31.3,33.1,4017.0,130271.0,6.7742,2.8693,944.0,0.0,0.0,0.0,0.0,20610.0,2595.0,2024.0,0.0,74.0,24.0,34.12,,
1998/02/10,34.1,34.1,31.1,31.1,4280.0,139761.0,-6.0423,3.0571,1102.0,0.0,0.0,0.0,0.0,20983.0,2655.0,2290.0,9.0,85.0,20.0,32.06,,
1998/02/11,32.0,32.5,31.6,31.6,2937.0,94122.0,1.6077,2.0979,741.0,0.0,0.0,0.0,0.0,21362.0,2127.0,1748.0,9.0,86.0,10.0,32.58,,
1998/02/12,31.6,32.2,31.6,31.9,2544.0,81211.0,0.9494,1.8171,615.0,0.0,0.0,0.0,0.0,21651.0,1624.0,1322.0,0.0,76.0,10.0,32.89,,
1998/02/13,32.2,32.3,31.0,31.2,1790.0,56701.0,-2.1944,1.2786,556.0,134.0,0.0,0.0,0.0,21383.0,902.0,1160.0,13.0,53.0,5.0,32.16,,
1998/02/16,30.6,31.4,30.6,31.3,1029.0,31944.0,0.3205,0.735,295.0,50.0,0.0,0.0,0.0,21154.0,507.0,735.0,12.0,41.0,0.0,32.27,,
1998/02/17,30.6,32.0,30.6,31.8,1338.0,42223.0,1.5974,0.9557,375.0,46.0,0.0,0.0,0.0,21173.0,933.0,914.0,0.0,41.0,0.0,32.78,,
1998/02/18,33.0,34.0,33.0,34.0,8449.0,285549.0,6.9182,6.035,1615.0,0.0,0.0,0.0,0.0,22621.0,4648.0,3204.0,0.0,117.0,76.0,35.05,,
1998/02/19,36.3,36.3,36.3,36.3,2778.0,100802.0,6.7647,1.9843,659.0,-50.0,0.0,0.0,0.0,22705.0,1838.0,1774.0,0.0,134.0,17.0,37.42,,
1998/02/20,38.8,38.8,36.4,36.8,13591.0,507000.0,1.3774,9.7079,3387.0,0.0,0.0,0.0,0.0,22693.0,7061.0,7038.0,30.0,183.0,94.0,37.94,,
1998/02/21,36.7,38.0,35.1,36.8,5687.0,208579.0,0.0,4.0621,1492.0,0.0,0.0,0.0,0.0,22906.0,3165.0,2945.0,52.0,167.0,37.0,37.94,,
1998/02/23,36.5,36.8,35.7,36.0,3146.0,113578.0,-2.1739,2.2471,828.0,0.0,0.0,0.0,0.0,22481.0,1857.0,2282.0,41.0,113.0,2.0,37.11,,
1998/02/24,36.4,37.5,34.9,35.8,4240.0,153537.0,-0.5556,3.0286,1167.0,0.0,0.0,0.0,0.0,22914.0,2675.0,2216.0,23.0,127.0,58.0,36.91,,
1998/02/25,35.8,36.0,34.3,34.7,1906.0,66759.0,-3.0726,1.3614,585.0,0.0,0.0,0.0,0.0,22652.0,1101.0,1359.0,43.0,84.0,1.0,35.77,,
1998/02/26,35.0,36.2,35.0,35.4,2578.0,91384.0,2.0173,1.8414,745.0,0.0,0.0,0.0,0.0,22777.0,1645.0,1512.0,2.0,77.0,2.0,36.49,,
1998/02/27,37.0,37.3,35.8,36.1,5425.0,199095.0,1.9774,3.875,1436.0,0.0,0.0,0.0,0.0,22499.0,2968.0,3055.0,3.0,88.0,14.0,37.22,,
1998/03/02,36.6,36.8,35.8,36.5,2621.0,95270.0,1.108,1.8721,785.0,0.0,0.0,0.0,0.0,21963.0,1374.0,1907.0,3.0,83.0,0.0,37.63,,
1998/03/03,36.2,36.3,35.5,36.0,1620.0,57955.0,-1.3699,1.1571,460.0,0.0,0.0,0.0,0.0,21547.0,809.0,1209.0,3.0,94.0,17.0,37.11,,
1998/03/04,36.0,36.2,34.8,34.9,1718.0,61132.0,-3.0556,1.2271,453.0,1.0,0.0,0.0,0.0,21391.0,997.0,1153.0,1.0,95.0,2.0,35.98,,
1998/03/05,34.9,35.0,34.1,34.7,1124.0,38658.0,-0.5731,0.8029,461.0,0.0,0.0,0.0,0.0,21227.0,549.0,707.0,12.0,89.0,6.0,35.77,,
1998/03/06,33.0,34.7,33.0,33.8,2273.0,76743.0,-2.5937,1.6236,647.0,0.0,0.0,0.0,0.0,21962.0,1364.0,616.0,27.0,62.0,0.0,34.85,,
1998/03/07,34.5,34.6,33.5,34.4,2063.0,70763.0,1.7751,1.4736,526.0,0.0,0.0,0.0,0.0,22417.0,1574.0,1119.0,2.0,63.0,3.0,35.46,,
1998/03/09,34.4,35.0,33.8,34.3,2177.0,74948.0,-0.2907,1.555,571.0,0.0,0.0,0.0,0.0,22327.0,1252.0,1334.0,2.0,68.0,7.0,35.36,,
1998/03/10,34.5,35.3,34.3,34.8,2550.0,88885.0,1.4577,1.8214,670.0,0.0,0.0,0.0,0.0,22342.0,1534.0,1519.0,0.0,84.0,16.0,35.88,,
1998/03/11,35.6,37.2,35.1,37.2,8526.0,312163.0,6.8966,6.09,1942.0,0.0,0.0,0.0,0.0,22343.0,4352.0,4318.0,10.0,272.0,203.0,38.35,,
1998/03/12,37.2,37.2,36.1,36.9,6039.0,221883.0,-0.8065,4.3136,1312.0,0.0,0.0,0.0,0.0,21711.0,2715.0,3347.0,145.0,157.0,30.0,38.04,,
1998/03/13,36.9,37.4,36.2,36.5,4092.0,150496.0,-1.084,2.9229,867.0,0.0,0.0,0.0,0.0,21363.0,1730.0,2069.0,2.0,155.0,2.0,37.63,,
1998/03/16,37.2,37.2,36.3,36.6,4783.0,175382.0,0.274,3.4164,819.0,0.0,0.0,0.0,0.0,21748.0,2432.0,2047.0,3.0,158.0,7.0,37.73,,
1998/03/17,36.9,38.0,36.4,36.8,5219.0,194127.0,0.5464,3.7279,1275.0,0.0,0.0,0.0,0.0,22484.0,3300.0,2559.0,31.0,124.0,0.0,37.94,,
1998/03/18,36.8,37.0,35.8,35.9,2532.0,91804.0,-2.4457,1.8086,582.0,0.0,0.0,0.0,0.0,21702.0,1077.0,1859.0,21.0,100.0,0.0,37.01,,
1998/03/19,36.1,36.2,35.5,36.1,2224.0,79645.0,0.5571,1.5886,467.0,0.0,0.0,0.0,0.0,21121.0,439.0,1016.0,9.0,107.0,18.0,37.22,,
1998/03/20,36.2,36.7,35.9,36.5,1809.0,65725.0,1.108,1.2921,478.0,0.0,0.0,0.0,0.0,21172.0,936.0,859.0,20.0,90.0,5.0,37.63,,
1998/03/21,36.7,36.8,36.1,36.6,1529.0,55783.0,0.274,1.0921,354.0,0.0,0.0,0.0,0.0,20532.0,595.0,821.0,7.0,123.0,54.0,37.73,,
1998/03/23,36.7,37.9,36.6,36.9,8850.0,329341.0,0.8197,6.3214,1917.0,1.0,0.0,0.0,0.0,22894.0,4864.0,2492.0,26.0,347.0,260.0,38.04,,
1998/03/24,37.1,37.1,36.2,36.3,1569.0,57498.0,-1.626,1.1207,434.0,0.0,0.0,0.0,0.0,22495.0,750.0,1141.0,8.0,347.0,13.0,37.42,,
1998/03/25,36.5,37.5,36.5,37.0,4060.0,150612.0,1.9284,2.9,866.0,0.0,0.0,0.0,0.0,22716.0,2116.0,1895.0,23.0,164.0,37.0,38.14,,
1998/03/26,37.5,38.5,37.2,37.8,7402.0,279899.0,2.1622,5.2871,1486.0,0.0,0.0,0.0,0.0,23187.0,3795.0,3366.0,1.0,175.0,12.0,38.97,,
1998/03/27,38.3,39.2,37.8,38.0,9303.0,358683.0,0.5291,6.645,1763.0,0.0,0.0,0.0,0.0,23973.0,4956.0,4166.0,16.0,248.0,90.0,39.18,,
1998/03/30,38.5,38.6,37.4,37.6,2379.0,90078.0,-1.0526,1.6993,541.0,0.0,0.0,0.0,0.0,23708.0,1632.0,1897.0,40.0,206.0,5.0,38.76,,
1998/03/31,37.6,38.0,37.4,37.4,2007.0,75696.0,-0.5319,1.4336,466.0,0.0,0.0,0.0,0.0,23519.0,1227.0,1415.0,16.0,201.0,11.0,38.56,,
1998/04/01,37.9,38.2,37.7,37.7,3104.0,117624.0,0.8021,2.2171,592.0,0.0,0.0,0.0,0.0,23564.0,2164.0,2119.0,5.0,299.0,103.0,38.87,,
1998/04/02,38.0,38.0,37.2,37.3,1935.0,72622.0,-1.061,1.3821,437.0,0.0,0.0,0.0,0.0,22970.0,931.0,1515.0,141.0,157.0,6.0,38.45,,
1998/04/03,37.5,38.2,37.2,37.7,3357.0,126582.0,1.0724,2.3979,660.0,0.0,0.0,0.0,0.0,22972.0,2450.0,2451.0,9.0,165.0,17.0,38.87,,
1998/04/04,37.7,38.0,37.3,37.9,2589.0,97432.0,0.5305,1.8493,590.0,5.0,0.0,0.0,0.0,21986.0,1001.0,1988.0,26.0,152.0,13.0,39.07,,
1998/04/07,38.0,38.1,37.1,37.2,1621.0,60930.0,-1.847,1.1579,431.0,0.0,0.0,0.0,0.0,21800.0,921.0,1105.0,22.0,130.0,0.0,38.35,,
1998/04/08,37.2,37.6,37.2,37.3,1162.0,43416.0,0.2688,0.83,345.0,5.0,0.0,0.0,0.0,21716.0,736.0,794.0,0.0,134.0,10.0,38.45,,
1998/04/09,37.6,38.9,36.5,36.5,10066.0,384696.0,-2.1448,7.19,2003.0,1.0,0.0,0.0,0.0,22743.0,5551.0,4523.0,16.0,132.0,14.0,37.63,,
1998/04/10,37.2,37.5,36.6,37.1,4445.0,164726.0,1.6438,3.175,851.0,0.0,0.0,0.0,0.0,23218.0,2415.0,1936.0,36.0,102.0,6.0,38.25,,
1998/04/13,37.2,37.4,36.0,36.0,2009.0,73218.0,-2.965,1.435,540.0,0.0,0.0,0.0,0.0,22611.0,805.0,1412.0,49.0,58.0,5.0,37.11,,
1998/04/14,35.6,36.2,35.4,35.6,1339.0,47803.0,-1.1111,0.9564,308.0,20.0,0.0,0.0,0.0,22073.0,415.0,953.0,3.0,63.0,20.0,36.7,,
1998/04/15,35.9,36.2,34.2,35.0,2318.0,81773.0,-1.6854,1.6557,499.0,0.0,0.0,0.0,0.0,21849.0,927.0,1146.0,6.0,59.0,2.0,36.08,,
1998/04/16,35.3,35.3,34.4,34.7,1126.0,39068.0,-0.8571,0.8043,365.0,0.0,0.0,0.0,0.0,21576.0,548.0,810.0,21.0,40.0,3.0,35.77,,
1998/04/17,34.5,35.2,34.0,34.0,1245.0,42829.0,-2.0173,0.8893,350.0,0.0,0.0,0.0,0.0,21384.0,622.0,795.0,23.0,17.0,0.0,35.05,,
1998/04/18,34.0,34.6,33.4,34.3,899.0,30662.0,0.8824,0.6421,284.0,0.0,0.0,0.0,0.0,21374.0,533.0,543.0,12.0,0.0,0.0,35.36,,
1998/04/20,34.1,34.1,32.6,32.9,782.0,26071.0,-4.0816,0.5586,247.0,0.0,0.0,0.0,0.0,20846.0,0.0,511.0,0.0,0.0,0.0,33.92,,
1998/04/21,33.0,33.2,31.8,31.8,719.0,23288.0,-3.3435,0.5136,250.0,0.0,0.0,0.0,0.0,20304.0,0.0,538.0,0.0,0.0,0.0,32.78,,
1998/04/22,32.5,33.5,32.3,32.9,449.0,14735.0,3.4591,0.3207,198.0,0.0,0.0,0.0,0.0,20088.0,0.0,216.0,0.0,0.0,0.0,33.92,,
1998/04/23,33.2,34.2,33.2,33.5,1160.0,39082.0,1.8237,0.8286,415.0,0.0,0.0,0.0,0.0,20349.0,621.0,360.0,0.0,0.0,0.0,34.54,,
1998/04/24,33.8,34.2,33.2,34.2,587.0,19819.0,2.0896,0.4193,211.0,0.0,0.0,0.0,0.0,20344.0,326.0,331.0,0.0,2.0,2.0,35.26,,
1998/04/27,34.0,34.1,33.0,33.0,431.0,14405.0,-3.5088,0.3079,164.0,0.0,0.0,0.0,0.0,20318.0,291.0,317.0,2.0,4.0,4.0,34.02,,
1998/04/28,32.1,32.7,32.1,32.6,320.0,10366.0,-1.2121,0.2286,136.0,0.0,0.0,0.0,0.0,20264.0,160.0,194.0,4.0,0.0,0.0,33.61,,
1998/04/29,32.7,33.0,32.0,32.7,427.0,13887.0,0.3067,0.305,150.0,0.0,0.0,0.0,0.0,20178.0,186.0,270.0,0.0,2.0,2.0,33.71,,
1998/04/30,32.6,33.1,32.3,32.3,411.0,13509.0,-1.2232,0.2936,167.0,0.0,0.0,0.0,0.0,20172.0,234.0,236.0,0.0,2.0,0.0,33.3,,
1998/05/02,33.0,33.0,32.2,32.2,322.0,10435.0,-0.3096,0.23,146.0,0.0,0.0,0.0,0.0,20183.0,208.0,177.0,2.0,0.0,0.0,33.2,,
1998/05/04,32.4,32.7,32.1,32.4,512.0,16637.0,0.6211,0.3657,182.0,0.0,0.0,0.0,0.0,20139.0,345.0,386.0,0.0,0.0,0.0,33.4,,
1998/05/05,32.7,32.9,32.1,32.5,539.0,17523.0,0.3086,0.385,252.0,0.0,0.0,0.0,0.0,20012.0,293.0,400.0,0.0,1.0,1.0,33.51,,
1998/05/06,32.2,32.5,31.9,32.2,346.0,11119.0,-0.9231,0.2471,131.0,0.0,0.0,0.0,0.0,19874.0,118.0,246.0,1.0,0.0,0.0,33.2,,
1998/05/07,32.4,32.8,32.0,32.4,358.0,11621.0,0.6211,0.2557,150.0,0.0,0.0,0.0,0.0,19851.0,215.0,227.0,0.0,3.0,3.0,33.4,,
1998/05/08,32.5,32.5,32.0,32.5,304.0,9797.0,0.3086,0.2171,134.0,0.0,0.0,0.0,0.0,19861.0,171.0,161.0,0.0,3.0,0.0,33.51,,
1998/05/11,32.5,33.2,32.5,33.1,543.0,17895.0,1.8462,0.3879,199.0,0.0,0.0,0.0,0.0,19844.0,375.0,391.0,0.0,9.0,7.0,34.12,,
1998/05/12,33.3,33.3,32.5,32.5,288.0,9471.0,-1.8127,0.2057,111.0,0.0,0.0,0.0,0.0,19797.0,161.0,203.0,2.0,7.0,0.0,33.51,,
1998/05/13,32.7,32.8,32.0,32.0,370.0,11982.0,-1.5385,0.2643,146.0,0.0,0.0,0.0,0.0,19763.0,240.0,254.0,2.0,6.0,1.0,32.99,,
1998/05/14,32.4,32.4,32.0,32.0,751.0,24145.0,0.0,0.5364,217.0,0.0,0.0,0.0,0.0,19830.0,393.0,321.0,6.0,4.0,4.0,32.99,,
1998/05/15,32.0,32.0,30.1,30.4,492.0,15298.0,-5.0,0.3514,190.0,0.0,0.0,0.0,0.0,19791.0,326.0,345.0,0.0,35.0,31.0,31.34,,
1998/05/16,30.0,30.2,29.5,29.5,818.0,24254.0,-2.9605,0.5843,246.0,3.0,0.0,0.0,0.0,19676.0,405.0,504.0,19.0,48.0,32.0,30.41,,
1998/05/18,29.5,30.5,29.3,30.5,393.0,11753.0,3.3898,0.2807,149.0,0.0,0.0,0.0,0.0,19512.0,114.0,272.0,13.0,38.0,3.0,31.44,,
1998/05/19,30.7,30.7,30.4,30.6,396.0,12102.0,0.3279,0.2829,141.0,-1.0,0.0,0.0,0.0,19307.0,47.0,194.0,11.0,34.0,7.0,31.55,,
1998/05/20,30.7,31.5,30.5,31.3,608.0,18943.0,2.2876,0.4343,187.0,0.0,0.0,0.0,0.0,19371.0,400.0,324.0,2.0,52.0,20.0,32.27,,
1998/05/21,31.3,31.7,31.3,31.5,455.0,14338.0,0.639,0.325,147.0,0.0,0.0,0.0,0.0,19193.0,220.0,323.0,7.0,50.0,5.0,32.47,,
1998/05/22,31.6,31.6,31.0,31.4,460.0,14456.0,-0.3175,0.3286,145.0,0.0,0.0,0.0,0.0,19272.0,233.0,154.0,5.0,45.0,0.0,32.37,,
1998/05/25,31.6,31.9,31.3,31.9,524.0,16594.0,1.5924,0.3743,195.0,0.0,0.0,0.0,0.0,19130.0,198.0,288.0,0.0,51.0,6.0,32.89,,
1998/05/26,31.9,32.5,31.2,31.2,1152.0,36818.0,-2.1944,0.8229,364.0,1.0,0.0,0.0,0.0,19106.0,526.0,536.0,39.0,19.0,7.0,32.16,,
1998/05/27,29.6,30.9,29.6,30.5,564.0,17026.0,-2.2436,0.4029,193.0,12.0,0.0,0.0,0.0,19041.0,225.0,280.0,6.0,95.0,92.0,31.44,,
1998/05/28,30.3,30.8,30.0,30.5,310.0,9416.0,0.0,0.2214,117.0,0.0,0.0,0.0,0.0,18990.0,118.0,165.0,10.0,88.0,3.0,31.44,,
1998/05/29,30.0,30.6,29.6,29.7,357.0,10727.0,-2.623,0.255,138.0,0.0,0.0,0.0,0.0,18899.0,141.0,227.0,31.0,57.0,0.0,30.62,,
1998/06/01,29.7,30.3,28.5,28.9,506.0,14708.0,-2.6936,0.3614,177.0,0.0,0.0,0.0,0.0,18616.0,109.0,386.0,45.0,13.0,1.0,27.01,,
1998/06/02,29.0,29.5,28.8,29.0,471.0,13662.0,0.346,0.3364,148.0,0.0,0.0,0.0,0.0,18479.0,90.0,227.0,6.0,31.0,24.0,27.1,,
1998/06/03,29.1,29.4,29.0,29.3,269.0,7851.0,1.0345,0.1921,102.0,0.0,0.0,0.0,0.0,18429.0,160.0,189.0,19.0,15.0,3.0,27.38,,
1998/06/04,29.2,29.2,28.4,28.8,805.0,23158.0,-1.7065,0.575,181.0,0.0,0.0,0.0,0.0,17891.0,228.0,579.0,6.0,13.0,4.0,26.92,,
1998/06/05,28.5,29.5,28.5,29.0,349.0,10127.0,0.6944,0.2493,131.0,0.0,0.0,0.0,0.0,17954.0,182.0,107.0,0.0,13.0,0.0,27.1,,
1998/06/06,29.2,29.8,28.6,29.4,1376.0,40246.0,1.3793,0.9829,302.0,0.0,0.0,0.0,0.0,17993.0,740.0,700.0,0.0,13.0,0.0,27.48,,
1998/06/08,29.6,29.6,29.1,29.1,298.0,8715.0,-1.0204,0.2129,107.0,0.0,0.0,0.0,0.0,17998.0,183.0,178.0,3.0,11.0,1.0,27.2,,
1998/06/09,28.9,29.2,28.4,28.5,251.0,7174.0,-2.0619,0.1793,100.0,0.0,0.0,0.0,0.0,17899.0,93.0,187.0,1.0,10.0,0.0,26.64,,
1998/06/10,28.8,28.8,27.7,27.7,600.0,16858.0,-2.807,0.4286,152.0,0.0,0.0,0.0,0.0,17790.0,241.0,348.0,0.0,15.0,5.0,25.89,,
1998/06/11,27.4,27.6,27.1,27.1,483.0,13194.0,-2.1661,0.345,127.0,0.0,0.0,0.0,0.0,17721.0,257.0,321.0,4.0,31.0,20.0,25.33,,
1998/06/12,26.7,27.1,26.5,26.5,305.0,8153.0,-2.214,0.2179,109.0,0.0,0.0,0.0,0.0,17723.0,148.0,130.0,1.0,30.0,0.0,24.77,,
1998/06/15,26.6,27.0,26.6,26.7,262.0,7052.0,0.7547,0.1871,81.0,0.0,0.0,0.0,0.0,17587.0,138.0,191.0,0.0,30.0,0.0,24.95,,
1998/06/16,26.7,28.5,26.6,28.5,674.0,18693.0,6.7416,0.4814,253.0,0.0,0.0,0.0,0.0,17665.0,476.0,348.0,0.0,32.0,2.0,26.64,,
1998/06/17,29.2,29.4,28.1,28.7,812.0,23476.0,0.7018,0.58,278.0,0.0,0.0,0.0,0.0,17681.0,476.0,460.0,10.0,22.0,0.0,26.82,,
1998/06/18,29.5,29.5,29.0,29.5,603.0,17651.0,2.7875,0.4307,232.0,0.0,0.0,0.0,0.0,17656.0,313.0,332.0,0.0,22.0,0.0,27.57,,
1998/06/19,29.2,29.4,28.5,28.9,550.0,15872.0,-2.0339,0.3929,199.0,-1.0,0.0,0.0,0.0,17716.0,332.0,272.0,1.0,22.0,1.0,27.01,,
1998/06/20,28.5,29.5,28.5,28.6,729.0,21145.0,-1.0381,0.5207,206.0,0.0,0.0,0.0,0.0,17728.0,417.0,377.0,2.0,20.0,0.0,26.73,,
1998/06/22,29.4,30.6,29.1,30.6,1572.0,47404.0,6.993,1.1229,378.0,0.0,0.0,0.0,0.0,18102.0,1168.0,792.0,0.0,44.0,24.0,28.6,,
1998/06/23,31.0,31.3,29.6,29.7,1365.0,41262.0,-2.9412,0.975,399.0,0.0,0.0,0.0,0.0,18156.0,783.0,672.0,6.0,48.0,14.0,27.76,,
1998/06/24,30.0,30.6,29.8,30.1,1172.0,35386.0,1.3468,0.8371,322.0,0.0,0.0,0.0,0.0,18289.0,653.0,525.0,5.0,56.0,13.0,28.13,,
1998/06/25,30.6,30.8,29.5,29.6,830.0,25075.0,-1.6611,0.5929,249.0,0.0,0.0,0.0,0.0,18406.0,592.0,461.0,5.0,61.0,10.0,27.66,,
1998/06/26,29.7,30.5,29.3,29.8,1092.0,32839.0,0.6757,0.78,329.0,0.0,0.0,0.0,0.0,18241.0,660.0,790.0,9.0,57.0,8.0,27.85,,
1998/06/29,29.5,29.7,29.1,29.3,441.0,12933.0,-1.6779,0.315,152.0,0.0,0.0,0.0,0.0,18164.0,261.0,339.0,8.0,51.0,2.0,27.38,,
1998/06/30,29.3,29.6,28.5,28.7,482.0,13923.0,-2.0478,0.3443,174.0,0.0,0.0,0.0,0.0,18166.0,256.0,250.0,15.0,48.0,12.0,26.82,,
1998/07/02,28.9,29.7,28.9,29.7,407.0,11965.0,3.4843,0.2907,162.0,0.0,0.0,0.0,0.0,18146.0,239.0,249.0,4.0,44.0,0.0,27.76,,
1998/07/03,29.8,30.2,29.2,29.2,529.0,15777.0,-1.6835,0.3779,211.0,0.0,0.0,0.0,0.0,18099.0,258.0,305.0,10.0,35.0,1.0,27.29,,
1998/07/04,29.8,30.3,29.2,30.2,1157.0,34406.0,3.4247,0.8264,327.0,0.0,0.0,0.0,0.0,18414.0,630.0,336.0,10.0,27.0,2.0,28.22,,
1998/07/06,30.2,30.2,29.7,29.7,595.0,17805.0,-1.6556,0.425,180.0,0.0,0.0,0.0,0.0,18502.0,388.0,314.0,1.0,26.0,0.0,27.76,,
1998/07/07,30.0,30.0,29.4,29.6,296.0,8810.0,-0.3367,0.2114,124.0,0.0,0.0,0.0,0.0,18469.0,169.0,202.0,0.0,25.0,0.0,27.66,,
1998/07/08,29.4,30.4,29.4,30.2,574.0,17224.0,2.027,0.41,231.0,0.0,0.0,0.0,0.0,18401.0,306.0,370.0,0.0,25.0,0.0,28.22,,
1998/07/09,30.5,31.5,30.3,30.6,1863.0,57511.0,1.3245,1.3307,557.0,0.0,0.0,0.0,0.0,18188.0,998.0,1190.0,5.0,25.0,5.0,28.6,,
1998/07/10,30.8,30.8,30.0,30.2,418.0,12655.0,-1.3072,0.2986,157.0,0.0,0.0,0.0,0.0,18172.0,225.0,217.0,0.0,26.0,5.0,28.22,,
1998/07/13,30.4,30.8,30.1,30.6,670.0,20429.0,1.3245,0.4786,240.0,0.0,0.0,0.0,0.0,18172.0,342.0,342.0,5.0,31.0,10.0,28.6,,
1998/07/14,31.1,32.1,31.1,31.8,2877.0,91025.0,3.9216,2.055,777.0,0.0,0.0,0.0,0.0,18701.0,1858.0,1324.0,15.0,20.0,4.0,29.72,,
1998/07/15,32.2,32.8,31.8,32.5,3819.0,123537.0,2.2013,2.7279,1014.0,0.0,0.0,0.0,0.0,19065.0,2275.0,1911.0,0.0,27.0,7.0,30.37,,
1998/07/16,32.6,33.2,32.0,32.0,2862.0,93677.0,-1.5385,2.0443,769.0,-1.0,0.0,0.0,0.0,19075.0,1717.0,1705.0,7.0,32.0,14.0,29.91,,
1998/07/17,32.5,32.7,32.0,32.6,2324.0,75065.0,1.875,1.66,607.0,0.0,0.0,0.0,0.0,19434.0,1533.0,1126.0,4.0,38.0,10.0,30.47,,
1998/07/18,33.0,33.2,32.2,32.3,2297.0,75467.0,-0.9202,1.6407,593.0,-2.0,0.0,0.0,0.0,19513.0,1645.0,1573.0,18.0,20.0,0.0,30.19,,
1998/07/20,32.3,33.7,32.3,33.3,2105.0,69813.0,3.096,1.5036,564.0,0.0,0.0,0.0,0.0,19838.0,1428.0,1096.0,12.0,0.0,0.0,31.12,,
1998/07/21,33.3,33.3,32.6,32.6,864.0,28391.0,-2.1021,0.6171,275.0,0.0,0.0,0.0,0.0,19242.0,0.0,592.0,0.0,0.0,0.0,30.47,,
1998/07/22,32.3,32.5,31.5,32.5,1725.0,55032.0,-0.3067,1.2321,321.0,-1.0,0.0,0.0,0.0,18498.0,0.0,634.0,0.0,0.0,0.0,30.37,,
1998/07/23,32.7,33.5,32.5,33.5,5744.0,190186.0,3.0769,4.1029,1168.0,-12.0,0.0,0.0,0.0,15691.0,0.0,2756.0,0.0,0.0,0.0,31.31,,
1998/07/24,28.7,28.9,27.7,28.1,5361.0,152831.0,-1.0209,3.2452,1257.0,0.0,0.0,0.0,0.0,18266.0,2863.0,288.0,0.0,232.0,232.0,26.26,,
1998/07/27,28.4,28.6,28.1,28.2,2491.0,70556.0,0.3559,1.5079,529.0,0.0,0.0,0.0,0.0,19011.0,1644.0,899.0,1.0,242.0,11.0,30.99,,
1998/07/28,28.3,28.5,27.0,27.0,1050.0,29188.0,-4.2553,0.6356,396.0,0.0,0.0,0.0,0.0,18980.0,567.0,584.0,16.0,232.0,6.0,29.67,,
1998/07/29,26.6,27.0,25.5,26.0,1513.0,39721.0,-3.7037,0.9159,414.0,0.0,0.0,0.0,0.0,18719.0,762.0,1020.0,0.0,243.0,11.0,28.57,,
1998/07/30,26.0,26.4,25.5,25.5,1054.0,27124.0,-1.9231,0.638,314.0,0.0,0.0,0.0,0.0,18221.0,430.0,799.0,1.0,262.0,22.0,28.02,,
1998/07/31,25.8,26.1,25.5,25.6,543.0,13962.0,0.3922,0.3287,209.0,0.0,0.0,0.0,0.0,18195.0,356.0,354.0,2.0,275.0,15.0,28.13,,
1998/08/01,25.6,25.6,25.3,25.4,392.0,9956.0,-0.7813,0.2373,124.0,0.0,0.0,0.0,0.0,18081.0,197.0,276.0,0.0,275.0,0.0,27.91,,
1998/08/03,25.8,25.8,25.0,25.1,517.0,13122.0,-1.1811,0.313,128.0,0.0,0.0,0.0,0.0,18035.0,279.0,320.0,0.0,335.0,60.0,27.58,,
1998/08/04,25.0,25.8,25.0,25.7,594.0,15068.0,2.3904,0.3596,189.0,0.0,0.0,0.0,0.0,17818.0,240.0,428.0,12.0,322.0,28.0,28.24,,
1998/08/05,25.5,25.5,24.6,24.7,1427.0,35764.0,-3.8911,0.8638,277.0,0.0,0.0,0.0,0.0,18238.0,741.0,317.0,26.0,320.0,24.0,27.14,,
1998/08/06,24.7,25.1,24.7,25.0,432.0,10753.0,1.2146,0.2615,123.0,0.0,0.0,0.0,0.0,18143.0,223.0,307.0,11.0,332.0,25.0,27.47,,
1998/08/07,25.1,25.2,24.8,25.2,345.0,8649.0,0.8,0.2088,109.0,0.0,0.0,0.0,0.0,18164.0,150.0,125.0,10.0,322.0,0.0,27.69,,
1998/08/10,25.0,25.0,24.7,24.7,461.0,11460.0,-1.9841,0.2791,102.0,0.0,0.0,0.0,0.0,18278.0,343.0,220.0,0.0,335.0,13.0,27.14,,
1998/08/11,24.8,25.0,24.5,24.5,175.0,4339.0,-0.8097,0.1059,66.0,0.0,0.0,0.0,0.0,18293.0,130.0,100.0,4.0,331.0,0.0,26.92,,
1998/08/12,24.5,24.7,24.2,24.2,251.0,6151.0,-1.2245,0.1519,90.0,0.0,0.0,0.0,0.0,18289.0,141.0,114.0,0.0,332.0,1.0,26.59,,
1998/08/13,24.5,24.8,24.5,24.6,274.0,6722.0,1.6529,0.1659,108.0,0.0,0.0,0.0,0.0,18177.0,107.0,208.0,0.0,333.0,1.0,27.03,,
1998/08/14,24.7,24.7,24.0,24.4,268.0,6489.0,-0.813,0.1622,111.0,0.0,0.0,0.0,0.0,18189.0,144.0,132.0,5.0,328.0,0.0,26.81,,
1998/08/15,24.6,24.7,24.2,24.5,357.0,8706.0,0.4098,0.2161,111.0,0.0,0.0,0.0,0.0,18122.0,155.0,220.0,0.0,328.0,0.0,26.92,,
1998/08/17,24.2,24.4,23.8,24.0,314.0,7558.0,-2.0408,0.1901,102.0,0.0,0.0,0.0,0.0,17881.0,71.0,227.0,1.0,328.0,1.0,26.37,,
1998/08/18,24.0,24.1,23.4,23.6,327.0,7744.0,-1.6667,0.1979,108.0,0.0,0.0,0.0,0.0,17794.0,110.0,186.0,0.0,337.0,9.0,25.93,,
1998/08/19,23.8,24.1,23.8,24.0,374.0,8947.0,1.6949,0.2264,117.0,0.0,0.0,0.0,0.0,17697.0,190.0,269.0,4.0,333.0,0.0,26.37,,
1998/08/20,24.5,25.0,24.2,24.6,994.0,24531.0,2.5,0.6017,326.0,0.0,0.0,0.0,0.0,17701.0,592.0,576.0,10.0,371.0,48.0,27.03,,
1998/08/21,24.9,24.9,24.1,24.4,226.0,5513.0,-0.813,0.1368,101.0,0.0,0.0,0.0,0.0,17649.0,114.0,113.0,21.0,350.0,0.0,26.81,,
1998/08/24,23.5,23.7,22.7,23.3,557.0,13057.0,-4.5082,0.3372,167.0,-3.0,0.0,0.0,0.0,17471.0,152.0,309.0,9.0,366.0,25.0,25.6,,
1998/08/25,23.3,23.3,22.1,22.5,539.0,12079.0,-3.4335,0.3263,165.0,0.0,0.0,0.0,0.0,17221.0,160.0,388.0,50.0,356.0,40.0,24.73,,
1998/08/26,22.9,23.0,22.1,22.1,508.0,11454.0,-1.7778,0.3075,171.0,0.0,0.0,0.0,0.0,17067.0,200.0,347.0,0.0,378.0,22.0,24.29,,
1998/08/27,21.8,21.8,20.6,21.4,1711.0,35605.0,-3.1674,1.0357,486.0,0.0,0.0,0.0,0.0,16503.0,667.0,1133.0,53.0,345.0,20.0,23.52,,
1998/08/28,20.0,20.7,20.0,20.3,794.0,16193.0,-5.1402,0.4806,218.0,0.0,0.0,0.0,0.0,16193.0,449.0,536.0,2.0,382.0,39.0,22.31,,
1998/08/29,20.4,21.0,20.4,20.5,576.0,11876.0,0.9852,0.3487,185.0,0.0,0.0,0.0,0.0,16212.0,420.0,351.0,1.0,401.0,29.0,22.53,,
1998/08/31,20.6,20.8,19.5,19.5,695.0,13830.0,-4.878,0.4207,197.0,0.0,0.0,0.0,0.0,15647.0,273.0,520.0,6.0,424.0,29.0,21.43,,
1998/09/01,18.6,19.4,18.6,19.0,1324.0,24989.0,-2.5641,0.8015,260.0,286.0,0.0,0.0,0.0,15121.0,513.0,963.0,39.0,396.0,11.0,19.0,,
1998/09/02,19.5,20.3,19.3,20.3,1019.0,20374.0,6.8421,0.6168,206.0,0.0,0.0,0.0,0.0,14797.0,512.0,801.0,10.0,430.0,44.0,20.3,,
1998/09/03,20.0,20.1,19.8,20.1,793.0,15826.0,-0.9852,0.48,186.0,0.0,0.0,0.0,0.0,14900.0,613.0,446.0,1.0,451.0,32.0,20.1,,
1998/09/04,20.3,21.4,20.3,21.3,1449.0,30297.0,5.9701,0.8771,328.0,-240.0,0.0,0.0,0.0,14816.0,721.0,742.0,66.0,400.0,55.0,21.3,,
1998/09/05,21.3,22.1,21.0,21.8,2189.0,47321.0,2.3474,1.3251,474.0,-46.0,0.0,0.0,0.0,15005.0,993.0,793.0,17.0,383.0,11.0,21.8,,
1998/09/07,21.8,21.8,20.6,21.2,917.0,19419.0,-2.7523,0.5551,243.0,0.0,0.0,0.0,0.0,15072.0,570.0,496.0,1.0,382.0,0.0,21.2,,
1998/09/08,21.3,21.9,21.3,21.3,3697.0,79254.0,0.4717,2.2379,623.0,-187.0,0.0,0.0,0.0,16307.0,1930.0,640.0,0.0,385.0,33.0,21.3,,
1998/09/09,21.5,21.7,21.0,21.1,2317.0,49224.0,-0.939,1.4025,471.0,5.0,0.0,0.0,0.0,17077.0,1541.0,767.0,4.0,384.0,3.0,21.1,,
1998/09/10,20.9,21.0,20.5,20.5,686.0,14194.0,-2.8436,0.4153,201.0,0.0,0.0,0.0,0.0,17165.0,455.0,363.0,0.0,384.0,0.0,20.5,,
1998/09/11,20.7,21.2,20.5,21.0,803.0,16725.0,2.439,0.4861,228.0,0.0,0.0,0.0,0.0,17007.0,445.0,562.0,0.0,436.0,52.0,21.0,,
1998/09/14,21.3,22.2,21.0,22.2,2939.0,63956.0,5.7143,1.7791,684.0,0.0,0.0,0.0,0.0,17283.0,1727.0,1531.0,5.0,451.0,20.0,22.2,,
1998/09/15,22.6,23.4,22.6,22.7,7051.0,161246.0,2.2523,4.2682,1305.0,0.0,0.0,0.0,0.0,17912.0,3742.0,2851.0,38.0,571.0,149.0,22.7,,
1998/09/16,22.5,22.7,22.1,22.7,1657.0,37191.0,0.0,1.003,384.0,0.0,0.0,0.0,0.0,17698.0,884.0,1081.0,88.0,499.0,25.0,22.7,,
1998/09/17,23.0,23.3,22.7,22.7,1492.0,34275.0,0.0,0.9031,384.0,0.0,0.0,0.0,0.0,17892.0,1092.0,891.0,5.0,497.0,3.0,22.7,,
1998/09/18,22.3,22.7,22.2,22.5,838.0,18828.0,-0.8811,0.5073,195.0,0.0,0.0,0.0,0.0,17743.0,330.0,472.0,6.0,489.0,0.0,22.5,,
1998/09/19,22.7,23.3,22.6,23.2,2066.0,47520.0,3.1111,1.2506,425.0,0.0,0.0,0.0,0.0,17853.0,1224.0,1101.0,10.0,503.0,25.0,23.2,,
1998/09/21,23.5,23.5,21.8,21.8,1865.0,42302.0,-6.0345,1.1289,412.0,0.0,0.0,0.0,0.0,17579.0,1234.0,1484.0,11.0,494.0,2.0,21.8,,
1998/09/22,21.8,22.3,21.5,21.9,753.0,16475.0,0.4587,0.4558,245.0,0.0,0.0,0.0,0.0,17377.0,355.0,546.0,16.0,518.0,40.0,21.9,,
1998/09/23,21.9,22.1,21.7,21.7,334.0,7313.0,-0.9132,0.2022,117.0,0.0,0.0,0.0,0.0,17327.0,204.0,244.0,29.0,504.0,15.0,21.7,,
1998/09/24,21.9,22.0,21.1,21.3,1394.0,29872.0,-1.8433,0.8438,378.0,0.0,0.0,0.0,0.0,17753.0,683.0,252.0,56.0,361.0,0.0,21.3,,
1998/09/25,21.3,21.3,20.8,21.1,647.0,13586.0,-0.939,0.3916,249.0,0.0,0.0,0.0,0.0,17850.0,333.0,237.0,36.0,259.0,2.0,21.1,,
1998/09/28,21.1,21.3,20.9,21.1,379.0,7992.0,0.0,0.2294,155.0,0.0,0.0,0.0,0.0,17855.0,120.0,107.0,5.0,153.0,0.0,21.1,,
1998/09/29,21.3,21.5,20.9,21.1,834.0,17721.0,0.0,0.5048,264.0,0.0,0.0,0.0,0.0,18021.0,490.0,312.0,7.0,142.0,0.0,21.1,,
1998/09/30,21.2,21.2,20.8,20.9,435.0,9130.0,-0.9479,0.2633,138.0,0.0,0.0,0.0,0.0,18060.0,203.0,154.0,27.0,114.0,2.0,20.9,,
1998/10/01,20.5,20.8,20.4,20.4,364.0,7491.0,-2.3923,0.2203,144.0,0.0,0.0,0.0,0.0,18095.0,223.0,180.0,10.0,83.0,0.0,20.4,,
1998/10/02,20.1,20.1,19.3,19.5,830.0,16171.0,-4.4118,0.5024,245.0,0.0,0.0,0.0,0.0,18093.0,522.0,498.0,5.0,71.0,0.0,19.5,,
1998/10/03,19.5,20.4,19.5,20.3,525.0,10492.0,4.1026,0.3178,180.0,0.0,0.0,0.0,0.0,18144.0,327.0,251.0,0.0,71.0,0.0,20.3,,
1998/10/06,19.6,20.3,19.6,20.3,393.0,7870.0,0.0,0.2379,127.0,0.0,0.0,0.0,0.0,18185.0,206.0,162.0,0.0,71.0,0.0,20.3,,
1998/10/07,20.4,21.3,20.4,21.3,472.0,9707.0,4.9261,0.2857,159.0,0.0,0.0,0.0,0.0,18193.0,283.0,275.0,18.0,46.0,2.0,21.3,,
1998/10/08,21.3,22.3,21.2,21.8,1436.0,31147.0,2.3474,0.8692,429.0,0.0,0.0,0.0,0.0,18075.0,702.0,807.0,0.0,45.0,1.0,21.8,,
1998/10/09,21.8,21.8,21.0,21.5,563.0,12068.0,-1.3761,0.3408,209.0,0.0,0.0,0.0,0.0,18178.0,422.0,319.0,0.0,45.0,0.0,21.5,,
1998/10/12,21.6,21.8,21.0,21.0,545.0,11708.0,-2.3256,0.3299,180.0,0.0,0.0,0.0,0.0,18293.0,392.0,277.0,1.0,44.0,0.0,21.0,,
1998/10/13,21.2,21.4,21.1,21.2,613.0,13015.0,0.9524,0.3711,198.0,0.0,0.0,0.0,0.0,18409.0,349.0,173.0,0.0,45.0,10.0,21.2,,
1998/10/14,21.2,21.3,21.0,21.2,494.0,10459.0,0.0,0.299,143.0,0.0,0.0,0.0,0.0,18619.0,354.0,123.0,0.0,45.0,0.0,21.2,,
1998/10/15,21.3,21.4,20.8,20.8,418.0,8833.0,-1.8868,0.253,128.0,0.0,0.0,0.0,0.0,18661.0,260.0,204.0,5.0,40.0,0.0,20.8,,
1998/10/17,21.0,21.6,21.0,21.4,864.0,18466.0,2.8846,0.523,268.0,0.0,0.0,0.0,0.0,18780.0,558.0,431.0,0.0,42.0,2.0,21.4,,
1998/10/19,21.5,21.6,21.1,21.1,383.0,8187.0,-1.4019,0.2318,111.0,0.0,0.0,0.0,0.0,18893.0,328.0,214.0,0.0,37.0,0.0,21.1,,
1998/10/20,21.4,21.4,21.1,21.1,226.0,4776.0,0.0,0.1368,106.0,0.0,0.0,0.0,0.0,18853.0,124.0,159.0,0.0,37.0,0.0,21.1,,
1998/10/21,21.1,21.6,21.1,21.5,628.0,13460.0,1.8957,0.3801,156.0,0.0,0.0,0.0,0.0,19001.0,423.0,272.0,9.0,28.0,0.0,21.5,,
1998/10/22,21.8,21.8,21.3,21.4,573.0,12354.0,-0.4651,0.3469,160.0,0.0,0.0,0.0,0.0,19112.0,395.0,284.0,4.0,24.0,0.0,21.4,,
1998/10/23,21.5,21.5,21.2,21.4,569.0,12153.0,0.0,0.3444,187.0,0.0,0.0,0.0,0.0,19141.0,360.0,326.0,5.0,19.0,0.0,21.4,,
1998/10/26,21.6,21.6,21.1,21.3,464.0,9888.0,-0.4673,0.2809,131.0,0.0,0.0,0.0,0.0,19239.0,335.0,232.0,0.0,19.0,0.0,21.3,,
1998/10/27,20.4,21.3,20.4,21.1,378.0,7925.0,-0.939,0.2288,160.0,0.0,0.0,0.0,0.0,19233.0,228.0,234.0,0.0,19.0,0.0,21.1,,
1998/10/28,21.1,21.1,20.6,20.7,296.0,6163.0,-1.8957,0.1792,115.0,0.0,0.0,0.0,0.0,19273.0,130.0,90.0,0.0,14.0,0.0,20.7,,
1998/10/29,20.5,21.0,20.5,20.9,320.0,6621.0,0.9662,0.1937,116.0,0.0,0.0,0.0,0.0,19245.0,134.0,162.0,0.0,14.0,0.0,20.9,,
1998/10/30,21.0,21.5,20.8,21.5,622.0,13112.0,2.8708,0.3765,188.0,0.0,0.0,0.0,0.0,19338.0,361.0,268.0,0.0,15.0,1.0,21.5,,
1998/10/31,21.7,21.8,21.3,21.8,1752.0,37861.0,1.3953,1.0605,378.0,0.0,0.0,0.0,0.0,19863.0,1375.0,850.0,0.0,27.0,12.0,21.8,,
1998/11/02,21.9,22.5,21.9,22.2,4531.0,100641.0,1.8349,2.7427,780.0,0.0,0.0,0.0,0.0,19808.0,2585.0,2636.0,1.0,28.0,4.0,22.2,,
1998/11/03,22.0,22.0,21.3,21.6,1164.0,25237.0,-2.7027,0.7046,273.0,0.0,0.0,0.0,0.0,20039.0,810.0,579.0,4.0,24.0,0.0,21.6,,
1998/11/04,21.6,21.6,20.7,21.3,834.0,17502.0,-1.3889,0.5048,205.0,0.0,0.0,0.0,0.0,19853.0,430.0,556.0,10.0,14.0,0.0,21.3,,
1998/11/05,21.0,21.3,20.7,21.3,459.0,9655.0,0.0,0.2778,153.0,0.0,0.0,0.0,0.0,19828.0,277.0,293.0,0.0,14.0,0.0,21.3,,
1998/11/06,21.3,21.3,20.8,21.1,323.0,6787.0,-0.939,0.1955,112.0,0.0,0.0,0.0,0.0,19849.0,163.0,133.0,0.0,14.0,0.0,21.1,,
1998/11/07,20.9,21.5,20.9,21.5,583.0,12399.0,1.8957,0.3529,137.0,0.0,0.0,0.0,0.0,19925.0,417.0,325.0,0.0,14.0,0.0,21.5,,
1998/11/09,21.4,21.4,21.0,21.2,347.0,7348.0,-1.3953,0.21,108.0,0.0,0.0,0.0,0.0,20043.0,212.0,94.0,0.0,14.0,0.0,21.2,,
1998/11/10,21.1,21.1,20.6,20.6,548.0,11394.0,-2.8302,0.3317,155.0,0.0,0.0,0.0,0.0,20023.0,263.0,283.0,0.0,14.0,0.0,20.6,,
1998/11/11,20.5,20.5,19.5,19.8,879.0,17572.0,-3.8835,0.5321,207.0,0.0,0.0,0.0,0.0,20246.0,605.0,382.0,0.0,14.0,0.0,19.8,,
1998/11/13,20.2,20.4,20.0,20.2,524.0,10596.0,2.0202,0.3172,160.0,0.0,0.0,0.0,0.0,20163.0,308.0,390.0,0.0,14.0,0.0,20.2,,
1998/11/16,20.3,21.0,20.3,21.0,516.0,10654.0,3.9604,0.3123,161.0,0.0,0.0,0.0,0.0,20202.0,343.0,304.0,0.0,14.0,0.0,21.0,,
1998/11/17,21.2,21.4,20.8,21.0,734.0,15488.0,0.0,0.4443,231.0,0.0,0.0,0.0,0.0,20325.0,457.0,334.0,10.0,4.0,0.0,21.0,,
1998/11/18,21.2,21.2,20.5,20.8,459.0,9560.0,-0.9524,0.2778,161.0,0.0,0.0,0.0,0.0,20190.0,222.0,352.0,0.0,4.0,0.0,20.8,,
1998/11/19,21.0,22.2,21.0,22.2,2499.0,54509.0,6.7308,1.5127,610.0,0.0,0.0,0.0,0.0,20986.0,1763.0,963.0,0.0,4.0,0.0,22.2,,
1998/11/20,23.3,23.7,22.5,23.2,11497.0,267879.0,4.5045,6.9594,2200.0,-1.0,0.0,0.0,0.0,22892.0,6173.0,4250.0,0.0,290.0,286.0,23.2,,
1998/11/21,23.0,23.0,22.2,22.5,2300.0,51889.0,-3.0172,1.3923,594.0,0.0,0.0,0.0,0.0,23112.0,1563.0,1323.0,162.0,128.0,0.0,22.5,,
1998/11/23,22.2,22.5,22.0,22.1,1361.0,30175.0,-1.7778,0.8238,292.0,0.0,0.0,0.0,0.0,22901.0,631.0,837.0,106.0,9.0,0.0,22.1,,
1998/11/24,22.3,22.7,22.2,22.4,1928.0,43362.0,1.3575,1.1671,469.0,0.0,0.0,0.0,0.0,23159.0,1232.0,974.0,3.0,6.0,0.0,22.4,,
1998/11/25,20.9,21.7,20.9,21.1,954.0,20259.0,-5.8036,0.5775,292.0,0.0,0.0,0.0,0.0,23098.0,583.0,643.0,1.0,5.0,0.0,21.1,,
1998/11/26,21.1,22.2,21.1,22.0,1069.0,23188.0,4.2654,0.6471,268.0,0.0,0.0,0.0,0.0,23156.0,696.0,637.0,0.0,5.0,0.0,22.0,,
1998/11/27,22.3,22.5,21.6,21.6,841.0,18491.0,-1.8182,0.5091,242.0,0.0,0.0,0.0,0.0,23036.0,444.0,564.0,0.0,6.0,1.0,21.6,,
1998/11/30,21.6,21.6,21.2,21.4,457.0,9802.0,-0.9259,0.2766,131.0,0.0,0.0,0.0,0.0,22954.0,269.0,351.0,1.0,5.0,0.0,25.18,,
1998/12/01,21.2,21.2,20.7,20.7,885.0,18468.0,-3.271,0.5357,241.0,0.0,0.0,0.0,0.0,22906.0,465.0,508.0,0.0,5.0,0.0,24.35,,
1998/12/02,20.7,21.2,20.7,21.0,854.0,17913.0,1.4493,0.5169,239.0,0.0,0.0,0.0,0.0,22665.0,478.0,193.0,0.0,6.0,1.0,24.71,,
1998/12/03,21.0,21.0,20.7,20.8,336.0,7022.0,-0.9524,0.2034,114.0,0.0,0.0,0.0,0.0,22744.0,187.0,106.0,1.0,5.0,0.0,24.47,,
1998/12/04,20.8,21.9,20.8,21.6,1584.0,34110.0,3.8462,0.9588,410.0,0.0,0.0,0.0,0.0,23055.0,910.0,599.0,1.0,10.0,6.0,25.41,,
1998/12/07,22.2,22.6,21.8,22.3,2134.0,47676.0,3.2407,1.2918,543.0,0.0,0.0,0.0,0.0,23330.0,1330.0,959.0,0.0,15.0,5.0,26.24,,
1998/12/08,22.5,22.5,21.8,22.0,595.0,13108.0,-1.3453,0.3602,198.0,0.0,0.0,0.0,0.0,23294.0,335.0,385.0,5.0,10.0,0.0,25.88,,
1998/12/09,21.1,21.9,21.1,21.5,316.0,6790.0,-2.2727,0.1913,129.0,0.0,0.0,0.0,0.0,23290.0,210.0,218.0,0.0,10.0,0.0,25.29,,
1998/12/10,21.5,21.8,21.1,21.1,379.0,8092.0,-1.8605,0.2294,154.0,0.0,0.0,0.0,0.0,23277.0,266.0,274.0,6.0,4.0,0.0,24.82,,
1998/12/11,21.4,21.4,20.9,21.1,582.0,12264.0,0.0,0.3523,157.0,0.0,0.0,0.0,0.0,23178.0,462.0,496.0,0.0,4.0,0.0,24.82,,
1998/12/14,21.3,21.7,21.2,21.2,211.0,4497.0,0.4739,0.1277,73.0,0.0,0.0,0.0,0.0,23205.0,172.0,145.0,0.0,4.0,0.0,24.94,,
1998/12/15,21.3,21.7,21.0,21.5,449.0,9565.0,1.4151,0.2718,149.0,0.0,0.0,0.0,0.0,23179.0,284.0,296.0,0.0,7.0,3.0,25.29,,
1998/12/16,21.5,21.6,21.1,21.1,413.0,8827.0,-1.8605,0.25,134.0,0.0,0.0,0.0,0.0,23185.0,319.0,313.0,0.0,8.0,1.0,24.82,,
1998/12/17,21.0,21.2,20.6,20.8,589.0,12312.0,-1.4218,0.3565,179.0,0.0,0.0,0.0,0.0,23161.0,378.0,378.0,1.0,4.0,0.0,24.47,,
1998/12/18,20.8,21.0,20.3,20.5,584.0,12054.0,-1.4423,0.3535,176.0,0.0,0.0,0.0,0.0,23024.0,300.0,426.0,0.0,4.0,0.0,24.12,,
1998/12/19,20.5,20.5,19.5,19.8,751.0,14914.0,-3.4146,0.4546,236.0,0.0,0.0,0.0,0.0,22934.0,433.0,528.0,0.0,4.0,0.0,23.29,,
1998/12/21,19.7,20.2,19.7,19.9,483.0,9637.0,0.5051,0.2924,138.0,0.0,0.0,0.0,0.0,22872.0,291.0,353.0,0.0,5.0,1.0,23.41,,
1998/12/22,20.1,21.0,20.0,21.0,1191.0,24599.0,5.5276,0.7209,335.0,0.0,0.0,0.0,0.0,22733.0,675.0,814.0,0.0,5.0,0.0,24.71,,
1998/12/23,21.1,21.2,20.7,21.0,672.0,14092.0,0.0,0.4068,225.0,0.0,0.0,0.0,0.0,22831.0,476.0,367.0,0.0,5.0,0.0,24.71,,
1998/12/24,21.7,21.7,21.0,21.1,678.0,14454.0,0.4762,0.4104,238.0,0.0,0.0,0.0,0.0,22718.0,374.0,456.0,0.0,5.0,0.0,24.82,,
1998/12/28,20.7,20.9,20.1,20.4,329.0,6725.0,-3.3175,0.1992,110.0,0.0,0.0,0.0,0.0,22639.0,220.0,269.0,0.0,5.0,0.0,24.0,,
1998/12/29,20.5,20.6,20.1,20.6,141.0,2893.0,0.9804,0.0854,72.0,0.0,0.0,0.0,0.0,22442.0,64.0,61.0,0.0,6.0,1.0,24.24,,
1998/12/30,20.7,21.1,20.5,20.9,703.0,14714.0,1.4563,0.4255,234.0,0.0,0.0,0.0,0.0,22380.0,459.0,482.0,1.0,5.0,0.0,24.59,,
1998/12/31,20.9,21.3,20.5,20.8,416.0,8712.0,-0.4785,0.2518,150.0,0.0,0.0,0.0,0.0,22016.0,241.0,285.0,0.0,5.0,0.0,24.47,,
1999/01/05,20.8,20.9,19.4,19.4,541.0,10626.0,-6.7308,0.3275,162.0,0.0,0.0,0.0,0.0,21943.0,212.0,349.0,0.0,5.0,0.0,22.82,,
1999/01/06,18.1,19.2,18.1,18.5,1207.0,22130.0,-4.6392,0.7306,374.0,0.0,0.0,0.0,0.0,21704.0,646.0,999.0,0.0,5.0,0.0,21.76,,
1999/01/07,19.0,19.5,18.6,19.4,969.0,18495.0,4.8649,0.5866,335.0,0.0,0.0,0.0,0.0,21682.0,551.0,568.0,1.0,10.0,6.0,22.82,,
1999/01/08,19.6,20.0,19.3,19.5,1025.0,20147.0,0.5155,0.6205,292.0,0.0,0.0,0.0,0.0,21608.0,558.0,616.0,1.0,11.0,5.0,22.94,,
1999/01/11,19.5,20.0,19.2,19.2,564.0,11009.0,-1.5385,0.3414,205.0,0.0,0.0,0.0,0.0,21622.0,350.0,292.0,0.0,10.0,2.0,22.59,,
1999/01/12,19.2,19.3,18.8,18.8,530.0,10096.0,-2.0833,0.3208,178.0,0.0,0.0,0.0,0.0,21257.0,266.0,348.0,3.0,8.0,1.0,22.12,,
1999/01/13,18.6,19.0,18.5,18.7,297.0,5575.0,-0.5319,0.1798,134.0,0.0,0.0,0.0,0.0,21279.0,144.0,122.0,4.0,4.0,0.0,22.0,,
1999/01/14,18.6,18.6,17.6,17.6,599.0,10838.0,-5.8824,0.3626,211.0,0.0,0.0,0.0,0.0,21491.0,277.0,351.0,1.0,1.0,0.0,20.71,,
1999/01/15,17.6,18.8,17.5,18.8,802.0,14568.0,6.8182,0.4855,241.0,0.0,0.0,0.0,0.0,21485.0,435.0,416.0,0.0,26.0,25.0,22.12,,
1999/01/16,19.3,20.0,19.3,19.6,2006.0,39355.0,4.2553,1.2143,521.0,0.0,0.0,0.0,0.0,21314.0,936.0,1092.0,20.0,20.0,14.0,23.06,,
1999/01/18,20.0,20.0,18.9,19.0,589.0,11281.0,-3.0612,0.3565,207.0,0.0,0.0,0.0,0.0,21487.0,408.0,327.0,1.0,18.0,0.0,22.35,,
1999/01/19,18.8,19.2,18.2,18.9,329.0,6154.0,-0.5263,0.1992,141.0,0.0,0.0,0.0,0.0,21525.0,220.0,182.0,1.0,17.0,0.0,22.24,,
1999/01/20,17.6,18.9,17.6,18.3,576.0,10511.0,-3.1746,0.3487,189.0,0.0,0.0,0.0,0.0,21429.0,323.0,298.0,3.0,12.0,0.0,21.53,,
1999/01/21,18.3,18.6,18.1,18.1,448.0,8204.0,-1.0929,0.2712,170.0,0.0,0.0,0.0,0.0,21313.0,243.0,326.0,11.0,1.0,0.0,21.29,,
1999/01/22,18.0,18.1,17.5,18.1,894.0,15837.0,0.0,0.5412,238.0,0.0,0.0,0.0,0.0,21456.0,569.0,417.0,0.0,1.0,0.0,21.29,,
1999/01/25,17.9,17.9,17.4,17.9,478.0,8393.0,-1.105,0.2893,167.0,0.0,0.0,0.0,0.0,21422.0,302.0,326.0,0.0,1.0,0.0,21.06,,
1999/01/26,17.9,17.9,17.4,17.8,406.0,7184.0,-0.5587,0.2458,117.0,0.0,0.0,0.0,0.0,21424.0,329.0,326.0,0.0,1.0,0.0,20.94,,
1999/01/27,17.8,18.3,17.7,18.0,446.0,8036.0,1.1236,0.27,139.0,0.0,0.0,0.0,0.0,21432.0,292.0,279.0,0.0,3.0,2.0,21.18,,
1999/01/28,18.0,18.0,17.5,17.7,143.0,2537.0,-1.6667,0.0866,54.0,0.0,0.0,0.0,0.0,21494.0,123.0,58.0,0.0,3.0,0.0,20.82,,
1999/01/29,17.7,17.8,16.9,17.4,647.0,11220.0,-1.6949,0.3916,176.0,0.0,0.0,0.0,0.0,21758.0,482.0,213.0,0.0,3.0,0.0,20.47,,
1999/01/30,17.4,17.7,17.0,17.3,168.0,2943.0,-0.5747,0.1017,94.0,0.0,0.0,0.0,0.0,21744.0,94.0,98.0,1.0,3.0,1.0,20.35,,
1999/02/01,17.2,17.3,16.6,17.1,510.0,8669.0,-1.1561,0.3087,96.0,0.0,0.0,0.0,0.0,21930.0,382.0,189.0,0.0,3.0,0.0,20.12,,
1999/02/02,16.9,17.2,16.5,16.9,392.0,6556.0,-1.1696,0.2373,94.0,0.0,0.0,0.0,0.0,21817.0,107.0,213.0,0.0,3.0,0.0,19.88,,
1999/02/03,15.8,16.8,15.8,16.0,1145.0,18286.0,-5.3254,0.6931,309.0,0.0,0.0,0.0,0.0,21359.0,510.0,953.0,0.0,3.0,0.0,18.82,,
1999/02/04,15.0,15.8,14.9,14.9,783.0,11847.0,-6.875,0.474,183.0,0.0,0.0,0.0,0.0,20993.0,349.0,642.0,0.0,3.0,0.0,17.53,,
1999/02/05,13.9,14.5,13.9,13.9,1817.0,25538.0,-6.7114,1.0999,357.0,0.0,0.0,0.0,0.0,20127.0,631.0,1379.0,2.0,1.0,0.0,16.35,,
1999/02/06,12.95,14.85,12.95,14.85,2335.0,32599.0,6.8345,1.4134,573.0,0.0,0.0,0.0,0.0,20016.0,1207.0,1189.0,0.0,17.0,36.0,17.47,,
1999/02/08,14.85,15.8,14.85,15.8,1745.0,26942.0,6.3973,1.0563,466.0,0.0,0.0,0.0,0.0,19826.0,824.0,871.0,9.0,28.0,20.0,18.59,,
1999/02/09,15.8,15.8,14.85,15.0,953.0,14534.0,-5.0633,0.5769,300.0,0.0,0.0,0.0,0.0,19545.0,401.0,683.0,0.0,28.0,0.0,17.65,,
1999/02/10,14.8,15.0,14.1,14.7,1116.0,16411.0,-2.0,0.6755,299.0,0.0,0.0,0.0,0.0,19361.0,653.0,721.0,10.0,18.0,0.0,17.29,,
1999/02/20,15.4,15.7,15.2,15.7,758.0,11729.0,6.8027,0.4588,203.0,0.0,0.0,0.0,0.0,19423.0,527.0,391.0,10.0,6.0,0.0,18.47,,
1999/02/22,16.7,16.7,15.9,16.7,1209.0,19997.0,6.3694,0.7318,319.0,0.0,0.0,0.0,0.0,19365.0,641.0,661.0,0.0,19.0,13.0,19.65,,
1999/02/23,16.8,16.8,16.0,16.0,1220.0,19997.0,-4.1916,0.7385,372.0,0.0,0.0,0.0,0.0,19470.0,768.0,639.0,2.0,12.0,0.0,18.82,,
1999/02/24,15.9,16.6,15.9,16.2,691.0,11210.0,1.25,0.4183,232.0,0.0,0.0,0.0,0.0,19367.0,250.0,348.0,1.0,11.0,0.0,19.06,,
1999/02/25,16.3,17.3,16.3,16.8,1597.0,26972.0,3.7037,0.9667,432.0,0.0,0.0,0.0,0.0,19240.0,830.0,956.0,0.0,16.0,5.0,19.76,,
1999/02/26,16.7,16.8,16.4,16.7,602.0,9968.0,-0.5952,0.3644,191.0,0.0,0.0,0.0,0.0,19253.0,320.0,304.0,3.0,13.0,0.0,19.65,,
1999/03/01,16.7,17.1,16.4,16.7,740.0,12394.0,0.0,0.4479,233.0,0.0,0.0,0.0,0.0,19183.0,427.0,493.0,5.0,8.0,0.0,19.65,,
1999/03/02,16.5,16.9,16.2,16.4,478.0,7859.0,-1.7964,0.2893,169.0,0.0,0.0,0.0,0.0,19084.0,206.0,274.0,0.0,7.0,0.0,19.29,,
1999/03/03,16.6,16.6,16.3,16.5,676.0,11128.0,0.6098,0.4092,225.0,0.0,0.0,0.0,0.0,18916.0,340.0,507.0,0.0,8.0,1.0,19.41,,
1999/03/04,16.5,16.9,16.5,16.7,541.0,9016.0,1.2121,0.3275,197.0,0.0,0.0,0.0,0.0,18800.0,173.0,290.0,0.0,12.0,4.0,19.65,,
1999/03/05,16.9,16.9,16.3,16.4,406.0,6742.0,-1.7964,0.2458,145.0,0.0,0.0,0.0,0.0,18729.0,204.0,173.0,3.0,9.0,0.0,19.29,,
1999/03/06,16.6,16.9,16.5,16.6,443.0,7379.0,1.2195,0.2682,142.0,0.0,0.0,0.0,0.0,18672.0,209.0,266.0,0.0,12.0,3.0,19.53,,
1999/03/08,16.6,16.7,16.4,16.5,249.0,4108.0,-0.6024,0.1507,100.0,0.0,0.0,0.0,0.0,18639.0,108.0,138.0,1.0,11.0,0.0,19.41,,
1999/03/09,16.6,17.6,16.6,17.6,2939.0,51242.0,6.6667,1.7791,696.0,0.0,0.0,0.0,0.0,19189.0,1725.0,1179.0,0.0,28.0,17.0,20.71,,
1999/03/10,17.6,17.6,17.2,17.6,1505.0,26267.0,0.0,0.911,493.0,0.0,0.0,0.0,0.0,19264.0,908.0,833.0,14.0,15.0,1.0,20.71,,
1999/03/11,17.6,18.3,17.6,18.0,3254.0,58540.0,2.2727,1.9697,819.0,0.0,0.0,0.0,0.0,19348.0,1855.0,1765.0,0.0,90.0,80.0,21.18,,
1999/03/12,17.8,17.9,17.5,17.8,990.0,17519.0,-1.1111,0.5993,269.0,0.0,0.0,0.0,0.0,19209.0,637.0,770.0,51.0,38.0,0.0,20.94,,
1999/03/15,17.8,18.5,17.5,18.3,2434.0,44333.0,2.809,1.4734,577.0,0.0,0.0,0.0,0.0,19072.0,1167.0,1304.0,1.0,45.0,8.0,21.53,,
1999/03/16,18.3,18.6,18.0,18.1,1916.0,35084.0,-1.0929,1.1598,511.0,0.0,0.0,0.0,0.0,19237.0,1187.0,1020.0,25.0,22.0,2.0,21.29,,
1999/03/17,18.2,18.4,17.8,18.0,1402.0,25344.0,-0.5525,0.8487,385.0,0.0,0.0,0.0,0.0,19285.0,882.0,833.0,5.0,17.0,0.0,21.18,,
1999/03/18,18.0,18.2,17.6,18.1,1599.0,28638.0,0.5556,0.9679,449.0,0.0,0.0,0.0,0.0,19442.0,845.0,689.0,0.0,17.0,0.0,21.29,,
1999/03/19,18.3,18.4,17.9,18.1,1771.0,32200.0,0.0,1.072,537.0,0.0,0.0,0.0,0.0,19169.0,825.0,1095.0,0.0,18.0,1.0,21.29,,
1999/03/20,18.2,18.8,18.2,18.4,1529.0,28225.0,1.6575,0.9255,554.0,0.0,0.0,0.0,0.0,19237.0,832.0,754.0,1.0,36.0,29.0,21.65,,
1999/03/22,18.6,18.6,18.1,18.1,588.0,10732.0,-1.6304,0.3559,209.0,0.0,0.0,0.0,0.0,19199.0,295.0,314.0,0.0,36.0,0.0,21.29,,
1999/03/23,18.4,18.5,18.1,18.1,894.0,16342.0,0.0,0.5412,298.0,0.0,0.0,0.0,0.0,19210.0,606.0,590.0,2.0,26.0,0.0,21.29,,
1999/03/24,18.3,18.3,17.8,17.9,593.0,10671.0,-1.105,0.359,213.0,0.0,0.0,0.0,0.0,19166.0,288.0,327.0,13.0,13.0,0.0,21.06,,
1999/03/25,18.1,18.6,17.9,18.6,2034.0,37307.0,3.9106,1.2312,513.0,0.0,0.0,0.0,0.0,19286.0,965.0,841.0,0.0,30.0,17.0,21.88,,
1999/03/26,19.0,19.0,18.5,18.6,1864.0,34839.0,0.0,1.1283,526.0,-1.0,0.0,0.0,0.0,19325.0,1147.0,1098.0,13.0,22.0,5.0,21.88,,
1999/03/29,18.8,18.8,18.0,18.2,590.0,10767.0,-2.1505,0.3571,210.0,0.0,0.0,0.0,0.0,19218.0,280.0,384.0,0.0,22.0,0.0,21.41,,
1999/03/30,18.3,18.3,17.6,17.9,564.0,10115.0,-1.6484,0.3414,177.0,0.0,0.0,0.0,0.0,19112.0,258.0,326.0,0.0,22.0,0.0,21.06,,
1999/03/31,17.9,18.0,17.5,17.6,286.0,5072.0,-1.676,0.1731,129.0,0.0,0.0,0.0,0.0,19089.0,109.0,131.0,5.0,22.0,5.0,20.71,,
1999/04/01,17.8,18.0,17.1,17.8,941.0,16520.0,1.1364,0.5696,290.0,0.0,0.0,0.0,0.0,18835.0,443.0,562.0,3.0,23.0,4.0,20.94,,
1999/04/02,18.4,19.0,18.4,19.0,2621.0,49263.0,6.7416,1.5866,474.0,0.0,0.0,0.0,0.0,19179.0,1848.0,1480.0,0.0,27.0,4.0,22.35,,
1999/04/03,20.2,20.2,19.6,19.8,6940.0,138526.0,4.2105,4.201,1490.0,0.0,0.0,0.0,0.0,19225.0,3979.0,4008.0,1.0,45.0,21.0,23.29,,
1999/04/06,20.2,20.2,19.2,19.2,1800.0,35187.0,-3.0303,1.0896,467.0,0.0,0.0,0.0,0.0,19098.0,1089.0,1216.0,18.0,27.0,0.0,22.59,,
1999/04/07,19.1,19.1,18.8,18.9,994.0,18797.0,-1.5625,0.6017,289.0,0.0,0.0,0.0,0.0,18992.0,544.0,639.0,10.0,14.0,0.0,22.24,,
1999/04/08,19.0,20.0,19.0,19.7,2252.0,44405.0,4.2328,1.3632,606.0,0.0,0.0,0.0,0.0,18820.0,1138.0,1308.0,0.0,82.0,68.0,23.18,,
1999/04/09,20.0,20.0,19.1,19.2,1367.0,26609.0,-2.5381,0.8275,419.0,0.0,0.0,0.0,0.0,18807.0,767.0,776.0,17.0,64.0,0.0,22.59,,
1999/04/12,19.3,19.4,18.8,18.9,1311.0,24971.0,-1.5625,0.7936,380.0,0.0,0.0,0.0,0.0,18903.0,778.0,668.0,49.0,16.0,1.0,22.24,,
1999/04/13,18.9,19.4,18.9,19.3,1576.0,30042.0,2.1164,0.954,377.0,0.0,0.0,0.0,0.0,18933.0,837.0,806.0,0.0,19.0,3.0,22.71,,
1999/04/14,19.5,20.4,19.4,20.0,4757.0,95227.0,3.6269,2.8795,1192.0,0.0,0.0,0.0,0.0,19672.0,3055.0,2301.0,2.0,39.0,22.0,23.53,,
1999/04/15,20.2,20.8,20.2,20.8,4500.0,92660.0,4.0,2.724,1156.0,0.0,0.0,0.0,0.0,19970.0,2699.0,2385.0,7.0,64.0,45.0,24.47,,
1999/04/16,21.0,21.2,19.9,19.9,3099.0,63422.0,-4.3269,1.8759,798.0,0.0,0.0,0.0,0.0,19319.0,1715.0,2365.0,38.0,26.0,0.0,23.41,,
1999/04/17,19.8,20.3,19.7,20.3,1567.0,31466.0,2.0101,0.9485,403.0,0.0,0.0,0.0,0.0,19412.0,978.0,880.0,26.0,0.0,0.0,23.88,,
1999/04/19,20.3,20.3,19.7,20.1,1116.0,22254.0,-0.9852,0.6755,386.0,0.0,0.0,0.0,0.0,18680.0,0.0,732.0,0.0,0.0,0.0,23.65,,
1999/04/20,19.6,20.0,19.5,19.7,878.0,17295.0,-1.99,0.5315,232.0,0.0,0.0,0.0,0.0,18050.0,0.0,630.0,0.0,0.0,0.0,23.18,,
1999/04/21,19.6,20.2,19.6,19.9,1008.0,20056.0,1.0152,0.6102,393.0,0.0,0.0,0.0,0.0,17581.0,0.0,469.0,0.0,0.0,0.0,23.41,,
1999/04/22,20.1,20.3,19.7,19.9,813.0,16206.0,0.0,0.4921,307.0,0.0,0.0,0.0,0.0,17900.0,548.0,224.0,0.0,0.0,0.0,23.41,,
1999/04/23,20.0,20.3,19.9,19.9,1243.0,24930.0,0.0,0.7524,326.0,0.0,0.0,0.0,0.0,18194.0,757.0,463.0,0.0,3.0,3.0,23.41,,
1999/04/26,20.0,20.8,19.9,20.4,2759.0,56401.0,2.5126,1.6701,696.0,0.0,0.0,0.0,0.0,19136.0,1825.0,932.0,3.0,2.0,2.0,24.0,,
1999/04/27,20.7,21.0,20.1,20.3,2393.0,49385.0,-0.4902,1.4485,571.0,0.0,0.0,0.0,0.0,19780.0,1811.0,1162.0,1.0,16.0,15.0,23.88,,
1999/04/28,20.6,20.6,19.9,20.0,911.0,18387.0,-1.4778,0.5515,305.0,0.0,0.0,0.0,0.0,19048.0,564.0,503.0,0.0,27.0,11.0,23.53,,
1999/04/29,19.9,19.9,19.0,19.0,1004.0,19585.0,-5.0,0.6077,262.0,0.0,0.0,0.0,0.0,18936.0,561.0,670.0,21.0,5.0,0.0,22.35,,
1999/04/30,19.0,19.4,18.6,19.2,691.0,13216.0,1.0526,0.4183,218.0,0.0,0.0,0.0,0.0,19001.0,441.0,376.0,0.0,25.0,20.0,53.33,,
1999/05/03,19.0,19.3,18.7,18.9,701.0,13251.0,-1.5625,0.4243,190.0,0.0,0.0,0.0,0.0,18977.0,433.0,447.0,20.0,5.0,0.0,52.5,,
1999/05/04,19.0,19.4,19.0,19.4,751.0,14388.0,2.6455,0.4546,199.0,0.0,0.0,0.0,0.0,18796.0,379.0,560.0,0.0,5.0,0.0,53.89,,
1999/05/05,19.2,19.8,19.2,19.4,1027.0,20009.0,0.0,0.6217,316.0,0.0,0.0,0.0,0.0,18764.0,575.0,596.0,0.0,5.0,0.0,53.89,,
1999/05/06,19.6,20.2,19.6,20.2,2497.0,49670.0,4.1237,1.5115,622.0,0.0,0.0,0.0,0.0,19128.0,1693.0,1329.0,0.0,6.0,1.0,56.11,,
1999/05/07,20.0,20.1,19.6,19.8,968.0,19220.0,-1.9802,0.586,264.0,0.0,0.0,0.0,0.0,18866.0,709.0,671.0,1.0,5.0,0.0,55.0,,
1999/05/10,20.0,20.7,20.0,20.4,3025.0,61514.0,3.0303,1.8311,691.0,0.0,0.0,0.0,0.0,19348.0,2200.0,1713.0,0.0,18.0,13.0,56.67,,
1999/05/11,20.3,20.4,19.9,20.0,1273.0,25701.0,-1.9608,0.7706,342.0,0.0,0.0,0.0,0.0,19362.0,804.0,779.0,12.0,6.0,0.0,55.56,,
1999/05/12,20.0,20.4,19.6,19.8,979.0,19622.0,-1.0,0.5926,273.0,0.0,0.0,0.0,0.0,19382.0,618.0,586.0,0.0,6.0,0.0,55.0,,
1999/05/13,20.0,20.0,19.5,19.6,748.0,14752.0,-1.0101,0.4528,234.0,0.0,0.0,0.0,0.0,19149.0,390.0,598.0,0.0,6.0,0.0,54.44,,
1999/05/14,19.8,20.0,19.5,19.6,817.0,16187.0,0.0,0.4946,254.0,0.0,0.0,0.0,0.0,19005.0,375.0,519.0,0.0,6.0,0.0,54.44,,
1999/05/15,19.5,19.7,19.4,19.6,716.0,14016.0,0.0,0.4334,216.0,0.0,0.0,0.0,0.0,18878.0,410.0,527.0,0.0,6.0,0.0,54.44,,
1999/05/17,19.6,20.1,19.6,19.8,1549.0,30812.0,1.0204,0.9377,423.0,0.0,0.0,0.0,0.0,19017.0,812.0,677.0,0.0,10.0,4.0,55.0,,
1999/05/18,20.2,20.2,19.6,19.8,950.0,18890.0,0.0,0.5751,314.0,0.0,0.0,0.0,0.0,19178.0,739.0,578.0,1.0,10.0,1.0,55.0,,
1999/05/19,19.9,21.1,19.8,21.1,4904.0,101429.0,6.5657,2.9685,1150.0,0.0,0.0,0.0,0.0,20148.0,3595.0,2626.0,1.0,34.0,25.0,58.61,,
1999/05/20,21.7,21.9,21.1,21.3,9461.0,204193.0,0.9479,5.727,2197.0,0.0,0.0,0.0,0.0,20379.0,6043.0,5876.0,10.0,125.0,101.0,59.17,,
1999/05/21,21.0,21.2,20.6,20.9,2148.0,44888.0,-1.8779,1.3002,668.0,0.0,0.0,0.0,0.0,20328.0,1255.0,1307.0,72.0,52.0,0.0,58.06,,
1999/05/24,21.1,22.1,20.7,22.0,6530.0,141395.0,5.2632,3.9528,1588.0,0.0,0.0,0.0,0.0,20857.0,4448.0,3808.0,5.0,128.0,82.0,61.11,,
1999/05/25,22.0,22.8,21.5,21.5,11309.0,251802.0,-2.2727,6.8456,2365.0,0.0,0.0,0.0,0.0,21177.0,6698.0,6359.0,19.0,191.0,92.0,59.72,,
1999/05/26,20.3,21.3,20.3,20.7,2479.0,51375.0,-3.7209,1.5006,729.0,0.0,0.0,0.0,0.0,21028.0,1575.0,1722.0,112.0,67.0,0.0,57.5,,
1999/05/27,20.9,21.7,20.8,21.5,3493.0,74507.0,3.8647,2.1144,861.0,0.0,0.0,0.0,0.0,20784.0,1858.0,2091.0,0.0,252.0,186.0,59.72,,
1999/05/28,21.3,21.5,20.5,20.6,2447.0,51314.0,-4.186,1.4812,581.0,0.0,0.0,0.0,0.0,20608.0,1599.0,1775.0,120.0,132.0,0.0,57.22,,
1999/05/29,21.0,21.0,20.1,20.2,1834.0,37445.0,-1.9417,1.1102,492.0,0.0,0.0,0.0,0.0,20428.0,1134.0,1314.0,44.0,91.0,3.0,56.11,,
1999/05/31,20.2,20.4,18.9,19.5,1855.0,36783.0,-3.4653,1.1229,485.0,0.0,0.0,0.0,0.0,20131.0,972.0,1294.0,15.0,85.0,9.0,62.9,,
1999/06/01,19.5,19.7,19.0,19.4,1251.0,24139.0,-0.5128,0.7573,345.0,0.0,0.0,0.0,0.0,20199.0,611.0,542.0,11.0,81.0,10.0,62.58,,
1999/06/02,18.5,19.4,18.5,19.4,1379.0,26398.0,0.0,0.8347,370.0,0.0,0.0,0.0,0.0,20197.0,879.0,880.0,1.0,80.0,0.0,62.58,,
1999/06/03,19.8,20.3,19.5,19.7,1599.0,31769.0,1.5464,0.9679,487.0,0.0,0.0,0.0,0.0,20264.0,1024.0,962.0,8.0,89.0,22.0,63.55,,
1999/06/04,19.8,20.2,19.8,20.2,1107.0,22240.0,2.5381,0.6701,384.0,0.0,0.0,0.0,0.0,20274.0,736.0,717.0,8.0,99.0,18.0,65.16,,
1999/06/05,20.5,21.6,20.4,21.2,5861.0,124258.0,4.9505,3.5478,1356.0,0.0,0.0,0.0,0.0,20313.0,2928.0,2874.0,59.0,110.0,70.0,68.39,,
1999/06/07,21.2,21.3,20.2,20.3,2719.0,56527.0,-4.2453,1.6459,620.0,0.0,0.0,0.0,0.0,20165.0,1687.0,1830.0,41.0,62.0,0.0,65.48,,
1999/06/08,20.6,20.9,20.3,20.4,1396.0,28794.0,0.4926,0.845,458.0,0.0,0.0,0.0,0.0,20317.0,890.0,739.0,37.0,34.0,9.0,65.81,,
1999/06/09,20.7,20.8,20.0,20.0,1148.0,23313.0,-1.9608,0.6949,366.0,0.0,0.0,0.0,0.0,20342.0,716.0,691.0,2.0,32.0,0.0,64.52,,
1999/06/10,20.0,20.2,19.5,19.6,1715.0,33875.0,-2.0,1.0381,474.0,0.0,0.0,0.0,0.0,20570.0,1030.0,802.0,0.0,31.0,2.0,63.23,,
1999/06/11,19.6,19.6,19.1,19.2,913.0,17643.0,-2.0408,0.5527,323.0,0.0,0.0,0.0,0.0,20554.0,543.0,528.0,10.0,21.0,0.0,61.94,,
1999/06/14,18.8,19.3,18.8,19.1,694.0,13244.0,-0.5208,0.4201,210.0,0.0,0.0,0.0,0.0,20661.0,389.0,282.0,1.0,21.0,1.0,61.61,,
1999/06/15,19.1,19.5,18.9,18.9,888.0,17032.0,-1.0471,0.5375,312.0,0.0,0.0,0.0,0.0,20600.0,572.0,615.0,5.0,22.0,7.0,60.97,,
1999/06/16,18.9,18.9,18.6,18.7,835.0,15640.0,-1.0582,0.5054,227.0,0.0,0.0,0.0,0.0,20581.0,474.0,491.0,5.0,21.0,6.0,60.32,,
1999/06/17,18.8,19.5,18.8,18.8,1632.0,31016.0,0.5348,0.9879,332.0,0.0,0.0,0.0,0.0,20853.0,1137.0,870.0,0.0,21.0,0.0,60.65,,
1999/06/21,19.2,19.2,17.8,18.0,1530.0,28054.0,-4.2553,0.9262,405.0,0.0,0.0,0.0,0.0,20625.0,880.0,1104.0,9.0,21.0,9.0,58.06,,
1999/06/22,18.1,18.5,18.1,18.3,1088.0,19921.0,1.6667,0.6586,327.0,-1.0,0.0,0.0,0.0,20763.0,607.0,448.0,0.0,25.0,7.0,59.03,,
1999/06/23,18.3,18.3,17.8,17.9,933.0,16859.0,-2.1858,0.5648,280.0,0.0,0.0,0.0,0.0,20652.0,496.0,604.0,11.0,9.0,0.0,57.74,,
1999/06/24,18.0,18.7,18.0,18.6,1057.0,19567.0,3.9106,0.6398,333.0,0.0,0.0,0.0,0.0,20658.0,551.0,533.0,5.0,20.0,16.0,60.0,,
1999/06/25,18.6,18.6,18.1,18.1,604.0,11003.0,-2.6882,0.3656,174.0,0.0,0.0,0.0,0.0,20585.0,371.0,371.0,10.0,8.0,0.0,58.39,,
1999/06/28,18.3,18.6,18.2,18.5,673.0,12410.0,2.2099,0.4074,250.0,0.0,0.0,0.0,0.0,20522.0,349.0,392.0,0.0,18.0,10.0,59.68,,
1999/06/29,19.0,19.4,18.6,19.3,2090.0,39975.0,4.3243,1.2651,548.0,0.0,0.0,0.0,0.0,20609.0,1276.0,1187.0,4.0,27.0,13.0,62.26,,
1999/06/30,19.5,20.5,19.4,20.0,4747.0,94940.0,3.6269,2.8735,1082.0,0.0,0.0,0.0,0.0,20507.0,2589.0,2733.0,20.0,69.0,62.0,64.52,,
1999/07/02,19.8,20.0,19.2,19.4,1811.0,35499.0,-3.0,1.0962,500.0,-1.0,0.0,0.0,0.0,20182.0,872.0,1198.0,58.0,11.0,0.0,62.58,,
1999/07/03,19.8,19.9,18.9,19.1,1433.0,27477.0,-1.5464,0.8674,370.0,0.0,0.0,0.0,0.0,20115.0,773.0,805.0,5.0,13.0,7.0,61.61,,
1999/07/05,19.3,19.9,19.1,19.9,1129.0,22132.0,4.1885,0.6834,352.0,0.0,0.0,0.0,0.0,20327.0,836.0,619.0,0.0,30.0,22.0,64.19,,
1999/07/06,20.2,20.2,18.6,18.6,1607.0,31269.0,-6.5327,0.9728,332.0,0.0,0.0,0.0,0.0,20433.0,714.0,594.0,16.0,7.0,0.0,60.0,,
1999/07/07,18.9,19.2,18.7,18.9,1172.0,22231.0,1.6129,0.7094,311.0,0.0,0.0,0.0,0.0,20258.0,436.0,621.0,1.0,13.0,7.0,60.97,,
1999/07/08,19.2,19.4,19.0,19.4,948.0,18261.0,2.6455,0.5738,248.0,0.0,0.0,0.0,0.0,20008.0,391.0,641.0,0.0,28.0,15.0,62.58,,
1999/07/09,19.5,20.7,19.2,20.7,5227.0,105972.0,6.701,3.164,1191.0,0.0,0.0,0.0,0.0,20498.0,2887.0,2397.0,15.0,90.0,77.0,66.77,,
1999/07/12,21.5,22.1,21.5,22.1,4202.0,91825.0,6.7633,2.5436,899.0,0.0,0.0,0.0,0.0,20959.0,2426.0,1963.0,0.0,166.0,76.0,71.29,,
1999/07/13,23.6,23.6,22.3,22.8,14215.0,327950.0,3.1674,8.6047,3296.0,0.0,0.0,0.0,0.0,20516.0,6264.0,6705.0,39.0,359.0,245.0,73.55,,
1999/07/14,22.8,22.8,21.3,21.3,3376.0,73618.0,-6.5789,2.0436,840.0,0.0,0.0,0.0,0.0,20404.0,1687.0,1799.0,210.0,157.0,11.0,68.71,,
1999/07/15,20.8,20.9,19.9,20.6,2820.0,57686.0,-3.2864,1.707,664.0,0.0,0.0,0.0,0.0,20087.0,1614.0,1882.0,92.0,62.0,0.0,66.45,,
1999/07/16,20.8,21.4,19.2,19.2,2791.0,57674.0,-6.7961,1.6895,751.0,0.0,0.0,0.0,0.0,19858.0,1615.0,1878.0,18.0,31.0,6.0,61.94,,
1999/07/17,18.5,19.4,17.9,19.2,2864.0,52986.0,0.0,1.7337,715.0,0.0,0.0,0.0,0.0,19405.0,1599.0,2017.0,20.0,14.0,3.0,61.94,,
1999/07/19,19.0,19.0,17.9,18.2,2027.0,36771.0,-5.2083,1.227,523.0,0.0,0.0,0.0,0.0,18852.0,990.0,1523.0,6.0,8.0,0.0,58.71,,
1999/07/20,18.4,19.4,18.4,19.4,4229.0,80635.0,6.5934,2.5599,942.0,0.0,0.0,0.0,0.0,18529.0,2036.0,2369.0,1.0,13.0,6.0,62.58,,
1999/07/21,18.2,19.3,18.2,18.3,1941.0,36418.0,-5.6701,1.1749,518.0,0.0,0.0,0.0,0.0,17949.0,786.0,1452.0,8.0,5.0,0.0,59.03,,
1999/07/22,18.4,18.9,18.2,18.3,2190.0,40675.0,0.0,1.3257,525.0,0.0,0.0,0.0,0.0,18028.0,1014.0,926.0,5.0,0.0,0.0,59.03,,
1999/07/23,18.3,18.3,17.8,18.1,1264.0,22825.0,-1.0929,0.7651,327.0,0.0,0.0,0.0,0.0,17300.0,0.0,698.0,0.0,0.0,0.0,58.39,,
1999/07/26,18.2,18.4,17.9,17.9,1039.0,18849.0,-1.105,0.6289,269.0,0.0,0.0,0.0,0.0,17011.0,0.0,267.0,0.0,0.0,0.0,57.74,,
1999/07/27,18.0,18.1,17.0,17.2,1447.0,25108.0,-3.9106,0.8759,449.0,0.0,0.0,0.0,0.0,16244.0,0.0,737.0,0.0,0.0,0.0,55.48,,
1999/07/28,16.4,16.8,16.3,16.5,1288.0,21219.0,3.6337,0.7425,396.0,-11.0,0.0,0.0,0.0,16661.0,689.0,267.0,0.0,305.0,255.0,53.23,,
1999/07/29,16.6,17.0,16.4,16.5,1455.0,24168.0,0.0,0.8388,390.0,0.0,0.0,0.0,0.0,16803.0,667.0,525.0,2.0,445.0,142.0,56.9,,
1999/07/30,15.4,16.4,15.4,16.3,614.0,9745.0,-1.2121,0.354,169.0,0.0,0.0,0.0,0.0,16622.0,228.0,406.0,32.0,413.0,0.0,56.21,,
1999/07/31,16.0,16.5,16.0,16.0,546.0,8847.0,-1.8405,0.3148,162.0,0.0,0.0,0.0,0.0,16481.0,177.0,313.0,99.0,314.0,0.0,55.17,,
1999/08/02,15.8,16.0,15.3,15.4,773.0,12100.0,-3.75,0.4456,189.0,0.0,0.0,0.0,0.0,16331.0,368.0,490.0,15.0,299.0,0.0,53.1,,
1999/08/03,14.9,15.2,14.35,14.95,609.0,9045.0,-2.9221,0.3511,202.0,0.0,0.0,0.0,0.0,16228.0,195.0,270.0,25.0,274.0,0.0,51.55,,
1999/08/04,14.7,15.6,14.7,15.0,574.0,8688.0,0.3344,0.3309,200.0,0.0,0.0,0.0,0.0,16236.0,275.0,242.0,10.0,274.0,10.0,51.72,,
1999/08/05,14.9,15.1,14.6,14.6,339.0,5012.0,-2.6667,0.1954,120.0,0.0,0.0,0.0,0.0,16200.0,231.0,237.0,0.0,274.0,0.0,50.34,,
1999/08/06,14.6,14.9,14.1,14.35,623.0,8963.0,-1.7123,0.3592,192.0,-1.0,0.0,0.0,0.0,16138.0,279.0,333.0,6.0,269.0,1.0,49.48,,
1999/08/07,14.35,14.7,13.45,14.7,996.0,14142.0,2.439,0.5742,262.0,0.0,0.0,0.0,0.0,16099.0,568.0,594.0,0.0,270.0,1.0,50.69,,
1999/08/09,14.8,15.2,14.5,15.1,812.0,12112.0,2.7211,0.4681,229.0,0.0,0.0,0.0,0.0,16179.0,381.0,299.0,5.0,278.0,13.0,52.07,,
1999/08/10,14.8,15.4,14.8,15.3,760.0,11515.0,1.3245,0.4381,277.0,0.0,0.0,0.0,0.0,16226.0,379.0,331.0,1.0,292.0,15.0,52.76,,
1999/08/11,14.95,15.3,14.6,15.2,695.0,10457.0,-0.6536,0.4007,244.0,0.0,0.0,0.0,0.0,16225.0,328.0,324.0,5.0,287.0,0.0,52.41,,
1999/08/12,15.2,15.5,15.0,15.5,907.0,13821.0,1.9737,0.5229,314.0,0.0,0.0,0.0,0.0,16319.0,448.0,354.0,0.0,295.0,8.0,53.45,,
1999/08/13,14.45,16.1,14.45,15.6,1488.0,22972.0,0.6452,0.8578,382.0,1.0,0.0,0.0,0.0,16024.0,385.0,690.0,10.0,285.0,0.0,53.79,,
1999/08/16,16.0,16.0,15.4,15.9,1197.0,18750.0,1.9231,0.6901,371.0,0.0,0.0,0.0,0.0,15955.0,489.0,562.0,10.0,285.0,10.0,54.83,,
1999/08/17,16.3,16.3,15.6,16.0,1109.0,17749.0,0.6289,0.6393,314.0,2.0,0.0,0.0,0.0,16255.0,730.0,420.0,0.0,285.0,0.0,55.17,,
1999/08/18,16.2,17.1,16.0,17.1,2231.0,37109.0,6.875,1.2862,562.0,-3.0,0.0,0.0,0.0,16352.0,988.0,886.0,0.0,304.0,19.0,58.97,,
1999/08/19,17.1,17.1,16.6,16.7,1204.0,20185.0,-2.3392,0.6941,308.0,0.0,0.0,0.0,0.0,16170.0,789.0,881.0,1.0,306.0,3.0,57.59,,
1999/08/20,16.7,17.4,16.5,17.2,2209.0,37635.0,2.994,1.2735,625.0,0.0,0.0,0.0,0.0,16252.0,1132.0,1050.0,29.0,314.0,37.0,59.31,,
1999/08/21,17.2,17.7,17.0,17.1,1493.0,25786.0,-0.5814,0.8607,450.0,0.0,0.0,0.0,0.0,16347.0,943.0,845.0,50.0,277.0,17.0,58.97,,
1999/08/23,16.9,16.9,16.4,16.6,1236.0,20528.0,-2.924,0.7126,325.0,0.0,0.0,0.0,0.0,16522.0,745.0,565.0,55.0,222.0,0.0,57.24,,
1999/08/24,16.5,16.8,16.2,16.2,748.0,12337.0,-2.4096,0.4312,251.0,0.0,0.0,0.0,0.0,16495.0,432.0,455.0,10.0,219.0,8.0,55.86,,
1999/08/25,16.1,17.3,16.1,17.3,2254.0,38652.0,6.7901,1.2994,537.0,0.0,0.0,0.0,0.0,16776.0,1253.0,949.0,1.0,265.0,47.0,59.66,,
1999/08/26,18.5,18.5,18.4,18.5,3910.0,72325.0,6.9364,2.2541,750.0,0.0,0.0,0.0,0.0,17850.0,2429.0,1463.0,5.0,419.0,159.0,63.79,,
1999/08/27,19.2,19.7,19.1,19.7,10725.0,208395.0,6.4865,6.183,2335.0,0.0,0.0,0.0,0.0,19129.0,5214.0,3936.0,2.0,993.0,580.0,67.93,,
1999/08/30,19.7,20.6,19.2,20.1,8957.0,179713.0,2.0305,5.1637,2051.0,-6.0,0.0,0.0,0.0,19926.0,4436.0,3568.0,163.0,1076.0,310.0,69.31,,
1999/08/31,20.1,20.1,19.0,19.5,4187.0,81426.0,-2.9851,2.4138,1054.0,0.0,0.0,0.0,0.0,19745.0,2312.0,2493.0,411.0,662.0,0.0,67.24,,
1999/09/01,19.1,19.5,18.7,19.5,4022.0,77419.0,0.0,2.3187,763.0,0.0,0.0,0.0,0.0,19562.0,2293.0,2464.0,143.0,522.0,4.0,67.24,,
1999/09/02,19.5,20.0,19.3,19.4,2809.0,55068.0,-0.5128,1.6194,783.0,-49.0,0.0,0.0,0.0,20092.0,1886.0,1348.0,9.0,613.0,100.0,66.9,,
1999/09/03,19.5,19.5,18.5,19.3,1508.0,28529.0,-0.5155,0.8694,428.0,0.0,0.0,0.0,0.0,19838.0,801.0,1055.0,141.0,472.0,0.0,64.33,,
1999/09/04,19.3,19.5,18.8,19.4,1947.0,37456.0,0.5181,1.1224,510.0,0.0,0.0,0.0,0.0,19446.0,627.0,1007.0,42.0,511.0,81.0,64.67,,
1999/09/06,19.4,19.5,19.0,19.3,1492.0,28736.0,-0.5155,0.8601,404.0,0.0,0.0,0.0,0.0,19543.0,802.0,705.0,57.0,479.0,25.0,64.33,,
1999/09/07,19.3,20.3,19.2,19.3,5616.0,111197.0,0.0,3.2376,1380.0,0.0,0.0,0.0,0.0,20475.0,3294.0,2362.0,29.0,669.0,219.0,64.33,,
1999/09/08,19.4,19.5,18.7,19.3,2367.0,45078.0,0.0,1.3646,544.0,0.0,0.0,0.0,0.0,19808.0,1010.0,1587.0,189.0,550.0,70.0,64.33,,
1999/09/09,19.2,19.3,18.8,18.9,1064.0,20248.0,-2.0725,0.6134,290.0,0.0,0.0,0.0,0.0,19811.0,649.0,640.0,94.0,456.0,0.0,63.0,,
1999/09/10,19.5,19.8,19.1,19.4,3931.0,76518.0,2.6455,2.2662,923.0,0.0,0.0,0.0,0.0,19927.0,1948.0,1842.0,43.0,459.0,46.0,64.67,,
1999/09/13,19.6,20.7,19.6,20.7,8340.0,169077.0,6.701,4.808,1748.0,0.0,0.0,0.0,0.0,22691.0,5642.0,2895.0,0.0,561.0,99.0,69.0,,
1999/09/14,21.0,21.3,20.1,20.1,7508.0,155978.0,-2.8986,4.3284,1503.0,0.0,0.0,0.0,0.0,22561.0,5021.0,5246.0,119.0,450.0,15.0,67.0,,
1999/09/15,19.7,20.3,18.7,18.7,2732.0,53426.0,-6.9652,1.575,748.0,0.0,0.0,0.0,0.0,22137.0,1547.0,1948.0,67.0,393.0,10.0,62.33,,
1999/09/16,18.5,18.7,18.2,18.5,1907.0,35114.0,-1.0695,1.0994,591.0,0.0,0.0,0.0,0.0,21567.0,781.0,1350.0,19.0,374.0,0.0,61.67,,
1999/09/17,18.6,19.2,18.4,19.0,2553.0,47987.0,2.7027,1.4718,737.0,0.0,0.0,0.0,0.0,21486.0,1205.0,1261.0,1.0,442.0,49.0,63.33,,
1999/09/18,19.2,19.5,19.0,19.2,1652.0,31699.0,1.0526,0.9524,462.0,0.0,0.0,0.0,0.0,21035.0,535.0,1031.0,6.0,519.0,83.0,64.0,,
1999/09/20,19.3,19.4,18.5,18.7,999.0,18797.0,-2.6042,0.5759,312.0,0.0,0.0,0.0,0.0,20866.0,485.0,653.0,47.0,469.0,3.0,62.33,,
1999/09/27,18.1,18.1,18.1,18.1,3.0,56.0,-3.2086,0.0017,3.0,0.0,0.0,0.0,0.0,20859.0,0.0,3.0,3.0,463.0,0.0,60.33,,
1999/09/28,17.5,17.5,17.5,17.5,62.0,1096.0,-3.3149,0.0357,24.0,0.0,0.0,0.0,0.0,20818.0,7.0,38.0,1.0,456.0,0.0,58.33,,
1999/09/29,16.9,17.4,16.9,17.2,2241.0,38055.0,-1.7143,1.2919,548.0,0.0,0.0,0.0,0.0,20875.0,1183.0,1123.0,172.0,259.0,0.0,57.33,,
1999/09/30,17.0,17.7,17.0,17.3,1920.0,33215.0,0.5814,1.1069,495.0,-1.0,0.0,0.0,0.0,20763.0,936.0,1004.0,132.0,151.0,1.0,57.67,,
1999/10/01,17.4,17.6,17.0,17.3,1282.0,22114.0,0.0,0.7391,302.0,0.0,0.0,0.0,0.0,20810.0,913.0,864.0,0.0,151.0,0.0,57.67,,
1999/10/02,17.5,17.6,16.7,16.7,1912.0,32527.0,-3.4682,1.1023,448.0,0.0,0.0,0.0,0.0,20427.0,1124.0,1507.0,101.0,25.0,3.0,55.67,,
1999/10/04,16.7,17.0,16.2,16.9,948.0,15800.0,1.1976,0.5465,318.0,0.0,0.0,0.0,0.0,20384.0,451.0,503.0,0.0,25.0,0.0,56.33,,
1999/10/05,17.1,17.3,16.5,16.8,676.0,11455.0,-0.5917,0.3897,250.0,0.0,0.0,0.0,0.0,20414.0,414.0,414.0,0.0,36.0,11.0,56.0,,
1999/10/06,16.8,17.0,16.4,16.6,501.0,8282.0,-1.1905,0.2888,164.0,0.0,0.0,0.0,0.0,20377.0,321.0,363.0,3.0,36.0,3.0,55.33,,
1999/10/07,16.8,17.0,16.6,17.0,488.0,8232.0,2.4096,0.2813,177.0,0.0,0.0,0.0,0.0,20251.0,143.0,251.0,0.0,41.0,5.0,56.67,,
1999/10/08,17.1,17.1,16.6,16.6,427.0,7169.0,-2.3529,0.2462,147.0,0.0,0.0,0.0,0.0,20176.0,199.0,268.0,6.0,35.0,0.0,55.33,,
1999/10/11,16.6,16.8,16.2,16.8,1025.0,16963.0,1.2048,0.5909,222.0,0.0,0.0,0.0,0.0,20128.0,231.0,275.0,10.0,34.0,0.0,56.0,,
1999/10/12,17.2,17.5,16.9,17.3,1637.0,28170.0,2.9762,0.9437,419.0,0.0,0.0,0.0,0.0,20047.0,664.0,771.0,23.0,23.0,12.0,57.67,,
1999/10/13,17.0,17.2,16.8,16.8,1103.0,18770.0,-2.8902,0.6359,270.0,0.0,0.0,0.0,0.0,19927.0,553.0,663.0,0.0,23.0,0.0,56.0,,
1999/10/14,16.8,17.9,16.6,17.9,2677.0,46082.0,6.5476,1.5433,632.0,0.0,0.0,0.0,0.0,19963.0,871.0,833.0,10.0,38.0,25.0,59.67,,
1999/10/15,17.8,17.8,17.3,17.3,1082.0,18970.0,-3.352,0.6238,395.0,0.0,0.0,0.0,0.0,19948.0,678.0,708.0,5.0,33.0,0.0,57.67,,
1999/10/16,17.0,17.5,16.9,17.5,960.0,16452.0,1.1561,0.5534,286.0,0.0,0.0,0.0,0.0,19814.0,377.0,501.0,10.0,33.0,10.0,58.33,,
1999/10/18,18.0,18.0,17.4,17.8,2044.0,36277.0,1.7143,1.1784,593.0,0.0,0.0,0.0,0.0,20151.0,1088.0,743.0,0.0,53.0,20.0,59.33,,
1999/10/19,18.1,18.1,17.0,17.2,1560.0,27484.0,-3.3708,0.8993,465.0,0.0,0.0,0.0,0.0,20135.0,795.0,810.0,15.0,45.0,10.0,57.33,,
1999/10/20,17.2,17.3,16.8,16.9,612.0,10432.0,-1.7442,0.3528,204.0,0.0,0.0,0.0,0.0,19932.0,260.0,413.0,5.0,40.0,0.0,56.33,,
1999/10/21,17.2,17.3,16.8,16.9,390.0,6651.0,0.0,0.2248,181.0,0.0,0.0,0.0,0.0,19861.0,168.0,241.0,0.0,40.0,0.0,56.33,,
1999/10/22,16.9,17.1,16.5,16.5,605.0,10112.0,-2.3669,0.3488,216.0,0.0,0.0,0.0,0.0,19850.0,345.0,345.0,10.0,40.0,10.0,55.0,,
1999/10/25,16.6,16.9,16.6,16.7,307.0,5149.0,1.2121,0.177,121.0,0.0,0.0,0.0,0.0,19781.0,109.0,158.0,10.0,63.0,33.0,55.67,,
1999/10/26,16.7,16.9,16.5,16.6,502.0,8378.0,-0.5988,0.2894,148.0,0.0,0.0,0.0,0.0,19669.0,260.0,362.0,0.0,63.0,0.0,55.33,,
1999/10/27,16.6,16.8,16.5,16.7,453.0,7521.0,0.6024,0.2612,141.0,0.0,0.0,0.0,0.0,19521.0,134.0,272.0,30.0,44.0,11.0,55.67,,
1999/10/28,16.5,16.7,16.4,16.5,414.0,6845.0,-1.1976,0.2387,131.0,0.0,0.0,0.0,0.0,19325.0,152.0,298.0,5.0,39.0,0.0,55.0,,
1999/10/29,16.5,16.7,16.3,16.4,391.0,6449.0,-0.6061,0.2254,156.0,0.0,0.0,0.0,0.0,19319.0,161.0,167.0,10.0,71.0,42.0,54.67,,
1999/10/30,16.6,17.1,16.6,16.9,1350.0,22838.0,3.0488,0.7783,332.0,0.0,0.0,0.0,0.0,19208.0,447.0,558.0,37.0,41.0,7.0,56.33,,
1999/11/01,17.1,17.3,17.0,17.2,1321.0,22675.0,1.7751,0.7616,314.0,0.0,0.0,0.0,0.0,19264.0,679.0,454.0,18.0,28.0,5.0,57.33,,
1999/11/02,17.5,17.5,16.7,16.7,537.0,9150.0,-2.907,0.3096,207.0,0.0,0.0,0.0,0.0,19343.0,453.0,349.0,1.0,29.0,2.0,55.67,,
1999/11/03,16.7,16.8,16.3,16.3,351.0,5809.0,-2.3952,0.2024,150.0,0.0,0.0,0.0,0.0,19215.0,126.0,179.0,0.0,29.0,0.0,56.21,,
1999/11/04,16.3,16.5,16.1,16.2,519.0,8461.0,-0.6135,0.2992,182.0,0.0,0.0,0.0,0.0,19132.0,177.0,231.0,0.0,100.0,71.0,55.86,,
1999/11/05,16.2,16.2,15.8,16.0,468.0,7470.0,-1.2346,0.2698,155.0,0.0,0.0,0.0,0.0,19087.0,213.0,253.0,18.0,93.0,11.0,55.17,,
1999/11/06,15.5,16.2,15.3,15.7,564.0,8803.0,-1.875,0.3251,230.0,0.0,0.0,0.0,0.0,18969.0,225.0,343.0,46.0,51.0,4.0,54.14,,
1999/11/08,15.5,15.7,14.7,15.7,858.0,13018.0,0.0,0.4946,223.0,10.0,0.0,0.0,0.0,18900.0,288.0,317.0,16.0,46.0,11.0,54.14,,
1999/11/09,16.0,16.0,15.6,15.6,848.0,13403.0,-0.6369,0.4889,216.0,-10.0,0.0,0.0,0.0,18757.0,121.0,230.0,0.0,87.0,41.0,53.79,,
1999/11/10,15.3,15.9,15.3,15.6,369.0,5775.0,0.0,0.2127,151.0,0.0,0.0,0.0,0.0,18673.0,102.0,126.0,9.0,82.0,4.0,53.79,,
1999/11/11,15.5,15.9,15.5,15.8,868.0,13639.0,1.2821,0.5004,240.0,0.0,0.0,0.0,0.0,18835.0,330.0,163.0,29.0,274.0,221.0,54.48,,
1999/11/15,16.0,16.2,15.5,15.7,670.0,10583.0,-0.6329,0.3863,189.0,0.0,0.0,0.0,0.0,18880.0,257.0,197.0,0.0,274.0,0.0,54.14,,
1999/11/16,15.9,16.0,15.7,15.9,555.0,8786.0,1.2739,0.32,227.0,0.0,0.0,0.0,0.0,18804.0,312.0,375.0,2.0,274.0,2.0,54.83,,
1999/11/17,16.0,16.4,16.0,16.4,1243.0,20150.0,3.1447,0.7166,391.0,0.0,0.0,0.0,0.0,18812.0,601.0,622.0,0.0,326.0,52.0,56.55,,
1999/11/18,16.4,16.7,16.2,16.6,1362.0,22492.0,1.2195,0.7852,411.0,0.0,0.0,0.0,0.0,18746.0,581.0,628.0,0.0,329.0,3.0,57.24,,
1999/11/19,17.0,17.3,16.7,16.7,2175.0,37080.0,0.6024,1.2539,565.0,0.0,0.0,0.0,0.0,18580.0,567.0,729.0,4.0,355.0,30.0,57.59,,
1999/11/20,17.5,17.5,16.8,17.1,2056.0,35264.0,2.3952,1.1853,554.0,0.0,0.0,0.0,0.0,19229.0,1226.0,558.0,15.0,342.0,2.0,58.97,,
1999/11/22,17.5,17.7,17.0,17.5,3861.0,67318.0,2.3392,2.2259,993.0,0.0,0.0,0.0,0.0,20100.0,1788.0,862.0,212.0,135.0,10.0,60.34,,
1999/11/23,17.8,17.8,17.0,17.1,2154.0,37428.0,-2.2857,1.2418,567.0,0.0,0.0,0.0,0.0,20276.0,1192.0,1006.0,6.0,130.0,1.0,58.97,,
1999/11/24,17.3,17.5,16.7,17.1,2419.0,41655.0,0.0,1.3946,723.0,0.0,0.0,0.0,0.0,20630.0,1404.0,979.0,12.0,152.0,34.0,58.97,,
1999/11/25,16.0,17.1,16.0,17.0,2506.0,41434.0,-0.5848,1.4447,623.0,0.0,0.0,0.0,0.0,20109.0,538.0,1020.0,44.0,126.0,18.0,58.62,,
1999/11/26,17.0,17.5,16.0,16.6,2591.0,43886.0,-2.3529,1.4937,712.0,0.0,0.0,0.0,0.0,20419.0,1423.0,1128.0,21.0,115.0,10.0,57.24,,
1999/11/29,16.9,17.2,16.4,16.8,1625.0,27218.0,1.2048,0.9368,461.0,0.0,0.0,0.0,0.0,20110.0,762.0,1071.0,10.0,132.0,27.0,57.93,,
1999/11/30,17.0,17.0,16.1,16.2,1766.0,29191.0,-3.5714,1.0181,409.0,0.0,0.0,0.0,0.0,19818.0,1071.0,1351.0,11.0,113.0,2.0,55.86,,
1999/12/01,16.0,16.3,16.0,16.2,618.0,9981.0,0.0,0.3563,246.0,0.0,0.0,0.0,0.0,19735.0,279.0,357.0,14.0,123.0,24.0,55.86,,
1999/12/02,16.3,16.5,16.2,16.3,607.0,9930.0,0.6173,0.3499,236.0,0.0,0.0,0.0,0.0,19558.0,221.0,373.0,20.0,103.0,0.0,56.21,,
1999/12/03,16.6,17.4,16.5,17.1,6844.0,116504.0,4.908,3.9456,1247.0,1.0,0.0,0.0,0.0,20830.0,2446.0,1164.0,3.0,120.0,20.0,58.97,,
1999/12/04,17.3,17.4,16.8,16.8,2227.0,37969.0,-1.7544,1.2839,522.0,1.0,0.0,0.0,0.0,20979.0,1522.0,1293.0,20.0,103.0,3.0,57.93,,
1999/12/06,17.0,17.5,16.6,16.9,5294.0,90293.0,0.5952,3.052,949.0,0.0,0.0,0.0,0.0,21716.0,2660.0,1943.0,0.0,230.0,127.0,58.28,,
1999/12/07,16.9,17.2,16.3,16.3,1861.0,31083.0,-3.5503,1.0729,516.0,0.0,0.0,0.0,0.0,21420.0,1008.0,1306.0,107.0,123.0,5.0,56.21,,
1999/12/08,16.3,16.5,16.0,16.4,1441.0,23392.0,0.6135,0.8307,454.0,0.0,0.0,0.0,0.0,20920.0,475.0,975.0,51.0,104.0,32.0,56.55,,
1999/12/09,16.4,17.5,16.4,17.1,5457.0,93694.0,4.2683,3.146,1231.0,-1.0,0.0,0.0,0.0,21601.0,2742.0,2048.0,5.0,226.0,127.0,58.97,,
1999/12/10,17.4,18.2,17.4,18.2,12659.0,228248.0,6.4327,7.2979,2859.0,0.0,0.0,0.0,0.0,24480.0,6733.0,4019.0,10.0,1219.0,1003.0,62.76,,
1999/12/13,18.7,18.8,17.8,18.3,8807.0,160950.0,0.5495,5.0773,2118.0,0.0,0.0,0.0,0.0,23688.0,4032.0,4796.0,385.0,1077.0,263.0,63.1,,
1999/12/14,18.4,18.5,17.5,17.5,4222.0,75640.0,-4.3716,2.434,1174.0,0.0,0.0,0.0,0.0,23321.0,2574.0,2959.0,341.0,779.0,50.0,60.34,,
1999/12/15,17.5,18.2,17.2,17.7,4006.0,71448.0,1.1429,2.3095,1039.0,0.0,0.0,0.0,0.0,23613.0,2298.0,2009.0,124.0,786.0,137.0,61.03,,
1999/12/16,17.7,17.9,17.1,17.1,2548.0,44534.0,-3.3898,1.4689,685.0,0.0,0.0,0.0,0.0,23161.0,1291.0,1723.0,285.0,495.0,0.0,58.97,,
1999/12/17,17.2,17.8,17.2,17.5,3304.0,57702.0,2.3392,1.9048,867.0,0.0,0.0,0.0,0.0,23145.0,1514.0,1530.0,32.0,561.0,102.0,60.34,,
1999/12/18,17.8,17.8,17.1,17.2,1766.0,30724.0,-1.7143,1.0181,505.0,0.0,0.0,0.0,0.0,22843.0,1060.0,1362.0,126.0,434.0,1.0,59.31,,
1999/12/20,17.3,17.3,17.0,17.0,1037.0,17787.0,-1.1628,0.5978,290.0,0.0,0.0,0.0,0.0,22734.0,617.0,726.0,124.0,325.0,15.0,58.62,,
1999/12/21,17.1,17.4,17.1,17.1,2157.0,37256.0,0.5882,1.2435,512.0,0.0,0.0,0.0,0.0,22801.0,965.0,898.0,102.0,253.0,30.0,58.97,,
1999/12/22,17.4,17.8,17.3,17.5,3026.0,53256.0,2.3392,1.7445,777.0,0.0,0.0,0.0,0.0,23031.0,1493.0,1273.0,10.0,256.0,13.0,60.34,,
1999/12/23,17.5,17.5,17.1,17.3,1396.0,24115.0,-1.1429,0.8048,390.0,0.0,0.0,0.0,0.0,22834.0,612.0,811.0,76.0,180.0,0.0,59.66,,
1999/12/24,17.5,18.3,17.3,18.3,3501.0,61906.0,5.7803,2.0183,848.0,0.0,0.0,0.0,0.0,23331.0,1976.0,1483.0,28.0,197.0,49.0,63.1,,
1999/12/27,18.7,19.3,18.7,18.9,8745.0,165745.0,3.2787,5.0415,1859.0,0.0,0.0,0.0,0.0,23840.0,5044.0,4522.0,18.0,201.0,29.0,65.17,,
1999/12/28,19.0,19.0,18.0,18.3,3720.0,67968.0,-3.1746,2.1446,892.0,0.0,0.0,0.0,0.0,23285.0,2050.0,2392.0,57.0,141.0,0.0,63.1,,
2000/01/04,18.6,19.0,18.3,18.4,5201.0,96957.0,0.5464,2.9984,991.0,0.0,0.0,0.0,0.0,23947.0,3389.0,2712.0,0.0,151.0,10.0,63.45,,
2000/01/05,18.2,19.2,18.2,19.2,6033.0,113219.0,4.3478,3.478,1285.0,0.0,0.0,0.0,0.0,24772.0,3613.0,2871.0,0.0,206.0,55.0,66.21,,
2000/01/06,19.4,20.5,19.4,20.5,11322.0,226630.0,6.7708,6.5272,1875.0,0.0,0.0,0.0,0.0,25294.0,5507.0,5036.0,32.0,294.0,130.0,70.69,,
2000/01/07,21.5,21.9,21.5,21.9,18292.0,398317.0,6.8293,10.5454,2179.0,25.0,0.0,0.0,0.0,29717.0,11615.0,7339.0,3.0,627.0,338.0,75.52,,
2000/01/10,23.3,23.3,21.6,21.9,12772.0,289125.0,0.0,7.3631,2437.0,120.0,0.0,0.0,0.0,29159.0,6538.0,6894.0,121.0,557.0,51.0,75.52,,
2000/01/11,22.1,22.4,20.4,20.4,7404.0,157791.0,-6.8493,4.2684,1545.0,-35.0,0.0,0.0,0.0,28337.0,3908.0,4780.0,258.0,304.0,6.0,70.34,,
2000/01/12,20.5,21.3,20.5,21.0,4741.0,98769.0,2.9412,2.7332,1186.0,0.0,0.0,0.0,0.0,28365.0,2583.0,2522.0,53.0,281.0,36.0,72.41,,
2000/01/13,21.5,21.5,20.1,20.1,3337.0,69084.0,-4.2857,1.9238,829.0,5.0,0.0,0.0,0.0,28100.0,1944.0,2202.0,70.0,209.0,0.0,69.31,,
2000/01/14,20.5,21.3,20.2,21.0,4623.0,96203.0,4.4776,2.6652,1286.0,-95.0,0.0,0.0,0.0,28342.0,2701.0,2274.0,14.0,266.0,82.0,72.41,,
2000/01/15,21.4,21.5,20.4,20.7,2568.0,53382.0,-1.4286,1.4805,677.0,5.0,0.0,0.0,0.0,28130.0,1652.0,1873.0,45.0,226.0,5.0,71.38,,
2000/01/17,21.1,22.1,20.8,22.1,5963.0,129195.0,6.7633,3.4377,1372.0,-5.0,0.0,0.0,0.0,29288.0,3907.0,2840.0,5.0,436.0,215.0,76.21,,
2000/01/18,22.1,23.0,21.8,21.8,8952.0,201021.0,-1.3575,5.1608,2020.0,0.0,0.0,0.0,0.0,29444.0,4848.0,4687.0,155.0,387.0,126.0,75.17,,
2000/01/19,22.0,22.4,21.0,21.5,3279.0,71096.0,-1.3761,1.8903,983.0,0.0,0.0,0.0,0.0,29159.0,1966.0,2227.0,104.0,292.0,11.0,74.14,,
2000/01/20,21.7,21.8,21.0,21.0,1509.0,32189.0,-2.3256,0.8699,518.0,2.0,0.0,0.0,0.0,29072.0,906.0,939.0,59.0,212.0,4.0,72.41,,
2000/01/21,21.0,21.7,21.0,21.5,3513.0,75237.0,2.381,2.0253,879.0,0.0,0.0,0.0,0.0,28908.0,2207.0,2378.0,17.0,221.0,35.0,74.14,,
2000/01/24,22.0,22.0,21.3,21.6,3272.0,70465.0,0.4651,1.8863,814.0,0.0,0.0,0.0,0.0,28319.0,1744.0,2303.0,8.0,217.0,5.0,74.48,,
2000/01/25,21.6,21.9,21.1,21.6,3333.0,71929.0,0.0,1.9215,855.0,0.0,0.0,0.0,0.0,28521.0,2049.0,1844.0,4.0,210.0,5.0,74.48,,
2000/01/26,21.8,22.8,21.8,22.4,5763.0,128350.0,3.7037,3.3224,1385.0,0.0,0.0,0.0,0.0,29308.0,3457.0,2682.0,1.0,243.0,34.0,77.24,,
2000/01/27,23.9,23.9,23.3,23.9,9017.0,214521.0,6.6964,5.1983,1802.0,-15.0,0.0,0.0,0.0,30337.0,5587.0,4480.0,3.0,414.0,177.0,82.41,,
2000/01/28,24.2,25.5,24.2,25.5,12866.0,318613.0,6.6946,7.4173,2276.0,-2.0,0.0,0.0,0.0,28997.0,4193.0,5130.0,79.0,898.0,247.0,87.93,,
2000/01/29,25.1,25.1,24.2,24.9,5043.0,124424.0,-2.3529,2.9073,1274.0,0.0,0.0,0.0,0.0,28970.0,2944.0,3004.0,188.0,333.0,0.0,85.86,,
2000/01/31,24.9,26.6,24.9,26.1,6403.0,166370.0,4.8193,3.6913,1371.0,-5.0,0.0,0.0,0.0,29301.0,3269.0,2882.0,32.0,540.0,257.0,90.0,,
2000/02/01,27.4,27.4,26.3,26.3,7284.0,195130.0,0.7663,4.1992,1729.0,0.0,0.0,0.0,0.0,29742.0,3790.0,3176.0,19.0,567.0,51.0,90.69,,
2000/02/09,26.8,26.8,25.3,25.7,4523.0,117460.0,-2.2814,2.6075,991.0,0.0,0.0,0.0,0.0,28757.0,2425.0,3418.0,155.0,396.0,0.0,88.62,,
2000/02/10,25.7,27.4,25.7,27.4,8610.0,230366.0,6.6148,4.9637,1805.0,0.0,0.0,0.0,0.0,30212.0,5069.0,3497.0,16.0,438.0,60.0,94.48,,
2000/02/11,28.4,29.3,28.4,29.3,12135.0,353706.0,6.9343,6.9958,1490.0,0.0,0.0,0.0,0.0,31741.0,6293.0,4725.0,0.0,937.0,455.0,101.03,,
2000/02/14,30.9,31.3,29.5,30.5,13578.0,416783.0,4.0956,7.8277,2669.0,0.0,0.0,0.0,0.0,30198.0,5445.0,7037.0,148.0,1374.0,585.0,105.17,,
2000/02/15,30.5,30.8,28.8,28.9,5353.0,157867.0,-5.2459,3.086,1361.0,0.0,0.0,0.0,0.0,29393.0,2750.0,3563.0,569.0,760.0,16.0,99.66,,
2000/02/16,29.2,30.9,28.9,30.9,6116.0,183271.0,6.9204,3.5259,1459.0,0.0,0.0,0.0,0.0,29267.0,3037.0,3012.0,47.0,813.0,121.0,106.55,,
2000/02/17,31.3,32.4,30.7,30.9,8374.0,264563.0,0.0,4.8276,1986.0,0.0,0.0,0.0,0.0,28337.0,4204.0,4975.0,76.0,782.0,49.0,106.55,,
2000/02/18,30.9,31.3,29.2,29.2,7016.0,212154.0,-5.5016,4.0447,1767.0,0.0,0.0,0.0,0.0,28523.0,3711.0,3558.0,110.0,669.0,26.0,100.69,,
2000/02/19,29.2,31.2,29.2,31.2,7946.0,243395.0,6.8493,4.5809,1734.0,0.0,0.0,0.0,0.0,28491.0,3698.0,3645.0,135.0,955.0,369.0,107.59,,
2000/02/21,33.0,33.0,31.4,31.9,9505.0,306318.0,2.2436,5.4796,1921.0,0.0,0.0,0.0,0.0,28193.0,4890.0,4978.0,231.0,872.0,144.0,110.0,,
2000/02/22,31.4,31.9,29.7,30.7,6381.0,195218.0,-3.7618,3.6787,1277.0,0.0,0.0,0.0,0.0,27008.0,3286.0,4055.0,375.0,481.0,0.0,105.86,,
2000/02/23,30.5,31.1,28.9,29.0,5437.0,163090.0,-5.5375,3.1344,1234.0,0.0,0.0,0.0,0.0,27684.0,3236.0,2598.0,75.0,402.0,2.0,100.0,,
2000/02/24,28.5,29.5,27.3,28.1,5453.0,155833.0,-3.1034,3.1437,1160.0,0.0,0.0,0.0,0.0,27221.0,2877.0,3243.0,120.0,294.0,12.0,96.9,,
2000/02/25,28.2,28.5,26.2,26.2,3338.0,90677.0,-6.7616,1.9244,867.0,0.0,0.0,0.0,0.0,27159.0,1796.0,1854.0,64.0,256.0,26.0,90.34,,
2000/02/29,26.3,26.4,24.4,24.4,3021.0,75130.0,-6.8702,1.7416,749.0,0.0,0.0,0.0,0.0,27185.0,1676.0,1665.0,69.0,188.0,2.0,84.14,,
2000/03/01,24.7,26.1,24.6,26.1,4803.0,123183.0,6.9672,2.7689,1141.0,-6.0,0.0,0.0,0.0,27338.0,2708.0,2412.0,102.0,311.0,230.0,90.0,,
2000/03/02,26.3,26.3,24.3,24.8,3448.0,86488.0,-4.9808,1.9878,946.0,0.0,0.0,0.0,0.0,26874.0,2160.0,2586.0,58.0,253.0,0.0,85.52,,
2000/03/03,24.9,25.5,24.6,24.8,2521.0,63225.0,0.0,1.4534,836.0,0.0,0.0,0.0,0.0,26990.0,1243.0,1189.0,5.0,259.0,6.0,85.52,,
2000/03/04,25.9,26.5,25.2,26.3,8395.0,220444.0,6.0484,4.8397,1715.0,0.0,0.0,0.0,0.0,28481.0,4989.0,3486.0,171.0,495.0,407.0,90.69,,
2000/03/06,26.1,27.8,25.7,27.6,7324.0,196005.0,4.943,4.2223,1577.0,0.0,0.0,0.0,0.0,28411.0,4176.0,3798.0,70.0,592.0,193.0,95.17,,
2000/03/07,27.6,28.1,26.6,26.9,4643.0,126658.0,-2.5362,2.6767,1029.0,0.0,0.0,0.0,0.0,28221.0,3413.0,3565.0,438.0,189.0,35.0,92.76,,
2000/03/08,27.0,27.3,26.6,26.6,3155.0,84771.0,-1.1152,1.8189,814.0,0.0,0.0,0.0,0.0,28363.0,2201.0,2059.0,44.0,172.0,33.0,91.72,,
2000/03/09,27.1,28.4,27.1,28.4,8503.0,239726.0,6.7669,4.902,1655.0,0.0,0.0,0.0,0.0,29749.0,5426.0,4043.0,13.0,369.0,203.0,97.93,,
2000/03/10,29.2,29.9,28.0,29.0,9784.0,283800.0,2.1127,5.6405,2220.0,-1.0,0.0,0.0,0.0,30398.0,5363.0,4719.0,175.0,287.0,97.0,100.0,,
2000/03/13,28.7,28.7,27.0,27.0,1287.0,35135.0,-6.8966,0.742,354.0,0.0,0.0,0.0,0.0,30338.0,744.0,819.0,107.0,163.0,0.0,93.1,,
2000/03/14,25.2,26.4,25.2,25.3,3142.0,79675.0,-6.2963,1.8114,784.0,0.0,0.0,0.0,0.0,30150.0,1523.0,1726.0,75.0,78.0,0.0,87.24,,
2000/03/15,24.6,25.7,23.6,23.6,2721.0,66373.0,-6.7194,1.5687,842.0,0.0,0.0,0.0,0.0,30182.0,1481.0,1459.0,0.0,91.0,13.0,81.38,,
2000/03/16,22.0,23.0,22.0,22.2,2635.0,58263.0,-5.9322,1.5191,630.0,0.0,0.0,0.0,0.0,29871.0,1358.0,1557.0,28.0,62.0,0.0,76.55,,
2000/03/17,22.3,22.7,21.4,22.2,3469.0,76546.0,0.0,1.9999,831.0,0.0,0.0,0.0,0.0,29201.0,1436.0,2068.0,3.0,92.0,33.0,76.55,,
2000/03/20,21.5,21.5,21.5,21.5,43.0,945.0,-3.1532,0.0248,15.0,0.0,0.0,0.0,0.0,29185.0,32.0,40.0,0.0,82.0,0.0,74.14,,
2000/03/21,20.8,23.0,20.8,23.0,2616.0,58326.0,6.9767,1.5081,661.0,0.0,0.0,0.0,0.0,29414.0,1521.0,1375.0,5.0,103.0,29.0,79.31,,
2000/03/22,23.4,24.6,23.2,24.6,3951.0,94764.0,6.9565,2.2778,1040.0,0.0,0.0,0.0,0.0,29352.0,1790.0,1832.0,8.0,179.0,78.0,84.83,,
2000/03/23,25.8,26.3,25.4,26.3,2900.0,75652.0,6.9106,1.6719,828.0,0.0,0.0,0.0,0.0,29519.0,1621.0,1441.0,29.0,252.0,104.0,90.69,,
2000/03/24,27.0,27.8,26.2,26.9,6824.0,184579.0,2.2814,3.934,1746.0,0.0,0.0,0.0,0.0,29732.0,2956.0,2764.0,30.0,391.0,170.0,92.76,,
2000/03/27,27.4,28.5,26.9,27.6,5618.0,154523.0,2.6022,3.2388,1443.0,0.0,0.0,0.0,0.0,29904.0,2868.0,2671.0,77.0,486.0,180.0,95.17,,
2000/03/28,27.3,27.6,26.4,26.6,3825.0,103191.0,-3.6232,2.2051,1094.0,0.0,0.0,0.0,0.0,30020.0,2191.0,2087.0,142.0,344.0,0.0,91.72,,
2000/03/29,26.3,27.6,25.9,26.7,5789.0,156342.0,0.3759,3.3374,1465.0,0.0,0.0,0.0,0.0,30840.0,3400.0,2524.0,55.0,325.0,51.0,92.07,,
2000/03/30,27.5,28.0,26.0,26.0,5908.0,161187.0,-2.6217,3.406,1472.0,0.0,0.0,0.0,0.0,30569.0,3065.0,3485.0,34.0,323.0,42.0,89.66,,
2000/03/31,26.0,26.4,25.1,25.5,3015.0,77019.0,-1.9231,1.7382,828.0,0.0,0.0,0.0,0.0,29940.0,1456.0,2085.0,79.0,291.0,57.0,87.93,,
2000/04/01,26.0,26.5,25.4,26.4,3673.0,95469.0,3.5294,2.1175,1042.0,0.0,0.0,0.0,0.0,29779.0,1713.0,1820.0,22.0,295.0,31.0,91.03,,
2000/04/05,25.5,26.8,25.5,26.3,3086.0,81488.0,-0.3788,1.7791,853.0,0.0,0.0,0.0,0.0,30188.0,1883.0,1477.0,50.0,249.0,5.0,90.69,,
2000/04/06,26.4,28.1,26.4,28.1,9410.0,260042.0,6.8441,5.4249,1821.0,0.0,0.0,0.0,0.0,32062.0,5422.0,3570.0,18.0,308.0,78.0,96.9,,
2000/04/07,28.9,30.0,28.9,29.3,21506.0,635133.0,4.2705,12.3982,4087.0,0.0,0.0,0.0,0.0,31696.0,9363.0,9706.0,39.0,626.0,364.0,101.03,,
2000/04/08,29.5,30.9,29.3,29.5,11523.0,346728.0,0.6826,6.643,2131.0,0.0,0.0,0.0,0.0,31438.0,6005.0,6277.0,272.0,344.0,0.0,101.72,,
2000/04/10,30.5,31.5,29.7,31.5,9378.0,292029.0,6.7797,5.4064,2061.0,0.0,0.0,0.0,0.0,32930.0,5892.0,4250.0,246.0,84.0,0.0,108.62,,
2000/04/11,33.5,33.5,31.5,32.5,14984.0,490545.0,3.1746,8.6383,3140.0,0.0,0.0,0.0,0.0,23300.0,0.0,9573.0,70.0,0.0,0.0,112.07,,
2000/04/12,33.7,34.7,31.8,34.7,16276.0,548095.0,6.7692,9.3831,3035.0,0.0,0.0,0.0,0.0,19041.0,0.0,3999.0,0.0,0.0,0.0,119.66,,
2000/04/13,35.0,35.1,32.3,32.9,17588.0,595982.0,-5.1873,10.1395,3407.0,-9.0,0.0,0.0,0.0,15956.0,0.0,3049.0,0.0,0.0,0.0,113.45,,
2000/04/14,31.0,33.6,31.0,31.8,13852.0,446064.0,-3.3435,7.9857,2808.0,-10.0,0.0,0.0,0.0,22006.0,7417.0,1548.0,0.0,2.0,2.0,109.66,,
2000/04/15,29.6,29.6,29.6,29.6,1900.0,56264.0,-6.9182,1.0954,551.0,0.0,0.0,0.0,0.0,22431.0,1023.0,583.0,0.0,2.0,0.0,102.07,,
2000/04/17,27.6,29.6,27.6,28.0,6797.0,192467.0,-5.4054,3.9185,1542.0,-10.0,0.0,0.0,0.0,24348.0,4249.0,2326.0,1.0,1.0,0.0,96.55,,
2000/04/18,29.8,29.9,28.6,29.9,10687.0,316725.0,6.7857,6.1611,1886.0,-10.0,0.0,0.0,0.0,27478.0,6849.0,3717.0,0.0,86.0,102.0,103.1,,
2000/04/19,30.5,31.7,30.5,30.6,14315.0,445051.0,2.3411,8.2526,2755.0,-10.0,0.0,0.0,0.0,30442.0,8314.0,5357.0,41.0,208.0,163.0,105.52,,
2000/04/20,31.2,32.7,30.5,30.6,23381.0,739367.0,0.0,13.4792,4793.0,-10.0,0.0,0.0,0.0,34894.0,10652.0,6280.0,62.0,1438.0,1282.0,105.52,,
2000/04/21,30.7,32.5,30.6,32.5,20384.0,643145.0,6.2092,11.7514,5046.0,-10.0,0.0,0.0,0.0,34563.0,5677.0,6040.0,721.0,2802.0,2063.0,112.07,,
2000/04/24,33.0,33.0,30.3,30.3,10711.0,334390.0,-6.7692,6.1749,2622.0,0.0,0.0,0.0,0.0,33310.0,5610.0,6913.0,1363.0,1443.0,66.0,104.48,,
2000/04/25,28.7,29.7,28.2,28.8,7149.0,205328.0,-4.9505,4.1214,1785.0,0.0,0.0,0.0,0.0,32402.0,4161.0,5084.0,909.0,522.0,0.0,99.31,,
2000/04/26,29.0,29.3,26.8,26.8,5100.0,142065.0,-6.9444,2.9402,1426.0,0.0,0.0,0.0,0.0,32377.0,3074.0,3054.0,197.0,359.0,45.0,92.41,,
2000/04/27,25.6,26.8,25.0,25.6,4684.0,119766.0,-4.4776,2.7003,1481.0,0.0,0.0,0.0,0.0,32599.0,2818.0,2574.0,114.0,278.0,34.0,88.28,,
2000/04/28,25.9,27.3,25.6,27.3,7313.0,194619.0,6.6406,4.216,1838.0,0.0,0.0,0.0,0.0,31865.0,2646.0,3069.0,125.0,446.0,293.0,94.14,,
2000/04/29,27.1,28.3,26.8,27.7,8008.0,221600.0,1.4652,4.6166,2048.0,0.0,0.0,0.0,0.0,32198.0,3906.0,3555.0,63.0,661.0,299.0,95.52,,
2000/05/02,28.5,28.9,27.5,27.5,8118.0,229630.0,-0.722,4.68,2122.0,0.0,0.0,0.0,0.0,32422.0,3917.0,3652.0,74.0,1220.0,620.0,94.83,,
2000/05/03,27.0,27.7,25.6,26.1,4433.0,118274.0,-5.0909,2.5556,1420.0,0.0,0.0,0.0,0.0,31925.0,1971.0,2506.0,566.0,712.0,61.0,90.0,,
2000/05/04,26.1,27.3,26.1,26.7,5134.0,137024.0,2.2989,2.9598,1525.0,0.0,0.0,0.0,0.0,32078.0,1986.0,1871.0,220.0,1167.0,659.0,92.07,,
2000/05/05,26.8,28.5,26.8,28.5,8854.0,247794.0,6.7416,5.1043,2378.0,0.0,0.0,0.0,0.0,32135.0,3673.0,3466.0,334.0,1380.0,547.0,40.14,,
2000/05/06,28.5,30.4,27.8,30.4,13055.0,386070.0,6.6667,7.5262,3302.0,-10.0,0.0,0.0,0.0,31781.0,4852.0,5234.0,309.0,1578.0,591.0,42.82,,
2000/05/08,30.7,31.6,30.4,30.9,15620.0,482535.0,1.6447,9.005,4141.0,-51.0,0.0,0.0,0.0,32932.0,6669.0,5505.0,247.0,2583.0,1265.0,43.52,,
2000/05/09,30.7,31.0,29.7,30.5,6517.0,197199.0,-1.2945,3.7571,1867.0,1.0,0.0,0.0,0.0,32399.0,3485.0,3945.0,933.0,1699.0,53.0,42.96,,
2000/05/10,30.4,31.5,29.8,29.8,10241.0,316093.0,-2.2951,5.904,3007.0,0.0,0.0,0.0,0.0,32778.0,4761.0,4323.0,218.0,1695.0,228.0,41.97,,
2000/05/11,29.0,29.2,27.9,28.0,5519.0,156924.0,-6.0403,3.1817,1796.0,0.0,0.0,0.0,0.0,32800.0,2960.0,2898.0,456.0,1234.0,0.0,39.44,,
2000/05/12,28.9,29.6,28.5,29.3,8846.0,257071.0,4.6429,5.0997,2120.0,0.0,0.0,0.0,0.0,34036.0,4127.0,2910.0,229.0,1737.0,746.0,41.27,,
2000/05/15,29.6,29.6,27.3,27.3,4563.0,128876.0,-6.8259,2.6306,1364.0,0.0,0.0,0.0,0.0,33407.0,2418.0,2806.0,454.0,1283.0,0.0,38.45,,
2000/05/16,27.3,28.2,27.0,27.9,8963.0,248936.0,2.1978,5.1672,2405.0,0.0,0.0,0.0,0.0,34012.0,3999.0,3396.0,349.0,1434.0,500.0,39.3,,
2000/05/17,28.5,29.8,28.5,29.8,12543.0,368152.0,6.81,7.2311,2708.0,0.0,0.0,0.0,0.0,34209.0,5554.0,5271.0,380.0,1596.0,512.0,41.97,,
2000/05/18,29.6,29.7,28.7,29.4,5890.0,172392.0,-1.3423,3.3956,1466.0,0.0,0.0,0.0,0.0,34693.0,3547.0,3110.0,247.0,1339.0,0.0,41.41,,
2000/05/19,28.8,31.0,28.8,31.0,12223.0,369903.0,5.4422,7.0466,2819.0,-10.0,0.0,0.0,0.0,36477.0,7413.0,5617.0,72.0,1935.0,690.0,43.66,,
2000/05/20,31.0,31.6,28.9,29.9,9004.0,275892.0,-3.5484,5.1908,2508.0,-1.0,0.0,0.0,0.0,35911.0,5519.0,6138.0,279.0,1770.0,119.0,42.11,,
2000/05/22,30.2,30.8,29.0,29.0,5924.0,177635.0,-3.01,3.4152,1693.0,-10.0,0.0,0.0,0.0,35590.0,3499.0,3819.0,237.0,1602.0,74.0,40.85,,
2000/05/23,29.1,29.8,28.9,29.0,9697.0,284439.0,0.0,5.5903,2689.0,0.0,0.0,0.0,0.0,35944.0,3785.0,3330.0,254.0,2020.0,735.0,40.85,,
2000/05/24,27.5,28.4,27.5,27.8,4547.0,126818.0,-4.1379,2.6214,1485.0,-10.0,0.0,0.0,0.0,35812.0,2223.0,2310.0,611.0,1407.0,0.0,39.15,,
2000/05/25,28.7,28.7,27.3,27.3,3969.0,110995.0,-1.7986,2.2881,1278.0,-10.0,0.0,0.0,0.0,35584.0,1910.0,2131.0,204.0,1410.0,209.0,38.45,,
2000/05/26,27.3,27.8,27.2,27.7,4155.0,114564.0,1.4652,2.3954,1306.0,-10.0,0.0,0.0,0.0,35257.0,1392.0,1594.0,229.0,1629.0,448.0,39.01,,
2000/05/29,27.9,28.4,27.5,27.6,3142.0,87790.0,-0.361,1.8114,1154.0,0.0,0.0,0.0,0.0,35352.0,1536.0,1423.0,84.0,1867.0,347.0,38.87,,
2000/05/30,28.0,28.8,27.8,28.8,5145.0,145658.0,4.3478,2.9661,1414.0,0.0,0.0,0.0,0.0,35263.0,2220.0,2292.0,318.0,1861.0,313.0,40.56,,
2000/05/31,29.5,29.7,28.8,28.8,8791.0,258291.0,0.0,5.068,2153.0,-10.0,0.0,0.0,0.0,35480.0,4247.0,4016.0,467.0,1478.0,84.0,40.56,,
2000/06/01,28.8,28.8,27.7,28.7,3838.0,108504.0,-0.3472,2.2126,1028.0,0.0,0.0,0.0,0.0,35020.0,1750.0,2225.0,261.0,1218.0,1.0,40.42,,
2000/06/02,29.3,29.4,28.0,28.3,6736.0,195175.0,-1.3937,3.8833,1735.0,0.0,0.0,0.0,0.0,36149.0,4047.0,2934.0,152.0,1172.0,128.0,39.86,,
2000/06/03,28.8,29.2,28.3,28.5,6536.0,187749.0,0.7067,3.768,1672.0,0.0,0.0,0.0,0.0,36563.0,3139.0,2750.0,154.0,1153.0,135.0,40.14,,
2000/06/05,28.6,29.5,28.3,29.5,7482.0,218160.0,3.5088,4.3134,1960.0,0.0,0.0,0.0,0.0,36949.0,3445.0,3008.0,104.0,1451.0,568.0,41.55,,
2000/06/07,29.5,30.8,29.3,29.9,15579.0,470401.0,1.3559,8.9813,3878.0,-10.0,0.0,0.0,0.0,37434.0,6638.0,6165.0,336.0,1278.0,166.0,42.11,,
2000/06/08,30.0,30.1,29.2,29.2,5709.0,168876.0,-2.3411,3.2912,1703.0,-1.0,0.0,0.0,0.0,37572.0,3547.0,3319.0,127.0,1147.0,2.0,41.13,,
2000/06/09,29.7,30.1,29.3,29.7,5483.0,162829.0,1.7123,3.161,1624.0,0.0,0.0,0.0,0.0,37739.0,2614.0,2435.0,37.0,1223.0,113.0,41.83,,
2000/06/12,29.9,30.4,29.3,29.5,5364.0,160696.0,-0.6734,3.0924,1634.0,0.0,0.0,0.0,0.0,37706.0,3078.0,3113.0,89.0,1171.0,37.0,41.55,,
2000/06/13,28.9,29.3,28.6,28.9,3552.0,102705.0,-2.0339,2.0477,1053.0,0.0,0.0,0.0,0.0,37419.0,2286.0,2564.0,201.0,970.0,0.0,40.7,,
2000/06/14,29.0,29.4,28.2,28.5,4327.0,124036.0,-1.3841,2.4945,1262.0,0.0,0.0,0.0,0.0,36389.0,2105.0,3139.0,66.0,918.0,21.0,40.14,,
2000/06/15,28.5,28.7,27.8,28.3,2765.0,77714.0,-0.7018,1.594,1025.0,0.0,0.0,0.0,0.0,36088.0,1400.0,1699.0,120.0,806.0,8.0,39.86,,
2000/06/16,28.3,28.5,27.9,28.1,1703.0,48157.0,-0.7067,0.9818,690.0,0.0,0.0,0.0,0.0,36079.0,804.0,793.0,39.0,803.0,35.0,39.58,,
2000/06/17,28.8,29.1,28.5,28.6,5598.0,161319.0,1.7794,3.2273,1676.0,0.0,0.0,0.0,0.0,36114.0,2356.0,2273.0,31.0,976.0,214.0,40.28,,
2000/06/19,28.9,28.9,28.0,28.2,2631.0,74434.0,-1.3986,1.5168,906.0,0.0,0.0,0.0,0.0,36031.0,1358.0,1441.0,139.0,837.0,0.0,39.72,,
2000/06/20,28.5,29.5,28.5,29.0,8829.0,256234.0,2.8369,5.0899,2432.0,-17.0,0.0,0.0,0.0,36002.0,3435.0,3483.0,31.0,1136.0,330.0,40.85,,
2000/06/21,29.2,29.3,28.4,28.4,4518.0,130644.0,-2.069,2.6046,1266.0,0.0,0.0,0.0,0.0,36016.0,2334.0,2354.0,204.0,1024.0,92.0,40.0,,
2000/06/22,28.4,30.3,28.4,30.3,10313.0,305743.0,6.6901,5.9455,2726.0,-10.0,0.0,0.0,0.0,36584.0,4620.0,4130.0,121.0,1130.0,227.0,42.68,,
2000/06/23,30.0,31.4,30.0,30.3,18751.0,574996.0,0.0,10.81,5420.0,-10.0,0.0,0.0,0.0,37268.0,8753.0,7943.0,66.0,1494.0,456.0,42.68,,
2000/06/26,30.0,30.2,28.5,28.8,4478.0,130991.0,-4.9505,2.5816,1646.0,0.0,0.0,0.0,0.0,37086.0,2340.0,2432.0,444.0,929.0,0.0,40.56,,
2000/06/27,29.1,29.1,28.0,28.0,3469.0,98730.0,-2.7778,1.9999,1301.0,0.0,0.0,0.0,0.0,36628.0,1802.0,1972.0,250.0,727.0,48.0,39.44,,
2000/06/28,27.5,28.5,27.0,28.5,4148.0,115111.0,1.7857,2.3913,1454.0,0.0,0.0,0.0,0.0,36100.0,1909.0,2287.0,152.0,623.0,48.0,40.14,,
2000/06/29,28.5,28.7,26.7,26.9,3504.0,96582.0,-5.614,2.0201,1166.0,0.0,0.0,0.0,0.0,35609.0,1950.0,2437.0,62.0,572.0,11.0,37.89,,
2000/06/30,26.9,27.7,26.4,27.3,4235.0,115060.0,1.487,2.4415,1448.0,-3.0,0.0,0.0,0.0,35705.0,2013.0,1928.0,40.0,775.0,243.0,38.45,,
2000/07/03,27.5,27.5,25.5,26.0,3030.0,80445.0,-4.7619,1.7468,975.0,0.0,0.0,0.0,0.0,35395.0,1404.0,1746.0,138.0,661.0,24.0,36.62,,
2000/07/04,26.0,26.5,25.1,25.5,3221.0,83373.0,-1.9231,1.8569,1119.0,0.0,0.0,0.0,0.0,35713.0,1637.0,1369.0,90.0,1059.0,489.0,35.92,,
2000/07/05,25.5,26.7,25.1,26.5,4760.0,123628.0,3.9216,2.7441,1460.0,0.0,0.0,0.0,0.0,35535.0,1897.0,1936.0,229.0,1140.0,306.0,37.32,,
2000/07/06,26.0,26.4,25.6,25.7,1798.0,46667.0,-3.0189,1.0366,651.0,0.0,0.0,0.0,0.0,35500.0,1053.0,1091.0,150.0,985.0,0.0,36.2,,
2000/07/07,25.8,26.3,25.1,25.2,2196.0,56228.0,-1.9455,1.266,738.0,0.0,0.0,0.0,0.0,35318.0,946.0,1119.0,251.0,851.0,120.0,35.49,,
2000/07/10,25.2,25.3,23.5,23.7,3247.0,77707.0,-5.9524,1.8719,1086.0,0.0,0.0,0.0,0.0,34957.0,1689.0,2068.0,89.0,797.0,40.0,33.38,,
2000/07/11,23.3,24.3,23.0,23.5,2627.0,62263.0,-0.8439,1.5145,1001.0,0.0,0.0,0.0,0.0,34868.0,1096.0,1142.0,170.0,803.0,206.0,33.1,,
2000/07/12,23.5,23.9,22.2,22.2,2600.0,60029.0,-5.5319,1.4989,891.0,0.0,0.0,0.0,0.0,34608.0,1429.0,1522.0,255.0,467.0,92.0,31.27,,
2000/07/13,22.5,23.7,22.5,23.7,4510.0,104711.0,6.7568,2.6,1354.0,0.0,0.0,0.0,0.0,35248.0,2262.0,1429.0,203.0,540.0,287.0,33.38,,
2000/07/14,23.8,24.9,23.7,24.5,4999.0,122034.0,3.3755,2.8819,1546.0,0.0,0.0,0.0,0.0,35058.0,2133.0,2280.0,220.0,505.0,180.0,34.51,,
2000/07/15,24.9,24.9,24.0,24.3,2033.0,49433.0,-0.8163,1.172,718.0,0.0,0.0,0.0,0.0,35294.0,1369.0,1137.0,139.0,375.0,12.0,34.23,,
2000/07/17,24.3,24.6,24.0,24.6,2135.0,52082.0,1.2346,1.2308,739.0,0.0,0.0,0.0,0.0,35427.0,1133.0,985.0,55.0,342.0,27.0,34.65,,
2000/07/18,24.8,24.8,23.5,23.5,1461.0,35196.0,-4.4715,0.8423,622.0,0.0,0.0,0.0,0.0,35351.0,784.0,820.0,167.0,172.0,0.0,33.1,,
2000/07/19,23.1,23.6,22.8,23.4,1481.0,34401.0,-0.4255,0.8538,580.0,0.0,0.0,0.0,0.0,34949.0,705.0,1086.0,171.0,0.0,0.0,32.96,,
2000/07/20,23.1,23.1,22.1,22.2,1454.0,32685.0,-5.1282,0.8382,542.0,1.0,0.0,0.0,0.0,33794.0,0.0,1140.0,0.0,0.0,0.0,31.27,,
2000/07/21,22.0,22.7,21.3,21.9,2047.0,44771.0,-1.3514,1.1801,725.0,0.0,0.0,0.0,0.0,32426.0,0.0,1354.0,0.0,0.0,0.0,30.85,,
2000/07/24,21.5,21.9,20.5,20.6,3007.0,63267.0,-5.9361,1.7335,962.0,0.0,0.0,0.0,0.0,30484.0,0.0,1885.0,0.0,0.0,0.0,29.01,,
2000/07/25,19.0,19.7,18.7,18.9,3933.0,75454.0,0.0583,2.0994,1276.0,0.0,0.0,0.0,0.0,31888.0,2078.0,695.0,0.0,234.0,234.0,26.62,,
2000/07/26,19.0,19.7,19.0,19.1,2473.0,47771.0,1.0582,1.3201,847.0,0.0,0.0,0.0,0.0,31991.0,1086.0,938.0,24.0,295.0,81.0,28.94,,
2000/07/27,19.2,19.2,17.8,19.1,2381.0,43625.0,0.0,1.271,767.0,0.0,0.0,0.0,0.0,31848.0,1237.0,1316.0,86.0,216.0,7.0,28.94,,
2000/07/28,18.6,20.4,18.6,20.4,5333.0,104959.0,6.8063,2.8468,1450.0,0.0,0.0,0.0,0.0,32552.0,2743.0,1944.0,79.0,346.0,209.0,30.91,,
2000/07/29,20.3,20.9,19.9,20.6,2809.0,57092.0,0.9804,1.4994,830.0,0.0,0.0,0.0,0.0,33259.0,1878.0,1067.0,9.0,357.0,20.0,31.21,,
2000/07/31,20.6,20.8,19.8,20.0,2585.0,52087.0,-2.9126,1.3799,634.0,0.0,0.0,0.0,0.0,32728.0,1346.0,1954.0,60.0,295.0,0.0,30.3,,
2000/08/01,20.2,20.3,19.3,19.3,1407.0,27970.0,-3.5,0.7511,487.0,0.0,,,,32690.0,815.0,848.0,58.0,321.0,84.0,29.24,,
2000/08/02,19.2,19.6,19.1,19.5,1393.0,26980.0,1.0363,0.7436,488.0,0.0,,,,32752.0,721.0,631.0,45.0,414.0,138.0,29.55,,
2000/08/03,19.5,20.5,19.0,20.3,2139.0,42437.0,4.1026,1.1418,688.0,-1.0,,,,32985.0,1120.0,901.0,93.0,376.0,55.0,30.76,,
2000/08/04,20.4,21.0,20.3,20.3,5115.0,105956.0,0.0,2.7304,1442.0,0.0,,,,33576.0,2448.0,1902.0,34.0,467.0,117.0,30.76,,
2000/08/05,20.3,20.6,19.8,20.3,1851.0,37374.0,0.0,0.9881,576.0,0.0,,,,33538.0,1071.0,1119.0,59.0,470.0,63.0,30.76,,
2000/08/07,20.3,20.5,20.0,20.1,1196.0,24138.0,-0.9852,0.6384,423.0,0.0,,,,33409.0,720.0,845.0,39.0,432.0,1.0,30.45,,
2000/08/08,20.4,20.7,20.1,20.7,2176.0,44471.0,2.9851,1.1615,735.0,0.0,,,,33651.0,1160.0,933.0,42.0,548.0,154.0,31.36,,
2000/08/09,20.9,21.7,20.7,21.5,4766.0,101502.0,3.8647,2.5441,1367.0,0.0,,,,34036.0,2195.0,1776.0,41.0,703.0,192.0,32.58,,
2000/08/10,21.7,21.8,21.2,21.3,2355.0,50522.0,-0.9302,1.2571,728.0,0.0,,,,34228.0,1664.0,1426.0,42.0,697.0,36.0,32.27,,
2000/08/11,21.3,21.6,21.0,21.1,1557.0,33144.0,-0.939,0.8311,526.0,0.0,,,,34221.0,986.0,982.0,26.0,695.0,24.0,31.97,,
2000/08/14,21.5,21.5,21.1,21.4,1433.0,30469.0,1.4218,0.7649,483.0,0.0,,,,34236.0,706.0,691.0,55.0,723.0,83.0,32.42,,
2000/08/15,21.5,21.6,21.1,21.3,1524.0,32512.0,-0.4673,0.8135,528.0,0.0,,,,34333.0,1029.0,918.0,81.0,698.0,62.0,32.27,,
2000/08/16,21.2,22.3,21.2,22.1,5266.0,115228.0,3.7559,2.811,1539.0,0.0,,,,34730.0,2588.0,2184.0,102.0,781.0,184.0,33.48,,
2000/08/17,22.3,22.4,21.7,22.3,3506.0,77453.0,0.905,1.8715,1044.0,0.0,,,,34224.0,1619.0,2163.0,63.0,797.0,80.0,33.79,,
2000/08/18,22.5,23.0,22.1,22.1,4431.0,100344.0,-0.8969,2.3653,1186.0,0.0,,,,34364.0,2659.0,2516.0,81.0,760.0,44.0,33.48,,
2000/08/19,22.3,22.7,21.8,22.7,3179.0,70521.0,2.7149,1.697,833.0,0.0,,,,33972.0,1317.0,1717.0,39.0,869.0,140.0,34.39,,
2000/08/21,22.8,23.5,22.5,23.4,5339.0,123127.0,3.0837,2.85,1375.0,0.0,,,,34020.0,2537.0,2481.0,128.0,874.0,133.0,35.45,,
2000/08/22,23.4,23.7,22.2,22.8,3210.0,73268.0,-2.5641,1.7135,840.0,0.0,,,,33755.0,1618.0,1790.0,101.0,776.0,19.0,34.55,,
2000/08/24,23.0,23.1,22.1,22.7,2741.0,62027.0,-0.4386,1.4631,823.0,0.0,,,,33841.0,1210.0,1058.0,57.0,753.0,27.0,34.39,,
2000/08/25,22.7,22.9,22.3,22.3,1475.0,33204.0,-1.7621,0.7874,379.0,0.0,,,,33814.0,876.0,862.0,62.0,744.0,53.0,33.79,,
2000/08/28,22.0,22.1,21.6,21.6,1049.0,22805.0,-3.139,0.56,336.0,0.0,,,,33648.0,539.0,673.0,68.0,676.0,0.0,32.73,,
2000/08/29,21.6,22.3,21.3,22.3,3244.0,70994.0,3.2407,1.7316,1022.0,0.0,,,,34212.0,1780.0,1063.0,95.0,770.0,189.0,33.79,,
2000/08/30,22.1,22.2,21.0,21.0,2400.0,51597.0,-5.8296,1.2811,720.0,0.0,,,,34376.0,1469.0,1314.0,241.0,517.0,0.0,31.82,,
2000/08/31,20.7,21.5,20.6,21.2,2281.0,48488.0,0.9524,1.2176,693.0,0.0,,,,34266.0,1186.0,1267.0,141.0,506.0,130.0,32.12,,
2000/09/01,21.6,21.6,20.3,20.4,2513.0,52929.0,-3.7736,1.3414,803.0,-10.0,,,,34283.0,1423.0,1390.0,120.0,735.0,349.0,30.91,,
2000/09/02,20.4,21.5,20.4,21.5,2485.0,52580.0,5.3922,1.3265,719.0,-10.0,,,,34596.0,1258.0,941.0,178.0,647.0,88.0,23.89,,
2000/09/04,21.6,21.9,21.3,21.8,2814.0,60900.0,1.3953,1.5021,756.0,-10.0,,,,34732.0,1471.0,1329.0,7.0,662.0,25.0,24.22,,
2000/09/05,21.3,21.8,21.1,21.4,1065.0,22799.0,-1.8349,0.5685,372.0,0.0,,,,34708.0,680.0,702.0,82.0,582.0,2.0,23.78,,
2000/09/06,21.4,21.4,20.7,21.3,1189.0,25078.0,-0.4673,0.6347,410.0,0.0,,,,34366.0,567.0,908.0,16.0,565.0,0.0,23.67,,
2000/09/07,21.0,21.2,20.5,21.2,882.0,18463.0,-0.4695,0.4708,314.0,0.0,,,,34327.0,506.0,531.0,50.0,516.0,0.0,23.56,,
2000/09/08,21.5,22.0,21.2,21.3,3916.0,84722.0,0.4717,2.0904,1175.0,-10.0,,,,34365.0,1719.0,1680.0,27.0,586.0,97.0,23.67,,
2000/09/11,21.0,21.3,20.8,20.8,1007.0,21236.0,-2.3474,0.5375,336.0,-10.0,,,,34390.0,582.0,544.0,120.0,533.0,67.0,23.11,,
2000/09/13,20.5,20.8,19.5,20.3,2305.0,46577.0,-2.4038,1.2304,602.0,-10.0,,,,34546.0,1316.0,1163.0,112.0,421.0,0.0,22.56,,
2000/09/14,20.3,20.5,19.0,19.4,1570.0,30793.0,-4.4335,0.8381,531.0,0.0,,,,34419.0,915.0,1031.0,76.0,359.0,15.0,21.56,,
2000/09/15,18.8,20.0,18.8,19.4,1533.0,29697.0,0.0,0.8183,594.0,-10.0,,,,34025.0,781.0,733.0,24.0,492.0,157.0,21.56,,
2000/09/16,19.2,19.3,18.1,18.8,1812.0,33826.0,-3.0928,0.9672,587.0,0.0,,,,34041.0,1050.0,1013.0,73.0,399.0,0.0,20.89,,
2000/09/18,18.6,18.8,18.1,18.8,1832.0,33775.0,0.0,0.9779,568.0,-10.0,,,,33613.0,1033.0,1135.0,215.0,182.0,3.0,20.89,,
2000/09/19,18.6,19.0,17.5,17.5,2501.0,45622.0,-6.9149,1.335,873.0,-9.0,,,,33747.0,1624.0,1428.0,83.0,101.0,3.0,19.44,,
2000/09/20,18.0,18.2,17.1,17.7,1992.0,35223.0,1.1429,1.0633,838.0,0.0,,,,33703.0,946.0,873.0,15.0,151.0,71.0,19.67,,
2000/09/21,17.7,18.3,17.4,18.1,1934.0,34790.0,2.2599,1.0324,736.0,0.0,,,,33795.0,879.0,792.0,25.0,181.0,64.0,20.11,,
2000/09/22,17.6,17.9,16.9,16.9,1986.0,34030.0,-6.6298,1.0601,714.0,10.0,,,,33260.0,857.0,1373.0,85.0,94.0,0.0,18.78,,
2000/09/25,16.9,17.4,16.5,16.9,2128.0,36093.0,0.0,1.1359,643.0,0.0,,,,32898.0,1005.0,1252.0,12.0,120.0,38.0,18.78,,
2000/09/26,16.9,18.0,16.6,18.0,4308.0,74720.0,6.5089,2.2996,1296.0,0.0,,,,33155.0,2131.0,1731.0,35.0,196.0,139.0,20.0,,
2000/09/27,18.0,18.5,17.6,17.9,3433.0,62360.0,-0.5556,1.8325,1013.0,0.0,,,,32731.0,1514.0,1903.0,113.0,225.0,143.0,19.89,,
2000/09/28,18.1,18.3,17.3,17.5,1166.0,20823.0,-2.2346,0.6224,455.0,0.0,,,,32617.0,659.0,732.0,113.0,118.0,6.0,19.44,,
2000/09/29,18.0,18.2,17.5,17.9,2182.0,38940.0,2.2857,1.1648,713.0,0.0,,,,32552.0,860.0,893.0,16.0,380.0,278.0,19.89,,
2000/09/30,16.8,17.8,16.8,17.1,1636.0,28121.0,-4.4693,0.8733,503.0,0.0,,,,32188.0,672.0,1058.0,81.0,299.0,0.0,19.0,,
2000/10/02,17.2,17.4,16.1,16.6,1500.0,25407.0,-2.924,0.8007,465.0,-1.0,,,,31940.0,710.0,912.0,33.0,298.0,39.0,18.44,,
2000/10/03,16.1,16.9,16.0,16.8,2938.0,48563.0,1.2048,1.5683,758.0,0.0,,,,31531.0,1073.0,1382.0,38.0,293.0,43.0,18.67,,
2000/10/04,16.3,16.3,16.3,16.3,114.0,1871.0,-2.9762,0.0609,58.0,0.0,,,,31426.0,56.0,71.0,0.0,283.0,0.0,18.11,,
2000/10/05,15.8,16.8,15.8,16.3,2468.0,39754.0,0.0,1.3174,730.0,0.0,,,,31420.0,1290.0,1271.0,8.0,314.0,41.0,18.11,,
2000/10/06,16.5,17.4,16.4,17.4,3078.0,52907.0,6.7485,1.643,766.0,0.0,,,,31292.0,1073.0,1049.0,65.0,267.0,26.0,19.33,,
2000/10/07,17.6,18.5,17.4,17.9,4797.0,86034.0,2.8736,2.5606,1259.0,0.0,,,,30937.0,1603.0,1943.0,31.0,284.0,48.0,19.89,,
2000/10/09,18.1,18.4,17.4,17.6,3350.0,60096.0,-1.676,1.7882,898.0,0.0,,,,30235.0,1042.0,1719.0,28.0,377.0,134.0,19.56,,
2000/10/11,17.2,17.4,17.0,17.0,1108.0,18945.0,-3.4091,0.5915,376.0,0.0,,,,29974.0,615.0,862.0,223.0,154.0,0.0,18.89,,
2000/10/12,16.5,17.8,16.4,17.2,4439.0,76880.0,1.1765,2.3695,1168.0,0.0,,,,29247.0,1005.0,1723.0,39.0,271.0,156.0,19.11,,
2000/10/13,16.5,17.4,16.0,17.1,3139.0,52411.0,-0.5814,1.6756,939.0,1.0,,,,28825.0,1205.0,1542.0,114.0,163.0,7.0,19.0,,
2000/10/16,17.8,17.8,16.0,16.1,2726.0,46675.0,-5.848,1.4551,794.0,0.0,,,,29064.0,1652.0,1408.0,38.0,159.0,34.0,17.89,,
2000/10/17,15.7,16.5,15.7,16.4,2224.0,36192.0,1.8634,1.1872,692.0,0.0,,,,28825.0,968.0,883.0,9.0,256.0,81.0,18.22,,
2000/10/18,16.1,16.4,15.3,15.3,1795.0,28063.0,-6.7073,0.9582,569.0,0.0,,,,28483.0,770.0,1114.0,41.0,210.0,0.0,17.0,,
2000/10/19,14.25,14.45,14.25,14.25,1197.0,17076.0,-6.8627,0.639,301.0,0.0,,,,27966.0,675.0,785.0,11.0,199.0,0.0,15.83,,
2000/10/20,14.35,15.2,14.35,15.2,3031.0,45109.0,6.6667,1.6179,724.0,0.0,,,,27519.0,1596.0,1550.0,74.0,306.0,232.0,16.89,,
2000/10/21,15.2,15.7,14.8,15.4,2225.0,33651.0,1.3158,1.1877,710.0,0.0,,,,27222.0,835.0,1195.0,45.0,261.0,6.0,17.11,,
2000/10/23,15.2,15.2,14.9,15.1,1951.0,29133.0,-1.9481,1.0414,569.0,0.0,,,,26857.0,922.0,1272.0,4.0,257.0,0.0,16.78,,
2000/10/24,15.1,16.0,14.8,16.0,3413.0,53299.0,5.9603,1.8219,1156.0,0.0,,,,26850.0,1397.0,1358.0,237.0,34.0,14.0,17.78,,
2000/10/25,15.7,16.5,15.6,16.3,3568.0,57337.0,1.875,1.9046,1096.0,0.0,,,,26773.0,1544.0,1548.0,14.0,26.0,6.0,18.11,,
2000/10/26,15.8,16.0,15.8,15.8,1252.0,19862.0,-3.0675,0.6683,389.0,0.0,,,,26652.0,581.0,675.0,3.0,23.0,0.0,17.56,,
2000/10/27,15.9,16.0,15.3,15.3,961.0,14910.0,-3.1646,0.513,358.0,0.0,,,,26639.0,561.0,552.0,1.0,22.0,0.0,17.0,,
2000/10/30,14.8,14.8,14.8,14.8,14.0,209.0,-3.268,0.0075,13.0,0.0,,,,26611.0,4.0,11.0,0.0,21.0,0.0,16.44,,
2000/10/31,14.3,14.3,14.3,14.3,189.0,2716.0,-3.3784,0.1009,77.0,0.0,,,,26599.0,96.0,92.0,2.0,16.0,0.0,13.75,,
2000/11/01,13.8,14.0,13.8,13.8,396.0,5490.0,-3.4965,0.2114,116.0,0.0,,,,26606.0,299.0,278.0,0.0,16.0,0.0,13.27,,
2000/11/02,13.35,13.9,13.35,13.85,2797.0,37809.0,0.3623,1.493,690.0,0.0,,,,26094.0,1083.0,1536.0,3.0,19.0,11.0,13.32,,
2000/11/03,13.9,14.75,13.6,14.25,2773.0,39145.0,2.8881,1.4802,827.0,-1.0,,,,26140.0,959.0,911.0,0.0,38.0,19.0,13.7,,
2000/11/04,14.5,14.5,13.8,14.15,1478.0,20721.0,-0.7018,0.789,407.0,0.0,,,,25799.0,600.0,931.0,2.0,46.0,10.0,13.61,,
2000/11/06,13.8,14.0,13.7,14.0,905.0,12503.0,-1.0601,0.4831,280.0,0.0,,,,25633.0,412.0,536.0,0.0,46.0,0.0,13.46,,
2000/11/07,13.9,14.85,13.9,14.85,2670.0,38333.0,6.0714,1.4252,702.0,0.0,,,,25375.0,788.0,1038.0,20.0,55.0,29.0,14.28,,
2000/11/08,14.85,15.8,14.5,15.6,2845.0,43560.0,5.0505,1.5187,898.0,0.0,,,,25302.0,1244.0,1311.0,22.0,61.0,33.0,15.0,,
2000/11/09,15.1,15.6,14.8,15.5,1384.0,21109.0,-0.641,0.7388,429.0,0.0,,,,24976.0,544.0,870.0,5.0,57.0,1.0,14.9,,
2000/11/10,16.2,16.4,15.8,16.4,2506.0,40315.0,5.8065,1.3377,742.0,0.0,,,,24706.0,904.0,1174.0,12.0,81.0,36.0,15.77,,
2000/11/13,15.6,15.8,15.3,15.3,937.0,14411.0,-6.7073,0.5002,250.0,0.0,,,,24670.0,560.0,520.0,15.0,66.0,0.0,14.71,,
2000/11/14,14.9,15.5,14.9,15.0,884.0,13386.0,-1.9608,0.4719,334.0,0.0,,,,24707.0,448.0,411.0,11.0,60.0,5.0,14.42,,
2000/11/15,16.0,16.0,15.3,15.5,3114.0,49178.0,3.3333,1.6623,783.0,0.0,,,,24845.0,1205.0,1012.0,0.0,94.0,34.0,14.9,,
2000/11/16,15.1,15.7,14.45,14.5,1704.0,25224.0,-6.4516,0.9096,473.0,0.0,,,,24609.0,866.0,1089.0,40.0,55.0,2.0,13.94,,
2000/11/17,14.1,14.75,13.8,14.5,1169.0,16762.0,0.0,0.624,414.0,1130.0,,,,24562.0,467.0,500.0,22.0,44.0,11.0,13.94,,
2000/11/18,14.3,14.5,13.5,13.9,1215.0,17015.0,-4.1379,0.6486,391.0,0.0,,,,24269.0,606.0,870.0,14.0,30.0,0.0,13.37,,
2000/11/20,13.8,13.8,12.95,12.95,858.0,11427.0,-6.8345,0.458,197.0,0.0,,,,23865.0,303.0,516.0,0.0,30.0,0.0,12.45,,
2000/11/21,12.5,13.15,12.5,13.15,3491.0,44404.0,1.5444,1.8635,966.0,0.0,,,,23445.0,1222.0,1684.0,19.0,41.0,30.0,12.64,,
2000/11/22,12.7,13.35,12.7,13.15,4259.0,55783.0,0.0,2.2735,1156.0,0.0,,,,23944.0,1993.0,1340.0,20.0,104.0,93.0,12.64,,
2000/11/23,12.75,13.0,12.7,13.0,903.0,11533.0,-1.1407,0.482,257.0,0.0,,,,23522.0,243.0,622.0,13.0,91.0,0.0,12.5,,
2000/11/24,13.0,13.85,13.0,13.85,3762.0,50658.0,6.5385,2.0082,1056.0,0.0,,,,23888.0,1475.0,1105.0,70.0,70.0,49.0,13.32,,
2000/11/27,14.6,14.6,13.7,14.2,3179.0,45003.0,2.5271,1.697,814.0,0.0,,,,23673.0,1164.0,1379.0,11.0,82.0,23.0,13.65,,
2000/11/28,14.35,14.35,13.75,13.95,2636.0,36753.0,-1.7606,1.4071,774.0,0.0,,,,24037.0,1290.0,916.0,26.0,58.0,2.0,13.41,,
2000/11/29,13.5,13.85,13.5,13.85,1246.0,17073.0,-0.7168,0.6651,347.0,0.0,,,,23850.0,513.0,700.0,13.0,45.0,0.0,13.32,,
2000/11/30,13.9,14.0,13.4,13.4,1080.0,14886.0,-3.2491,0.5765,372.0,0.0,,,,23942.0,710.0,617.0,14.0,63.0,32.0,12.88,,
2000/12/01,13.0,13.45,13.0,13.4,1107.0,14640.0,0.0,0.5909,325.0,0.0,,,,23858.0,485.0,569.0,15.0,49.0,1.0,12.88,,
2000/12/02,13.75,13.8,13.4,13.4,1282.0,17434.0,0.0,0.6843,431.0,0.0,,,,23704.0,509.0,655.0,21.0,76.0,48.0,12.88,,
2000/12/04,13.4,13.4,13.0,13.05,346.0,4559.0,-2.6119,0.1847,152.0,0.0,,,,23635.0,161.0,225.0,10.0,66.0,0.0,12.55,,
2000/12/05,12.9,13.15,12.7,13.1,766.0,9929.0,0.3831,0.4089,255.0,0.0,,,,23461.0,345.0,518.0,36.0,29.0,1.0,12.6,,
2000/12/06,13.7,13.7,12.9,13.25,1370.0,18306.0,1.145,0.7313,413.0,0.0,,,,23425.0,673.0,724.0,4.0,37.0,12.0,12.74,,
2000/12/07,13.1,13.2,12.8,12.8,450.0,5840.0,-3.3962,0.2402,193.0,0.0,,,,23319.0,176.0,280.0,17.0,20.0,0.0,12.31,,
2000/12/08,12.8,13.5,12.75,13.35,3768.0,49202.0,4.2969,2.0114,1184.0,-10.0,,,,23563.0,702.0,457.0,0.0,121.0,101.0,12.84,,
2000/12/11,13.4,13.55,13.0,13.35,3011.0,39868.0,0.0,1.6073,757.0,0.0,,,,23804.0,847.0,611.0,27.0,95.0,1.0,12.84,,
2000/12/12,13.5,13.85,13.5,13.75,4049.0,55363.0,2.9963,2.1614,1045.0,-10.0,0.0,0.0,-10.0,24075.0,1376.0,1105.0,6.0,102.0,13.0,13.22,,
2000/12/13,13.6,13.8,13.3,13.7,2710.0,36695.0,-0.3636,1.4466,785.0,0.0,0.0,0.0,0.0,23855.0,817.0,1036.0,20.0,85.0,3.0,13.17,,
2000/12/14,13.6,13.6,13.3,13.5,2628.0,35236.0,-1.4599,1.4028,537.0,0.0,0.0,0.0,0.0,23634.0,639.0,859.0,0.0,85.0,0.0,12.98,,
2000/12/15,13.35,13.75,13.3,13.4,3350.0,45424.0,-0.7407,1.7882,956.0,-10.0,200.0,0.0,190.0,24076.0,1491.0,1044.0,1.0,164.0,80.0,12.88,,
2000/12/16,13.3,13.4,13.0,13.0,2326.0,30562.0,-2.9851,1.2416,649.0,0.0,0.0,0.0,0.0,23913.0,830.0,985.0,57.0,107.0,0.0,12.5,,
2000/12/18,12.95,13.2,12.6,12.8,1190.0,15216.0,-1.5385,0.6352,402.0,0.0,0.0,0.0,0.0,23528.0,405.0,788.0,12.0,101.0,6.0,12.31,,
2000/12/19,12.6,12.65,12.4,12.4,864.0,10767.0,-3.125,0.4612,304.0,0.0,0.0,0.0,0.0,23399.0,457.0,516.0,24.0,77.0,0.0,11.92,,
2000/12/20,12.05,12.25,12.0,12.0,750.0,9040.0,-3.2258,0.4004,208.0,0.0,0.0,0.0,0.0,23192.0,436.0,615.0,5.0,72.0,0.0,11.54,,
2000/12/21,11.6,11.6,11.6,11.6,75.0,878.0,-3.3333,0.04,45.0,0.0,0.0,-1.0,-1.0,23146.0,31.0,42.0,0.0,72.0,0.0,11.15,,
2000/12/22,11.2,11.6,11.2,11.2,1768.0,19924.0,-3.4483,0.9438,499.0,0.0,0.0,0.0,0.0,22723.0,956.0,1215.0,48.0,23.0,0.0,10.77,,
2000/12/26,11.2,11.4,10.85,10.85,1440.0,15837.0,-3.125,0.7687,343.0,0.0,0.0,0.0,0.0,22381.0,821.0,1133.0,5.0,23.0,5.0,10.43,,
2000/12/27,10.5,10.5,10.5,10.5,798.0,8384.0,-3.2258,0.426,122.0,0.0,0.0,0.0,0.0,21800.0,179.0,519.0,0.0,23.0,0.0,10.1,,
2000/12/28,10.15,11.2,10.15,11.2,2825.0,29775.0,6.6667,1.508,706.0,0.0,0.0,0.0,0.0,21009.0,703.0,1463.0,1.0,33.0,11.0,10.77,,
2000/12/29,11.15,11.2,10.85,10.95,1264.0,13839.0,-2.2321,0.6747,372.0,0.0,100.0,0.0,100.0,20853.0,366.0,522.0,5.0,28.0,0.0,10.53,,
2000/12/30,10.7,11.0,10.65,10.95,1081.0,11774.0,0.0,0.577,285.0,0.0,447.0,0.0,447.0,20500.0,154.0,504.0,7.0,34.0,13.0,10.53,,
2001/01/02,10.8,11.7,10.8,11.7,1530.0,17493.0,6.8493,0.8167,526.0,0.0,0.0,0.0,0.0,20534.0,647.0,611.0,8.0,50.0,24.0,11.25,,
2001/01/03,11.5,12.3,11.4,12.2,2844.0,34258.0,4.2735,1.5181,776.0,0.0,-8.0,0.0,-8.0,20273.0,943.0,1193.0,7.0,45.0,9.0,11.73,,
2001/01/04,12.95,13.05,12.6,13.05,3722.0,48031.0,6.9672,1.9868,1226.0,0.0,0.0,0.0,0.0,20941.0,1846.0,1087.0,5.0,71.0,31.0,12.55,,
2001/01/05,13.0,13.9,12.85,13.9,5576.0,75062.0,6.5134,2.9765,1459.0,0.0,0.0,0.0,0.0,21011.0,2209.0,2136.0,11.0,201.0,153.0,13.37,,
2001/01/08,13.85,14.25,13.5,13.8,4711.0,65318.0,-0.7194,2.5147,1214.0,0.0,0.0,-37.0,-37.0,20367.0,1961.0,2597.0,39.0,208.0,46.0,13.27,,
2001/01/09,13.75,14.5,13.75,14.25,6939.0,97816.0,3.2609,3.704,2319.0,0.0,-39.0,500.0,461.0,21539.0,3116.0,1942.0,16.0,275.0,90.0,13.7,,
2001/01/10,14.45,14.7,13.9,14.6,6429.0,92453.0,2.4561,3.4318,1430.0,0.0,-250.0,1300.0,1050.0,20780.0,2115.0,2860.0,22.0,316.0,68.0,14.04,,
2001/01/11,14.6,14.75,13.8,14.0,2916.0,41672.0,-4.1096,1.5566,771.0,0.0,0.0,0.0,0.0,20617.0,1699.0,1865.0,50.0,259.0,0.0,13.46,,
2001/01/12,14.2,14.5,13.9,14.2,2976.0,42314.0,1.4286,1.5886,893.0,0.0,-72.0,240.0,168.0,20391.0,1115.0,1332.0,29.0,313.0,83.0,13.65,,
2001/01/15,14.15,14.2,13.7,14.2,812.0,11335.0,0.0,0.4334,331.0,0.0,0.0,0.0,0.0,20350.0,456.0,464.0,42.0,271.0,0.0,13.65,,
2001/01/16,14.2,15.1,14.2,15.1,6227.0,92465.0,6.338,3.324,1286.0,0.0,-78.0,67.0,-11.0,21728.0,3462.0,2070.0,39.0,279.0,44.0,14.52,,
2001/01/17,15.0,15.4,14.65,15.0,5170.0,77444.0,-0.6623,2.7597,1000.0,0.0,200.0,450.0,650.0,20519.0,1987.0,3196.0,79.0,205.0,5.0,14.42,,
2001/01/18,15.2,15.5,14.8,15.0,5715.0,86569.0,0.0,3.0507,1173.0,0.0,0.0,1443.0,1443.0,18828.0,1627.0,3089.0,19.0,201.0,15.0,14.42,,
2001/01/29,15.2,15.7,14.7,14.7,2990.0,45710.0,-2.0,1.5961,628.0,0.0,0.0,0.0,0.0,18907.0,1408.0,1323.0,23.0,247.0,70.0,14.13,,
2001/01/30,14.8,15.3,14.6,15.3,2326.0,34830.0,4.0816,1.2416,570.0,0.0,0.0,0.0,0.0,18954.0,968.0,923.0,62.0,233.0,48.0,14.71,,
2001/01/31,15.6,16.3,15.5,16.0,5284.0,84516.0,4.5752,2.8206,1081.0,0.0,0.0,1000.0,1000.0,19071.0,2244.0,2084.0,15.0,263.0,45.0,15.38,,
2001/02/01,15.7,16.6,15.7,16.0,3987.0,64473.0,0.0,2.1283,966.0,0.0,0.0,0.0,0.0,19312.0,1999.0,1737.0,25.0,257.0,40.0,15.38,,
2001/02/02,16.2,17.0,16.2,17.0,4628.0,77332.0,6.25,2.4704,1065.0,0.0,0.0,0.0,0.0,19451.0,1987.0,1848.0,5.0,260.0,9.0,16.35,,
2001/02/05,17.0,17.0,16.2,16.6,2894.0,48420.0,-2.3529,1.5448,731.0,0.0,0.0,0.0,0.0,19360.0,1363.0,1434.0,19.0,242.0,1.0,15.96,,
2001/02/06,16.7,17.3,16.2,16.6,5126.0,86674.0,0.0,2.7363,1379.0,0.0,100.0,0.0,100.0,19482.0,2193.0,2021.0,28.0,237.0,24.0,15.96,,
2001/02/07,16.0,16.4,15.5,15.5,2879.0,45645.0,-6.6265,1.5368,651.0,0.0,0.0,0.0,0.0,19286.0,1392.0,1627.0,36.0,201.0,0.0,14.9,,
2001/02/08,15.3,15.8,15.1,15.8,2108.0,32720.0,1.9355,1.1253,522.0,0.0,-50.0,0.0,-50.0,19257.0,729.0,758.0,8.0,201.0,8.0,15.19,,
2001/02/09,15.8,16.4,15.5,15.9,2402.0,38193.0,0.6329,1.2822,597.0,0.0,0.0,0.0,0.0,19276.0,967.0,943.0,2.0,218.0,23.0,15.29,,
2001/02/12,16.4,17.0,16.3,17.0,1969.0,33242.0,6.9182,1.0511,425.0,0.0,0.0,0.0,0.0,19820.0,1199.0,644.0,0.0,227.0,9.0,16.35,,
2001/02/13,18.1,18.1,18.1,18.1,1549.0,28045.0,6.4706,0.8269,350.0,0.0,0.0,0.0,0.0,20352.0,1140.0,587.0,2.0,259.0,34.0,17.4,,
2001/02/14,19.3,19.3,18.4,19.3,16390.0,312484.0,6.6298,8.749,3055.0,0.0,700.0,202.0,902.0,22878.0,8252.0,6083.0,8.0,472.0,224.0,18.56,,
2001/02/15,19.3,20.6,19.0,20.6,14076.0,280067.0,6.7358,7.5138,2902.0,428.0,701.0,-250.0,879.0,24619.0,5783.0,4071.0,94.0,582.0,207.0,19.81,,
2001/02/16,20.8,20.8,19.6,20.6,8941.0,181159.0,0.0,4.7727,1751.0,1105.0,300.0,798.0,2203.0,22171.0,3386.0,5715.0,89.0,479.0,1.0,19.81,,
2001/02/19,19.3,22.0,19.3,21.9,13476.0,288533.0,6.3107,7.1935,2854.0,885.0,199.0,-300.0,784.0,22170.0,4305.0,4196.0,22.0,1095.0,645.0,21.06,,
2001/02/20,22.7,22.7,21.0,21.2,9955.0,218476.0,-3.1963,5.314,2205.0,652.0,0.0,-450.0,202.0,22383.0,4620.0,4401.0,316.0,866.0,92.0,20.38,,
2001/02/21,20.5,21.5,20.4,21.0,6067.0,127578.0,-0.9434,3.2386,1384.0,338.0,250.0,60.0,648.0,22749.0,2451.0,2077.0,110.0,891.0,139.0,20.19,,
2001/02/22,20.6,21.0,19.6,19.6,4938.0,99312.0,-6.6667,2.6359,1051.0,449.0,0.0,-117.0,332.0,22045.0,2224.0,2928.0,371.0,526.0,7.0,18.85,,
2001/02/23,19.6,20.2,19.5,19.6,4250.0,84390.0,0.0,2.2687,1126.0,0.0,-250.0,20.0,-230.0,22253.0,2303.0,2002.0,103.0,646.0,314.0,18.85,,
2001/02/26,19.8,20.5,19.2,20.1,4089.0,82115.0,2.551,2.1827,1095.0,0.0,-131.0,0.0,-131.0,22402.0,2153.0,1994.0,109.0,676.0,150.0,19.33,,
2001/02/27,20.5,21.5,20.5,21.5,11302.0,240706.0,6.9652,6.033,1786.0,0.0,231.0,-963.0,-732.0,22490.0,4664.0,4576.0,48.0,1135.0,507.0,20.67,,
2001/03/01,21.3,23.0,21.1,23.0,18335.0,408277.0,6.9767,9.7872,4185.0,0.0,2100.0,300.0,2400.0,23432.0,5836.0,4876.0,217.0,3094.0,2198.0,22.12,,
2001/03/02,23.5,23.8,22.2,23.0,13236.0,305125.0,0.0,7.0654,3291.0,-1.0,800.0,-100.0,699.0,23561.0,5123.0,5004.0,655.0,4333.0,1913.0,22.12,,
2001/03/05,23.0,23.6,22.4,23.3,8602.0,199303.0,1.3043,4.5917,2269.0,0.0,0.0,-727.0,-727.0,23726.0,3099.0,3055.0,742.0,4393.0,841.0,22.4,,
2001/03/06,23.5,24.9,23.2,24.9,18716.0,458032.0,6.867,9.9906,4384.0,-858.0,2100.0,-340.0,902.0,23315.0,5101.0,5490.0,496.0,6894.0,3043.0,23.94,,
2001/03/07,25.4,26.6,25.4,26.6,15860.0,412316.0,6.8273,8.4661,3908.0,-1000.0,1900.0,-133.0,767.0,25737.0,5595.0,3153.0,1093.0,7466.0,1691.0,25.58,,
2001/03/08,26.4,26.4,25.5,25.8,5936.0,153427.0,-3.0075,3.1686,1772.0,2.0,-150.0,0.0,-148.0,24877.0,3106.0,3921.0,1195.0,6194.0,0.0,24.81,,
2001/03/09,25.2,25.8,24.9,25.8,4315.0,109529.0,0.0,2.3033,1238.0,200.0,0.0,0.0,200.0,24287.0,1668.0,2208.0,724.0,5481.0,13.0,24.81,,
2001/03/12,25.1,27.3,25.1,27.0,9320.0,249108.0,4.6512,4.975,2637.0,0.0,0.0,0.0,0.0,24395.0,3248.0,3138.0,353.0,6292.0,1166.0,25.96,,
2001/03/13,26.2,27.3,26.2,26.7,7598.0,203672.0,-1.1111,4.0558,2045.0,0.0,0.0,0.0,0.0,24113.0,3662.0,3969.0,453.0,5953.0,119.0,25.67,,
2001/03/14,27.1,27.8,26.3,26.4,8814.0,240967.0,-1.1236,4.7049,2249.0,-120.0,-100.0,-250.0,-470.0,24533.0,4292.0,3824.0,389.0,5765.0,256.0,25.38,,
2001/03/15,25.9,27.4,25.7,27.3,8263.0,220372.0,3.4091,4.4108,2449.0,-299.0,50.0,0.0,-249.0,24342.0,2873.0,3000.0,1168.0,4886.0,345.0,26.25,,
2001/03/16,27.6,27.7,26.2,26.3,4630.0,124824.0,-3.663,2.4715,1476.0,-2.0,-331.0,0.0,-333.0,24330.0,2457.0,2469.0,347.0,4561.0,24.0,25.29,,
2001/03/19,26.3,26.3,25.5,25.9,2573.0,66539.0,-1.5209,1.3735,750.0,0.0,-34.0,0.0,-34.0,23812.0,1364.0,1836.0,659.0,3860.0,4.0,24.9,,
2001/03/20,26.2,26.5,24.8,24.9,3952.0,100449.0,-3.861,2.1096,1071.0,0.0,-546.0,0.0,-546.0,24251.0,2406.0,1957.0,435.0,3462.0,49.0,23.94,,
2001/03/21,24.5,25.5,24.4,25.2,3600.0,90174.0,1.2048,1.9217,1124.0,0.0,-489.0,0.0,-489.0,24256.0,1640.0,1325.0,413.0,3213.0,158.0,24.23,,
2001/03/22,25.5,26.9,25.3,26.9,6433.0,169138.0,6.746,3.4339,1783.0,0.0,0.0,0.0,0.0,25134.0,3084.0,2448.0,383.0,3330.0,430.0,25.87,,
2001/03/23,27.4,27.4,26.1,26.3,4833.0,129386.0,-2.2305,2.5799,1470.0,0.0,0.0,0.0,0.0,24603.0,2862.0,3391.0,453.0,2893.0,18.0,25.29,,
2001/03/26,26.3,27.5,26.1,27.2,8223.0,222418.0,3.4221,4.3894,2035.0,0.0,0.0,0.0,0.0,25162.0,4417.0,3859.0,259.0,2783.0,146.0,26.15,,
2001/03/27,27.2,28.1,26.8,26.9,11581.0,319508.0,-1.1029,6.1819,2618.0,-402.0,0.0,0.0,-402.0,26196.0,5598.0,4563.0,207.0,2610.0,78.0,25.87,,
2001/03/28,27.0,27.4,25.8,25.8,3896.0,103544.0,-4.0892,2.0797,1235.0,0.0,0.0,0.0,0.0,26113.0,2482.0,2555.0,215.0,2431.0,36.0,24.81,,
2001/03/29,25.8,26.5,25.8,26.5,2467.0,64737.0,2.7132,1.3169,906.0,0.0,0.0,0.0,0.0,26072.0,925.0,911.0,76.0,2465.0,112.0,25.48,,
2001/03/30,26.5,26.9,26.2,26.2,2968.0,78817.0,-1.1321,1.5843,1116.0,0.0,332.0,0.0,332.0,26276.0,1581.0,1354.0,71.0,2671.0,289.0,25.19,,
2001/04/02,26.2,26.3,24.4,24.7,2784.0,70102.0,-5.7252,1.4861,824.0,0.0,-1.0,0.0,-1.0,24892.0,881.0,2264.0,733.0,1958.0,20.0,23.75,,
2001/04/03,24.0,24.4,23.3,23.5,1918.0,45586.0,-4.8583,1.0238,598.0,0.0,100.0,0.0,100.0,24096.0,503.0,1294.0,497.0,1461.0,0.0,22.6,,
2001/04/04,23.0,24.3,23.0,24.3,1752.0,41612.0,3.4043,0.9352,594.0,0.0,0.0,0.0,0.0,23720.0,590.0,919.0,371.0,1222.0,135.0,23.37,,
2001/04/06,25.3,26.0,24.9,26.0,3221.0,82575.0,6.9959,1.7194,995.0,0.0,0.0,0.0,0.0,24337.0,1959.0,1341.0,103.0,1594.0,475.0,25.0,,
2001/04/09,25.5,25.8,25.4,25.8,1462.0,37464.0,-0.7692,0.7804,457.0,0.0,218.0,0.0,218.0,23901.0,639.0,912.0,130.0,1454.0,0.0,24.81,,
2001/04/10,26.1,26.7,25.1,25.7,2829.0,73828.0,-0.3876,1.5101,888.0,0.0,50.0,0.0,50.0,23822.0,1621.0,1496.0,48.0,1456.0,51.0,24.71,,
2001/04/11,26.1,26.2,25.5,25.6,2515.0,64990.0,-0.3891,1.3425,890.0,0.0,0.0,0.0,0.0,23926.0,1239.0,1135.0,108.0,1371.0,23.0,24.62,,
2001/04/12,26.2,26.3,25.8,26.0,2548.0,66563.0,1.5625,1.3601,853.0,0.0,226.0,0.0,226.0,23910.0,1308.0,1299.0,170.0,1235.0,35.0,25.0,,
2001/04/13,26.3,27.6,26.3,27.0,8336.0,226344.0,3.8462,4.4498,2264.0,0.0,100.0,0.0,100.0,23511.0,3378.0,3662.0,28.0,1448.0,256.0,25.96,,
2001/04/16,27.2,27.8,26.7,27.2,5989.0,163708.0,0.7407,3.1969,1866.0,0.0,0.0,0.0,0.0,23375.0,2657.0,2784.0,111.0,1514.0,185.0,26.15,,
2001/04/17,27.2,27.5,26.7,26.9,3787.0,102539.0,-1.1029,2.0215,1198.0,0.0,200.0,0.0,200.0,23408.0,1808.0,1518.0,84.0,1464.0,38.0,25.87,,
2001/04/18,27.4,27.8,27.1,27.1,5688.0,156077.0,0.7435,3.0363,1488.0,0.0,0.0,0.0,0.0,23340.0,2369.0,2422.0,117.0,1386.0,42.0,26.06,,
2001/04/19,27.9,28.9,27.2,28.9,10638.0,299301.0,6.6421,5.6786,2505.0,0.0,450.0,536.0,986.0,23573.0,4714.0,4428.0,142.0,1426.0,215.0,27.79,,
2001/04/20,29.1,30.8,28.5,30.4,14190.0,422918.0,5.1903,7.5746,3107.0,-1379.0,1050.0,973.0,644.0,25196.0,8098.0,6460.0,545.0,880.0,0.0,29.23,,
2001/04/23,30.0,30.2,28.7,29.9,5982.0,177288.0,-1.6447,3.1932,1855.0,0.0,0.0,891.0,891.0,24005.0,2755.0,3914.0,861.0,5.0,0.0,28.75,,
2001/04/24,29.1,30.5,29.1,29.6,3497.0,104534.0,-1.0033,1.8667,905.0,0.0,800.0,529.0,1329.0,22013.0,0.0,1949.0,5.0,0.0,0.0,28.46,,
2001/04/25,30.0,31.6,29.6,31.6,8601.0,267468.0,6.7568,4.5912,2001.0,-1.0,1850.0,250.0,2099.0,19068.0,0.0,2939.0,0.0,0.0,0.0,30.38,,
2001/04/26,31.9,31.9,30.5,31.3,3962.0,123610.0,-0.9494,2.1149,1227.0,0.0,450.0,730.0,1180.0,18153.0,0.0,1045.0,0.0,0.0,0.0,30.1,,
2001/04/27,31.3,32.5,30.8,31.0,9897.0,314536.0,-0.9585,5.283,2830.0,0.0,-1.0,-518.0,-519.0,22033.0,4744.0,1471.0,0.0,690.0,611.0,29.81,,
2001/04/30,30.8,30.9,28.9,28.9,7451.0,218631.0,-6.7742,3.9773,1444.0,0.0,-400.0,1541.0,1141.0,21283.0,3496.0,4245.0,306.0,384.0,0.0,27.79,,
2001/05/02,28.2,29.4,28.1,28.9,5344.0,153498.0,0.0,2.8526,1544.0,0.0,-150.0,200.0,50.0,21770.0,2897.0,2230.0,62.0,473.0,151.0,27.79,,
2001/05/03,28.9,30.9,28.7,30.9,11907.0,356370.0,6.9204,6.356,2936.0,0.0,1300.0,200.0,1500.0,22809.0,4618.0,3579.0,153.0,1105.0,785.0,29.71,,
2001/05/04,30.9,32.0,28.8,28.8,13430.0,411083.0,-6.7961,7.1689,3524.0,-10.0,2200.0,-1193.0,997.0,24264.0,6773.0,5319.0,319.0,933.0,157.0,27.69,,
2001/05/07,28.8,29.3,28.0,28.4,6167.0,176011.0,-1.3889,3.2919,1833.0,1.0,-300.0,0.0,-299.0,24670.0,3278.0,2882.0,183.0,1225.0,485.0,27.31,,
2001/05/08,28.4,28.6,26.6,28.4,7274.0,198330.0,0.0,3.8829,1573.0,-1.0,50.0,550.0,599.0,23284.0,2624.0,4000.0,257.0,1121.0,169.0,27.31,,
2001/05/09,28.4,28.8,27.8,27.8,6397.0,181234.0,-2.1127,3.4147,1697.0,0.0,897.0,209.0,1106.0,22931.0,2530.0,2879.0,122.0,1612.0,615.0,26.73,,
2001/05/10,27.8,28.2,27.3,27.8,7861.0,218653.0,0.0,4.1962,2230.0,0.0,27.0,-413.0,-386.0,24124.0,3399.0,2190.0,404.0,2102.0,896.0,19.58,,
2001/05/11,27.8,27.8,25.9,27.3,9978.0,268491.0,-1.7986,5.3263,2421.0,0.0,342.0,-2257.0,-1915.0,24491.0,4837.0,4456.0,935.0,1185.0,48.0,19.23,,
2001/05/14,25.9,26.6,25.4,25.4,5231.0,135368.0,-6.9597,2.7923,1350.0,0.0,-1233.0,-53.0,0.0,25366.0,2681.0,1795.0,351.0,831.0,0.0,17.89,,
2001/05/15,24.8,26.1,24.6,25.8,5964.0,152314.0,1.5748,3.1836,2117.0,0.0,-50.0,0.0,-50.0,25788.0,2026.0,1583.0,89.0,1938.0,1196.0,18.17,,
2001/05/16,25.8,26.4,25.3,25.8,5078.0,131833.0,0.0,2.7106,1762.0,0.0,-100.0,0.0,-100.0,25917.0,1877.0,1933.0,384.0,1919.0,369.0,18.17,,
2001/05/17,26.7,27.3,25.9,26.4,9764.0,260132.0,2.3256,5.212,2877.0,0.0,500.0,0.0,500.0,26667.0,4340.0,3590.0,391.0,2105.0,577.0,18.59,,
2001/05/18,26.5,26.6,25.0,25.4,5093.0,132006.0,-3.7879,2.7186,1631.0,0.0,0.0,100.0,100.0,26531.0,2734.0,2850.0,583.0,1573.0,52.0,17.89,,
2001/05/21,24.8,25.0,23.7,23.7,3392.0,81705.0,-6.6929,1.8107,885.0,0.0,-350.0,700.0,350.0,25448.0,1218.0,2279.0,460.0,1110.0,0.0,16.69,,
2001/05/22,23.7,24.4,22.2,23.7,6330.0,148589.0,0.0,3.379,1859.0,0.0,-414.0,87.0,-327.0,24945.0,2143.0,2637.0,249.0,1253.0,393.0,16.69,,
2001/05/23,23.1,25.2,22.7,25.2,8329.0,204013.0,6.3291,4.446,2642.0,0.0,154.0,0.0,154.0,25334.0,2960.0,2373.0,766.0,993.0,697.0,17.75,,
2001/05/24,25.0,26.2,24.7,25.5,11217.0,288026.0,1.1905,5.9876,3223.0,0.0,-200.0,0.0,-200.0,26890.0,4927.0,3368.0,213.0,1299.0,521.0,17.96,,
2001/05/25,25.2,25.6,24.2,24.7,3985.0,99126.0,-3.1373,2.1272,1271.0,0.0,0.0,80.0,80.0,26205.0,1877.0,2549.0,442.0,863.0,11.0,17.39,,
2001/05/28,24.2,24.6,23.3,24.0,2221.0,53330.0,-2.834,1.1856,698.0,0.0,-10.0,0.0,-10.0,25755.0,1119.0,1568.0,214.0,649.0,0.0,16.9,,
2001/05/29,23.4,24.8,23.4,23.8,4723.0,114924.0,-0.8333,2.5211,1356.0,0.0,-300.0,0.0,-300.0,26678.0,2006.0,1083.0,142.0,824.0,322.0,16.76,,
2001/05/30,24.0,24.8,23.9,24.5,6965.0,170109.0,2.9412,3.7179,2000.0,0.0,-450.0,0.0,-450.0,27310.0,2634.0,1985.0,64.0,1199.0,456.0,17.25,,
2001/05/31,24.0,24.6,24.0,24.0,2627.0,63715.0,-2.0408,1.4023,868.0,0.0,0.0,0.0,0.0,26796.0,1349.0,1871.0,328.0,891.0,22.0,16.9,,
2001/06/01,24.3,24.5,23.4,23.4,2894.0,69113.0,-2.5,1.5448,957.0,0.0,-455.0,-92.0,-547.0,26882.0,1356.0,1269.0,109.0,874.0,95.0,16.48,,
2001/06/04,22.9,23.3,21.8,21.8,3829.0,84371.0,-6.8376,2.0439,1092.0,0.0,-60.0,575.0,515.0,25636.0,1397.0,2633.0,219.0,651.0,0.0,15.35,,
2001/06/05,21.8,22.4,21.7,22.3,6425.0,141361.0,2.2936,3.4297,1960.0,0.0,-150.0,-775.0,-925.0,26487.0,2166.0,1309.0,171.0,1232.0,756.0,15.7,,
2001/06/06,22.5,23.8,22.5,23.8,8510.0,198799.0,6.7265,4.5426,2130.0,0.0,655.0,-600.0,55.0,27307.0,3453.0,2616.0,506.0,1175.0,456.0,16.76,,
2001/06/07,24.0,24.3,23.4,23.9,8232.0,197249.0,0.4202,4.3942,1900.0,0.0,200.0,-250.0,-50.0,26702.0,2947.0,3552.0,161.0,1301.0,287.0,16.83,,
2001/06/08,24.5,25.0,23.9,24.5,7259.0,178566.0,2.5105,3.8749,1935.0,0.0,200.0,-200.0,0.0,26469.0,3315.0,3435.0,526.0,1001.0,229.0,17.25,,
2001/06/11,24.5,24.5,24.0,24.4,2458.0,59688.0,-0.4082,1.3121,707.0,0.0,-200.0,50.0,-150.0,26551.0,1244.0,1149.0,139.0,863.0,0.0,17.18,,
2001/06/12,24.4,25.2,24.4,24.9,4511.0,111956.0,2.0492,2.408,1349.0,0.0,-350.0,-100.0,-450.0,27064.0,2321.0,1806.0,163.0,763.0,65.0,17.54,,
2001/06/13,25.0,25.1,23.8,24.0,3462.0,85092.0,-3.6145,1.848,1018.0,0.0,0.0,200.0,200.0,26713.0,2029.0,2379.0,80.0,687.0,5.0,16.9,,
2001/06/14,23.9,23.9,22.7,23.0,2255.0,52205.0,-4.1667,1.2037,728.0,0.0,0.0,85.0,85.0,26276.0,1078.0,1474.0,230.0,456.0,0.0,16.2,,
2001/06/15,22.7,23.3,22.3,23.3,1981.0,45591.0,1.3043,1.0575,672.0,0.0,0.0,-93.0,-93.0,26402.0,862.0,710.0,66.0,492.0,107.0,16.41,,
2001/06/18,23.3,23.3,22.5,22.9,1107.0,25374.0,-1.7167,0.5909,366.0,0.0,0.0,-129.0,-129.0,26381.0,612.0,631.0,82.0,410.0,0.0,16.13,,
2001/06/19,22.9,23.1,22.4,22.5,1052.0,23858.0,-1.7467,0.5616,389.0,0.0,0.0,50.0,50.0,26415.0,434.0,395.0,34.0,391.0,15.0,15.85,,
2001/06/20,22.6,22.9,22.5,22.6,1027.0,23274.0,0.4444,0.5482,385.0,0.0,0.0,-12.0,-12.0,24227.0,455.0,467.0,56.0,442.0,101.0,15.92,,
2001/06/21,23.2,23.2,22.5,22.9,1927.0,44150.0,1.3274,1.0286,630.0,0.0,0.0,-137.0,-137.0,24277.0,895.0,656.0,76.0,458.0,93.0,16.13,,
2001/06/22,23.0,23.5,22.7,22.9,3568.0,82626.0,0.0,1.9046,990.0,0.0,0.0,-64.0,-64.0,23905.0,1419.0,1591.0,84.0,501.0,128.0,16.13,,
2001/06/26,23.1,23.1,21.3,22.0,3054.0,66205.0,-3.9301,1.6302,825.0,0.0,0.0,0.0,0.0,22798.0,1132.0,2189.0,183.0,325.0,7.0,15.49,,
2001/06/27,22.5,22.5,21.5,22.0,2392.0,52861.0,0.0,1.2769,830.0,0.0,0.0,0.0,0.0,22809.0,914.0,858.0,83.0,339.0,102.0,15.49,,
2001/06/28,22.1,23.1,21.8,23.1,5609.0,126481.0,5.0,2.9941,1610.0,0.0,0.0,-200.0,-200.0,23492.0,2166.0,1482.0,63.0,487.0,211.0,16.27,,
2001/06/29,23.5,24.3,23.4,24.1,7121.0,169911.0,4.329,3.8012,2106.0,0.0,0.0,-100.0,-100.0,24027.0,3532.0,3009.0,60.0,653.0,231.0,16.97,,
2001/07/02,24.1,24.1,22.9,23.8,3835.0,90095.0,-1.2448,2.0471,1065.0,0.0,0.0,500.0,500.0,23604.0,2197.0,2622.0,186.0,467.0,4.0,16.76,,
2001/07/03,23.8,24.0,22.6,22.7,3188.0,74710.0,-4.6218,1.7018,949.0,0.0,0.0,500.0,500.0,23233.0,1539.0,1909.0,49.0,437.0,19.0,15.99,,
2001/07/04,22.1,22.5,21.8,22.3,2425.0,53767.0,-1.7621,1.2945,751.0,0.0,0.0,133.0,133.0,23020.0,1111.0,1313.0,88.0,343.0,0.0,15.7,,
2001/07/05,22.4,23.8,22.3,23.8,6626.0,153470.0,6.7265,3.537,1679.0,390.0,0.0,267.0,657.0,23851.0,2825.0,1994.0,5.0,1014.0,676.0,16.76,,
2001/07/06,23.8,24.6,23.6,23.8,10481.0,252520.0,0.0,5.5948,2894.0,410.0,0.0,435.0,845.0,23374.0,3373.0,3859.0,190.0,1025.0,198.0,16.76,,
2001/07/09,23.8,25.4,23.4,25.0,8833.0,217253.0,5.042,4.7151,2256.0,396.0,-429.0,130.0,97.0,24746.0,4558.0,3186.0,139.0,1280.0,409.0,17.61,,
2001/07/10,25.0,25.4,24.4,24.8,8076.0,201397.0,-0.8,4.311,2069.0,-14.0,-500.0,-200.0,-714.0,25149.0,4465.0,4051.0,166.0,1517.0,414.0,17.46,,
2001/07/11,24.5,24.7,23.5,24.5,5938.0,142191.0,-1.2097,3.1697,1346.0,1457.0,0.0,-2000.0,-543.0,25002.0,2199.0,2308.0,572.0,945.0,0.0,17.25,,
2001/07/12,24.7,25.1,23.8,24.8,5819.0,142829.0,1.2245,3.1062,1850.0,0.0,0.0,0.0,0.0,25598.0,3350.0,2764.0,107.0,955.0,115.0,17.46,,
2001/07/13,25.2,25.2,23.1,23.1,4392.0,106166.0,-6.8548,2.3445,1437.0,-5.0,0.0,-73.0,-78.0,25485.0,2547.0,2659.0,188.0,802.0,36.0,16.27,,
2001/07/16,23.2,23.4,21.7,22.9,3221.0,71835.0,-0.8658,1.7194,1065.0,199.0,0.0,0.0,199.0,24888.0,1435.0,2015.0,212.0,602.0,46.0,16.13,,
2001/07/17,22.9,23.8,22.7,23.0,6085.0,141920.0,0.4367,3.2482,2052.0,-17.0,0.0,-100.0,-117.0,25912.0,2761.0,1729.0,101.0,953.0,472.0,16.2,,
2001/07/18,23.2,23.3,21.4,21.4,4564.0,100507.0,-6.9565,2.4363,1368.0,0.0,-700.0,-40.0,-740.0,25532.0,2302.0,2682.0,297.0,663.0,7.0,15.07,,
2001/07/19,20.7,21.9,20.0,21.2,9060.0,188079.0,-0.9346,4.8362,2405.0,-27.0,-1700.0,0.0,-1727.0,24857.0,4289.0,4706.0,113.0,690.0,152.0,14.93,,
2001/07/20,20.8,21.0,20.0,20.3,4831.0,100105.0,-4.2453,2.5788,1490.0,1000.0,0.0,-80.0,920.0,23833.0,1963.0,3153.0,162.0,529.0,0.0,14.3,,
2001/07/23,20.5,21.0,19.4,19.5,6522.0,133197.0,-3.9409,3.4814,2085.0,0.0,0.0,-97.0,-97.0,25002.0,3135.0,1929.0,64.0,1882.0,1416.0,13.73,,
2001/07/24,19.1,19.3,18.2,18.2,4071.0,75902.0,-6.6667,2.1731,1096.0,0.0,0.0,0.0,0.0,23818.0,2032.0,3209.0,518.0,1271.0,0.0,12.82,,
2001/07/25,18.3,19.0,18.0,19.0,10562.0,195746.0,4.3956,5.638,2851.0,0.0,300.0,100.0,400.0,24840.0,3216.0,1952.0,453.0,2661.0,1871.0,13.38,,
2001/07/26,19.0,20.3,18.7,20.3,11660.0,230802.0,6.8421,6.2241,2848.0,5.0,200.0,-50.0,155.0,24357.0,4385.0,4040.0,807.0,3072.0,1256.0,14.3,,
2001/07/27,20.5,21.4,20.2,20.2,10579.0,220642.0,-0.4926,5.6471,2611.0,-5.0,0.0,-310.0,-315.0,23780.0,3260.0,4037.0,836.0,2614.0,353.0,14.23,,
2001/07/31,20.0,20.5,19.2,20.4,4836.0,97256.0,0.9901,2.5815,1268.0,350.0,0.0,-40.0,310.0,23278.0,1461.0,1940.0,372.0,2455.0,235.0,14.37,,
2001/08/01,20.5,21.0,19.8,20.2,4055.0,82346.0,-0.9804,2.1646,1075.0,-350.0,0.0,-60.0,-410.0,23200.0,2025.0,2101.0,222.0,2309.0,76.0,14.23,,
2001/08/02,20.2,21.1,20.0,20.9,9082.0,188551.0,3.4653,4.848,2104.0,0.0,0.0,30.0,30.0,23709.0,3584.0,3125.0,432.0,2248.0,372.0,14.72,,
2001/08/03,20.9,21.4,20.5,20.9,9792.0,205534.0,0.0,5.227,2661.0,0.0,0.0,-40.0,-40.0,24376.0,4024.0,3462.0,532.0,1876.0,170.0,14.72,,
2001/08/06,20.9,21.2,20.2,20.2,4102.0,84875.0,-3.3493,2.1896,1038.0,0.0,-1200.0,100.0,-1100.0,24555.0,1913.0,1715.0,433.0,1496.0,58.0,14.23,,
2001/08/07,20.2,20.3,19.4,20.2,5457.0,108834.0,0.0,2.9129,1156.0,0.0,-1200.0,0.0,-1200.0,23605.0,1397.0,2346.0,547.0,994.0,46.0,14.23,,
2001/08/08,21.4,21.6,20.9,21.6,11594.0,248265.0,6.9307,6.1889,2662.0,-10.0,0.0,-305.0,-315.0,24647.0,5524.0,4480.0,575.0,417.0,0.0,15.21,,
2001/08/09,21.5,22.0,21.1,21.6,7965.0,171540.0,0.0,4.2517,2147.0,1.0,0.0,130.0,131.0,24037.0,3942.0,4539.0,398.0,0.0,0.0,15.21,,
2001/08/10,21.7,21.8,20.5,21.5,3085.0,64981.0,-0.463,1.6468,986.0,0.0,100.0,60.0,160.0,22025.0,0.0,2012.0,0.0,0.0,0.0,15.14,,
2001/08/13,21.5,21.9,21.1,21.8,4459.0,96426.0,1.3953,2.3802,1383.0,0.0,0.0,20.0,20.0,20028.0,0.0,1997.0,0.0,0.0,0.0,15.35,,
2001/08/14,22.0,23.0,21.6,23.0,11021.0,247040.0,5.5046,5.883,2531.0,0.0,500.0,190.0,690.0,16312.0,0.0,3714.0,0.0,0.0,0.0,16.2,,
2001/08/15,21.5,22.5,21.5,22.1,19723.0,434213.0,4.0261,9.9322,4787.0,0.0,570.0,-966.0,-396.0,21364.0,6517.0,1450.0,0.0,649.0,659.0,15.56,,
2001/08/16,22.2,22.6,21.6,21.8,9073.0,200922.0,-1.3575,4.569,2690.0,-500.0,100.0,-364.0,-764.0,21886.0,4157.0,3635.0,261.0,431.0,43.0,16.27,,
2001/08/17,22.4,22.7,21.8,22.5,11194.0,250764.0,3.211,5.6371,3097.0,90.0,0.0,210.0,300.0,21790.0,3563.0,3638.0,26.0,881.0,492.0,16.79,,
2001/08/20,22.0,23.7,21.9,23.5,11762.0,271167.0,4.4444,5.9231,3329.0,0.0,300.0,-14.0,286.0,20757.0,3393.0,4409.0,147.0,1064.0,336.0,17.54,,
2001/08/21,24.2,24.2,22.8,23.3,7673.0,179290.0,-0.8511,3.864,2148.0,0.0,-30.0,30.0,0.0,20765.0,3254.0,3241.0,133.0,963.0,38.0,17.39,,
2001/08/22,23.1,23.8,22.6,23.3,8154.0,189367.0,0.0,4.1062,2347.0,-10.0,-568.0,-50.0,-628.0,21682.0,3989.0,3034.0,87.0,904.0,43.0,17.39,,
2001/08/23,23.3,23.8,22.6,22.8,7167.0,166153.0,-2.1459,3.6092,2137.0,0.0,0.0,1.0,1.0,21979.0,3290.0,3002.0,79.0,979.0,158.0,17.01,,
2001/08/24,22.8,23.0,21.4,21.8,5477.0,121471.0,-4.386,2.7581,1662.0,0.0,0.0,20.0,20.0,20685.0,2062.0,3301.0,269.0,745.0,35.0,16.27,,
2001/08/27,22.3,22.4,21.6,21.8,5422.0,119421.0,0.0,2.7304,1646.0,0.0,0.0,-30.0,-30.0,20314.0,1913.0,2245.0,205.0,838.0,300.0,16.27,,
2001/08/28,22.2,22.2,21.7,21.9,2575.0,56494.0,0.4587,1.2967,984.0,0.0,0.0,-70.0,-70.0,20130.0,782.0,920.0,71.0,1053.0,286.0,16.34,,
2001/08/29,21.7,22.9,21.7,22.9,6012.0,134782.0,4.5662,3.0275,1806.0,0.0,0.0,-50.0,-50.0,20553.0,2137.0,1712.0,248.0,918.0,113.0,17.09,,
2001/08/30,22.9,23.9,22.5,23.4,14481.0,338190.0,2.1834,7.2924,3851.0,-10.0,0.0,-10.0,-20.0,21211.0,5213.0,4548.0,182.0,1096.0,360.0,17.46,,
2001/08/31,23.4,23.4,22.6,23.1,5877.0,135753.0,-1.2821,2.9596,1777.0,-10.0,-12.0,40.0,18.0,21271.0,3432.0,3372.0,253.0,865.0,25.0,14.71,,
2001/09/03,23.6,23.9,22.9,23.3,7171.0,167786.0,0.8658,3.6112,2273.0,0.0,0.0,21.0,21.0,21223.0,3142.0,3190.0,84.0,948.0,167.0,14.84,,
2001/09/04,23.3,23.9,23.1,23.8,7134.0,168096.0,2.1459,3.5926,2228.0,0.0,0.0,-40.0,-40.0,21214.0,2742.0,2749.0,103.0,1149.0,306.0,15.16,,
2001/09/05,23.7,23.8,22.8,23.0,3723.0,86667.0,-3.3613,1.8748,1150.0,0.0,0.0,20.0,20.0,20592.0,1763.0,2385.0,178.0,971.0,0.0,14.65,,
2001/09/06,22.9,23.0,21.6,21.6,3400.0,75262.0,-6.087,1.7122,1134.0,0.0,0.0,0.0,0.0,20395.0,1421.0,1618.0,174.0,801.0,4.0,13.76,,
2001/09/07,21.2,21.5,20.7,21.1,2565.0,53965.0,-2.3148,1.2917,927.0,0.0,-300.0,50.0,-250.0,20120.0,1184.0,1454.0,87.0,714.0,0.0,13.44,,
2001/09/10,21.0,21.5,20.7,21.4,2244.0,47434.0,1.4218,1.13,847.0,0.0,-100.0,40.0,-60.0,20376.0,881.0,582.0,56.0,866.0,208.0,13.63,,
2001/09/11,21.6,21.7,20.0,20.1,3737.0,77422.0,-6.0748,1.8819,1234.0,0.0,-100.0,46.0,-54.0,19934.0,1499.0,1886.0,71.0,947.0,153.0,12.8,,
2001/09/13,18.7,18.7,18.7,18.7,233.0,4362.0,-6.9652,0.1173,77.0,0.0,0.0,0.0,0.0,19892.0,74.0,47.0,63.0,884.0,0.0,11.91,,
2001/09/14,17.5,18.2,17.4,17.4,4154.0,73433.0,-6.9519,2.0919,1083.0,0.0,0.0,-396.0,-396.0,19924.0,1592.0,1582.0,159.0,737.0,0.0,11.08,,
2001/09/19,16.8,18.6,16.8,18.5,5175.0,89588.0,6.3218,2.606,1134.0,-100.0,0.0,-276.0,-376.0,19090.0,1107.0,1842.0,106.0,685.0,314.0,11.78,,
2001/09/20,18.0,18.8,18.0,18.6,4092.0,75144.0,0.5405,2.0607,1408.0,-5.0,0.0,-50.0,-55.0,18340.0,734.0,1425.0,97.0,743.0,155.0,11.85,,
2001/09/21,18.1,18.4,18.0,18.0,3480.0,62735.0,-3.2258,1.7525,616.0,0.0,-1315.0,120.0,-1195.0,18380.0,792.0,744.0,50.0,693.0,0.0,11.46,,
2001/09/24,18.2,19.2,18.0,19.1,9233.0,170975.0,6.1111,4.6496,2780.0,0.0,-905.0,-70.0,-975.0,19749.0,2807.0,1444.0,92.0,814.0,233.0,12.17,,
2001/09/25,19.8,20.0,18.5,19.1,9397.0,182290.0,0.0,4.7322,2576.0,0.0,-650.0,190.0,-460.0,20389.0,3704.0,3072.0,127.0,1092.0,403.0,12.17,,
2001/09/26,19.1,20.4,18.5,20.4,13360.0,263973.0,6.8063,6.7279,3691.0,-220.0,-500.0,-50.0,-770.0,21077.0,4712.0,4012.0,246.0,1284.0,441.0,12.99,,
2001/09/27,20.3,21.0,20.0,20.4,9644.0,197937.0,0.0,4.8566,2841.0,0.0,-803.0,-60.0,-863.0,22298.0,4221.0,2999.0,57.0,2066.0,839.0,12.99,,
2001/09/28,20.9,21.0,19.5,19.9,9704.0,196852.0,-2.451,4.8868,3074.0,0.0,0.0,-150.0,-150.0,22940.0,4444.0,3642.0,324.0,1891.0,171.0,12.68,,
2001/10/02,19.5,19.6,18.6,18.6,3215.0,60500.0,-6.5327,1.619,1112.0,0.0,-50.0,42.0,-8.0,22490.0,1522.0,1979.0,240.0,1639.0,0.0,11.85,,
2001/10/03,18.6,19.0,17.7,17.8,4804.0,88373.0,-4.3011,2.4192,1487.0,-3124.0,-300.0,-160.0,-460.0,22663.0,1925.0,1701.0,514.0,1649.0,535.0,11.34,,
2001/10/04,18.7,18.7,17.0,17.4,10059.0,180781.0,-2.2472,5.0655,2746.0,0.0,0.0,190.0,190.0,24775.0,4321.0,2161.0,235.0,2256.0,842.0,11.08,,
2001/10/05,17.4,18.1,17.0,17.9,9792.0,172886.0,2.8736,4.9311,2731.0,0.0,-100.0,-20.0,-120.0,26196.0,3755.0,2294.0,657.0,2829.0,1268.0,11.4,,
2001/10/08,17.4,17.8,16.7,17.0,3808.0,65211.0,-5.0279,1.9176,1122.0,0.0,-205.0,30.0,-175.0,25730.0,1514.0,1969.0,777.0,2051.0,0.0,10.83,,
2001/10/09,17.2,17.6,16.9,17.4,7612.0,131981.0,2.3529,3.8333,2109.0,0.0,-95.0,180.0,85.0,26356.0,2814.0,2147.0,270.0,2876.0,1096.0,11.08,,
2001/10/11,17.9,18.5,17.7,18.4,12232.0,222518.0,5.7471,6.1598,3139.0,0.0,0.0,-10.0,-10.0,26466.0,4205.0,4045.0,756.0,2465.0,345.0,11.72,,
2001/10/12,18.5,19.1,17.8,18.4,10521.0,193193.0,0.0,5.2982,2924.0,12.0,0.0,80.0,92.0,27004.0,4219.0,3675.0,322.0,2312.0,169.0,11.72,,
2001/10/15,18.0,18.1,17.4,17.5,2724.0,48076.0,-4.8913,1.3718,814.0,0.0,0.0,30.0,30.0,26253.0,1007.0,1748.0,258.0,2044.0,0.0,11.15,,
2001/10/16,17.5,18.2,17.3,18.2,6606.0,118093.0,4.0,3.3267,1897.0,0.0,-300.0,-20.0,-320.0,26487.0,1863.0,1610.0,124.0,2777.0,855.0,11.59,,
2001/10/17,18.2,18.7,17.9,18.0,9910.0,180854.0,-1.0989,4.9905,2778.0,50.0,0.0,-100.0,-50.0,26620.0,3697.0,3564.0,155.0,2947.0,325.0,11.46,,
2001/10/18,17.6,18.3,17.5,18.2,5141.0,92506.0,1.1111,2.5889,1644.0,30.0,0.0,-20.0,10.0,26425.0,1634.0,1713.0,228.0,2844.0,125.0,11.59,,
2001/10/19,18.2,18.7,17.9,18.3,11136.0,204824.0,0.5495,5.6079,3252.0,-52.0,-30.0,5.0,-77.0,27170.0,3823.0,3048.0,334.0,2776.0,266.0,11.66,,
2001/10/22,18.4,18.7,18.1,18.2,8442.0,155915.0,-0.5464,4.2512,2315.0,-10.0,0.0,-10.0,-20.0,27497.0,3548.0,3211.0,185.0,2852.0,268.0,11.59,,
2001/10/23,18.5,18.9,18.3,18.6,11787.0,219135.0,2.1978,5.9357,3256.0,-49.0,-150.0,-90.0,-289.0,27552.0,4334.0,4279.0,234.0,2889.0,429.0,11.85,,
2001/10/24,18.6,18.9,18.4,18.6,9114.0,169741.0,0.0,4.5897,2462.0,-10.0,0.0,-6.0,-16.0,28524.0,4055.0,3059.0,278.0,2712.0,172.0,11.85,,
2001/10/25,18.8,19.3,18.6,19.0,13469.0,255909.0,2.1505,6.7828,3627.0,-10.0,-30.0,827.0,787.0,29178.0,5472.0,4818.0,320.0,2776.0,386.0,12.1,,
2001/10/26,19.2,19.6,18.5,18.6,14614.0,280481.0,-2.1053,7.3594,4311.0,-10.0,-212.0,-62.0,-284.0,29081.0,5982.0,6066.0,322.0,2549.0,108.0,11.85,,
2001/10/29,18.6,18.8,18.3,18.5,5070.0,93864.0,-0.5376,2.5532,1521.0,-10.0,0.0,-414.0,-424.0,29085.0,2326.0,2311.0,297.0,2484.0,240.0,11.78,,
2001/10/30,18.0,18.4,17.5,17.5,3596.0,64355.0,-5.4054,1.8109,1232.0,-10.0,0.0,-379.0,-389.0,28719.0,1557.0,1909.0,326.0,2155.0,0.0,11.15,,
2001/10/31,17.3,17.9,17.3,17.7,5647.0,99586.0,1.1429,2.8437,1630.0,-10.0,0.0,10.0,0.0,29253.0,2011.0,1460.0,238.0,2578.0,680.0,11.27,,
2001/11/01,17.7,18.2,17.5,17.7,5178.0,92279.0,0.0,2.6076,1576.0,-10.0,0.0,10.0,0.0,29681.0,1827.0,1391.0,238.0,2752.0,421.0,11.27,,
2001/11/02,18.0,18.3,17.9,18.1,7130.0,129022.0,2.2599,3.5905,1932.0,0.0,-1168.0,-50.0,-1218.0,30140.0,3000.0,2465.0,296.0,2825.0,375.0,11.53,,
2001/11/05,18.5,18.8,18.3,18.8,8541.0,158927.0,3.8674,4.3011,2337.0,25.0,0.0,-10.0,15.0,29537.0,2903.0,3579.0,576.0,2365.0,119.0,11.97,,
2001/11/06,19.1,19.1,18.3,18.4,7757.0,145147.0,-2.1277,3.9063,2215.0,-10.0,0.0,0.0,-10.0,29544.0,3708.0,3695.0,258.0,2121.0,15.0,11.72,,
2001/11/07,18.8,19.1,18.5,18.8,7533.0,141570.0,2.1739,3.7935,2184.0,-45.0,200.0,0.0,155.0,29870.0,3080.0,2752.0,117.0,2069.0,67.0,11.97,,
2001/11/08,19.0,19.1,18.2,18.8,5924.0,110018.0,0.0,2.9832,1843.0,-10.0,0.0,9.0,-1.0,29758.0,2647.0,2729.0,186.0,1920.0,67.0,11.97,,
2001/11/09,18.3,18.8,18.3,18.4,3833.0,70842.0,-2.1277,1.9302,1280.0,-10.0,100.0,-5.0,85.0,29346.0,1185.0,1597.0,88.0,1835.0,3.0,11.72,,
2001/11/12,18.4,19.0,18.3,19.0,10639.0,200335.0,3.2609,5.3576,2609.0,-10.0,0.0,-19.0,-29.0,30016.0,3715.0,2941.0,67.0,1999.0,231.0,12.1,,
2001/11/13,19.2,19.7,18.7,18.9,18251.0,352291.0,-0.5263,9.1909,4415.0,-159.0,-590.0,-128.0,-877.0,32292.0,8043.0,5760.0,191.0,1935.0,133.0,12.04,,
2001/11/14,19.3,19.3,18.7,19.0,9638.0,183136.0,0.5291,4.8535,2515.0,-10.0,-300.0,110.0,-200.0,32566.0,4738.0,4463.0,168.0,2155.0,392.0,12.1,,
2001/11/15,19.0,20.2,18.9,20.2,25807.0,506893.0,6.3158,12.996,5322.0,-10.0,-1427.0,-110.0,-1547.0,34127.0,9415.0,7819.0,321.0,2106.0,333.0,12.87,,
2001/11/16,20.2,20.3,19.3,19.4,12355.0,243087.0,-3.9604,6.2218,3045.0,-10.0,0.0,40.0,30.0,34638.0,7299.0,6786.0,353.0,1748.0,0.0,12.36,,
2001/11/19,19.7,20.2,19.4,20.0,14277.0,284003.0,3.0928,7.1897,3173.0,-10.0,0.0,-778.0,-788.0,35267.0,7052.0,6399.0,115.0,1840.0,229.0,12.74,,
2001/11/20,20.2,20.3,18.6,19.0,11516.0,224122.0,-5.0,5.7993,2925.0,-8.0,0.0,-110.0,-118.0,34283.0,5644.0,6609.0,361.0,1479.0,0.0,12.1,,
2001/11/21,18.9,19.5,18.7,19.5,7300.0,140074.0,2.6316,3.6762,1915.0,-10.0,200.0,-530.0,-340.0,34094.0,2432.0,2581.0,54.0,1495.0,72.0,12.42,,
2001/11/22,19.4,19.4,18.6,18.6,4133.0,78446.0,-4.6154,2.0813,1216.0,0.0,100.0,40.0,140.0,33318.0,1906.0,2572.0,149.0,1346.0,0.0,11.85,,
2001/11/23,18.7,19.1,18.5,18.8,5518.0,103801.0,1.0753,2.7788,1511.0,-10.0,24.0,0.0,14.0,33316.0,1754.0,1734.0,59.0,1340.0,53.0,11.97,,
2001/11/26,19.0,19.8,18.9,19.6,13914.0,271301.0,4.2553,7.0069,2602.0,-10.0,51.0,-70.0,-29.0,34201.0,4810.0,3921.0,74.0,1316.0,58.0,12.48,,
2001/11/27,20.0,20.0,18.9,19.0,12012.0,234965.0,-3.0612,6.049,2359.0,-10.0,0.0,80.0,70.0,35474.0,6791.0,5517.0,90.0,1234.0,8.0,12.1,,
2001/11/28,19.0,20.3,18.8,19.5,29495.0,584261.0,2.6316,14.8532,5162.0,-12.0,-600.0,-100.0,-712.0,36544.0,10743.0,9443.0,56.0,1461.0,298.0,12.42,,
2001/11/29,19.3,20.1,19.3,19.8,13810.0,271924.0,1.5385,6.9545,2654.0,-10.0,0.0,0.0,-10.0,36145.0,4502.0,4904.0,166.0,1486.0,191.0,12.61,,
2001/11/30,19.8,20.2,19.3,19.3,10993.0,217568.0,-2.5253,5.5359,2590.0,-10.0,0.0,50.0,40.0,36655.0,5572.0,5055.0,119.0,1448.0,89.0,12.37,,
2001/12/03,19.8,20.6,19.6,20.3,18462.0,374351.0,5.1813,9.2971,3176.0,-10.0,1016.0,-60.0,946.0,36450.0,7292.0,7476.0,84.0,1514.0,172.0,13.01,,
2001/12/04,20.2,21.7,19.8,21.7,23547.0,494361.0,6.8966,11.8579,4683.0,-10.0,2328.0,500.0,2818.0,35637.0,8304.0,9075.0,194.0,1411.0,137.0,13.91,,
2001/12/05,22.2,22.5,20.5,20.7,22581.0,490848.0,-4.6083,11.3714,4494.0,0.0,1200.0,-300.0,900.0,36143.0,11738.0,11213.0,213.0,1231.0,34.0,13.27,,
2001/12/06,21.2,22.0,21.0,21.8,20883.0,447725.0,5.314,10.5163,4180.0,0.0,50.0,0.0,50.0,37235.0,9302.0,8172.0,64.0,1461.0,314.0,13.97,,
2001/12/07,22.0,23.0,21.9,22.6,23023.0,516642.0,3.6697,11.594,4788.0,0.0,0.0,0.0,0.0,36942.0,10948.0,11240.0,74.0,1811.0,445.0,14.49,,
2001/12/10,22.7,24.1,22.1,23.7,24669.0,583477.0,4.8673,12.4229,4686.0,0.0,2170.0,0.0,2170.0,36468.0,11467.0,11936.0,203.0,1790.0,192.0,15.19,,
2001/12/11,23.4,24.0,22.7,23.7,9125.0,213847.0,0.0,4.5952,2062.0,0.0,-100.0,0.0,-100.0,36861.0,5427.0,5032.0,147.0,1652.0,11.0,15.19,,
2001/12/12,24.5,25.3,24.5,25.3,5223.0,130419.0,6.7511,2.6302,805.0,0.0,-225.0,0.0,-225.0,35437.0,1395.0,2769.0,0.0,1764.0,125.0,16.22,,
2001/12/13,27.0,27.0,27.0,27.0,7542.0,203602.0,6.7194,3.798,1155.0,0.0,0.0,0.0,0.0,33688.0,2292.0,4036.0,89.0,1851.0,176.0,17.31,,
2001/12/14,26.8,27.7,25.8,26.5,23119.0,618190.0,-1.8519,11.6423,4290.0,0.0,-1838.0,-199.0,-2037.0,41052.0,14909.0,7549.0,456.0,1399.0,23.0,16.99,,
2001/12/17,26.1,26.3,24.8,25.3,11752.0,298973.0,-4.5283,5.9181,2726.0,-1.0,-753.0,80.0,-674.0,40237.0,6296.0,7112.0,576.0,820.0,0.0,16.22,,
2001/12/18,25.8,25.9,23.6,23.6,13403.0,330883.0,-6.7194,6.7495,3062.0,0.0,-2270.0,20.0,-2250.0,39901.0,7300.0,7631.0,49.0,773.0,18.0,15.13,,
2001/12/19,23.7,24.1,22.1,22.4,10523.0,243450.0,-5.0847,5.2992,2504.0,0.0,-300.0,40.0,-260.0,39855.0,5471.0,5477.0,60.0,781.0,69.0,14.36,,
2001/12/20,22.8,23.5,21.8,23.5,9951.0,228151.0,4.9107,5.0112,2433.0,0.0,0.0,-40.0,-40.0,39369.0,4236.0,4671.0,81.0,919.0,220.0,15.06,,
2001/12/21,23.0,23.3,22.0,22.1,5801.0,131558.0,-5.9574,2.9213,1501.0,0.0,-253.0,60.0,-193.0,38934.0,2975.0,3305.0,202.0,710.0,0.0,14.17,,
2001/12/24,22.4,23.6,22.3,23.6,4963.0,115298.0,6.7873,2.4993,1024.0,0.0,0.0,-100.0,-100.0,39553.0,2461.0,1831.0,21.0,794.0,117.0,15.13,,
2001/12/25,23.9,24.9,23.8,24.9,15972.0,389007.0,5.5085,8.0432,3405.0,-7.0,0.0,210.0,203.0,39379.0,6490.0,6659.0,120.0,724.0,55.0,15.96,,
2001/12/26,25.2,25.4,24.0,24.5,13161.0,324923.0,-1.6064,6.6277,2988.0,-9.0,0.0,30.0,21.0,39958.0,7797.0,7328.0,46.0,706.0,68.0,15.71,,
2001/12/27,24.9,24.9,22.8,23.2,8631.0,206123.0,-5.3061,4.3464,2309.0,7.0,0.0,60.0,67.0,38803.0,4219.0,5214.0,40.0,699.0,34.0,14.87,,
2001/12/28,23.5,24.0,23.0,23.6,7153.0,168537.0,1.7241,3.6021,1889.0,18.0,0.0,-265.0,-247.0,38075.0,2151.0,2843.0,43.0,757.0,106.0,15.13,,
2001/12/31,24.2,25.2,23.8,25.2,14365.0,358937.0,6.7797,7.234,2807.0,-10.0,-200.0,-76.0,-286.0,38461.0,5937.0,5451.0,36.0,808.0,107.0,16.15,,
2002/01/02,25.4,26.9,25.0,26.9,22523.0,594928.0,6.746,11.3422,4155.0,1290.0,0.0,-20.0,1270.0,39149.0,10239.0,9537.0,30.0,1141.0,376.0,17.24,,
2002/01/03,28.7,28.7,27.8,28.4,48685.0,1389223.0,5.5762,24.5169,6135.0,-10.0,-1100.0,228.0,-882.0,34894.0,13454.0,17672.0,317.0,1528.0,718.0,18.21,,
2002/01/04,29.4,29.4,27.1,27.6,19494.0,543327.0,-2.8169,9.8168,3362.0,-25.0,-100.0,90.0,-35.0,36570.0,10814.0,9161.0,453.0,1081.0,10.0,17.69,,
2002/01/07,28.0,29.5,28.0,29.5,13558.0,394390.0,6.8841,6.8276,2299.0,-1.0,-100.0,-60.0,-161.0,38139.0,7412.0,5839.0,36.0,1416.0,393.0,18.91,,
2002/01/08,31.5,31.5,30.0,31.5,45564.0,1414930.0,6.7797,22.9453,7372.0,1390.0,875.0,120.0,2385.0,41664.0,18761.0,15217.0,270.0,1723.0,584.0,20.19,,
2002/01/09,31.7,33.1,30.8,32.4,31614.0,1010505.0,2.8571,15.9203,7567.0,-10.0,-75.0,580.0,495.0,38619.0,8372.0,11436.0,444.0,1644.0,410.0,20.77,,
2002/01/10,32.2,33.8,31.6,33.5,21472.0,702192.0,3.3951,10.8129,5206.0,-4.0,0.0,614.0,610.0,38714.0,7493.0,7387.0,313.0,1597.0,279.0,21.47,,
2002/01/11,33.9,34.8,31.2,31.2,19757.0,660032.0,-6.8657,9.9493,4973.0,-223.0,0.0,-245.0,-468.0,38929.0,9262.0,9056.0,411.0,1281.0,139.0,20.0,,
2002/01/14,29.1,30.7,29.1,29.1,12531.0,367474.0,-6.7308,6.3104,2622.0,-3541.0,0.0,-115.0,-3656.0,39684.0,6354.0,5559.0,342.0,930.0,0.0,18.65,,
2002/01/15,28.9,30.1,27.5,29.9,16529.0,474366.0,2.7491,8.3237,3871.0,1000.0,0.0,-420.0,580.0,39965.0,6586.0,6279.0,107.0,811.0,41.0,19.17,,
2002/01/16,30.0,31.1,28.9,28.9,22287.0,674677.0,-3.3445,11.2234,5412.0,1200.0,0.0,-614.0,586.0,38516.0,7269.0,8515.0,57.0,1070.0,443.0,18.53,,
2002/01/17,27.7,30.3,27.7,29.7,15674.0,460349.0,2.7682,7.8932,4173.0,200.0,0.0,200.0,400.0,38825.0,6004.0,5382.0,247.0,1286.0,614.0,19.04,,
2002/01/18,30.0,30.8,29.2,29.2,17700.0,536788.0,-1.6835,8.9134,3895.0,-10.0,0.0,-150.0,-160.0,39803.0,7793.0,6646.0,108.0,1446.0,341.0,18.72,,
2002/01/21,29.2,31.2,29.2,31.2,18429.0,562618.0,6.8493,9.2805,4001.0,-955.0,0.0,-190.0,-1145.0,41195.0,7045.0,5630.0,546.0,1140.0,271.0,20.0,,
2002/01/22,31.6,33.1,30.9,33.0,29267.0,941873.0,5.7692,14.7384,6598.0,1000.0,0.0,50.0,1050.0,39815.0,9288.0,10583.0,158.0,1385.0,478.0,21.15,,
2002/01/23,32.5,33.8,31.0,31.1,21388.0,700500.0,-5.7576,10.7706,5321.0,-70.0,0.0,-12.0,-82.0,39059.0,9732.0,10498.0,309.0,1117.0,43.0,19.94,,
2002/01/24,31.9,31.9,30.3,30.9,10428.0,325766.0,-0.6431,5.2514,2990.0,0.0,0.0,-10.0,-10.0,39620.0,5498.0,4926.0,160.0,1010.0,68.0,19.81,,
2002/01/25,32.0,32.4,31.3,31.5,16046.0,510861.0,1.9417,8.0805,3997.0,400.0,-1000.0,50.0,-550.0,40703.0,7455.0,6359.0,72.0,1014.0,120.0,20.19,,
2002/01/28,32.0,33.0,31.5,31.7,16348.0,527340.0,0.6349,8.2326,4382.0,10.0,0.0,-60.0,-50.0,40730.0,6974.0,6965.0,60.0,1053.0,115.0,20.32,,
2002/01/29,31.7,32.2,29.9,30.3,10399.0,326360.0,-4.4164,5.2368,2975.0,0.0,-200.0,175.0,-25.0,40581.0,5264.0,5381.0,206.0,1007.0,163.0,19.42,,
2002/01/30,29.3,30.4,29.3,30.0,5880.0,175987.0,-0.9901,2.9611,1951.0,0.0,0.0,57.0,57.0,39779.0,2471.0,3272.0,189.0,815.0,5.0,19.23,,
2002/01/31,30.5,30.7,29.3,29.4,5898.0,177000.0,-2.0,2.9701,1959.0,-140.0,0.0,40.0,-100.0,39283.0,2459.0,2954.0,78.0,827.0,106.0,18.85,,
2002/02/01,29.8,31.4,29.6,31.4,8216.0,253153.0,6.8027,4.1374,2038.0,0.0,0.0,-320.0,-320.0,37496.0,1547.0,3326.0,39.0,1183.0,391.0,20.13,,
2002/02/04,32.1,32.9,31.0,31.0,19467.0,624204.0,-1.2739,9.8033,4535.0,0.0,0.0,-70.0,-70.0,41697.0,9880.0,5677.0,221.0,1114.0,152.0,19.87,,
2002/02/05,30.5,31.0,29.8,30.3,5543.0,168644.0,-2.2581,2.7914,1842.0,0.0,0.0,140.0,140.0,39777.0,2554.0,3915.0,255.0,851.0,5.0,19.42,,
2002/02/06,32.0,32.0,30.8,30.8,8933.0,280276.0,1.6502,4.4985,2583.0,0.0,0.0,-85.0,-85.0,38194.0,2604.0,3794.0,77.0,779.0,7.0,19.74,,
2002/02/18,31.6,32.9,31.4,32.5,22174.0,720392.0,5.5195,11.1664,4648.0,50.0,800.0,-95.0,755.0,42682.0,11965.0,7415.0,41.0,974.0,237.0,20.83,,
2002/02/19,33.0,34.1,32.0,32.1,23651.0,783794.0,-1.2308,11.9102,5568.0,0.0,700.0,1080.0,1780.0,40694.0,8761.0,10945.0,80.0,1134.0,240.0,20.58,,
2002/02/20,31.6,32.8,30.6,30.7,11089.0,352254.0,-4.3614,5.5842,3305.0,110.0,0.0,170.0,280.0,39661.0,5001.0,6034.0,275.0,1015.0,156.0,19.68,,
2002/02/21,31.8,32.2,30.7,30.8,13031.0,409235.0,0.3257,6.5622,3656.0,0.0,0.0,50.0,50.0,40446.0,5167.0,4360.0,121.0,1388.0,509.0,19.74,,
2002/02/22,30.2,30.6,29.5,30.6,7597.0,228753.0,-0.6494,3.8257,2240.0,0.0,0.0,-110.0,-110.0,39801.0,3624.0,4188.0,478.0,887.0,0.0,19.62,,
2002/02/25,31.0,31.5,30.0,30.3,9784.0,303117.0,-0.9804,4.9271,3023.0,0.0,0.0,-10.0,-10.0,39886.0,4098.0,4006.0,34.0,1161.0,313.0,19.42,,
2002/02/26,31.1,32.4,31.0,31.6,23891.0,760915.0,4.2904,12.0311,5611.0,241.0,0.0,-135.0,106.0,38086.0,6777.0,8432.0,90.0,1815.0,895.0,20.26,,
2002/02/27,32.3,33.8,32.2,33.8,20266.0,675891.0,6.962,10.2056,4176.0,0.0,2675.0,-185.0,2490.0,39317.0,8372.0,7092.0,189.0,2594.0,1004.0,21.67,,
2002/03/01,34.7,36.1,34.5,36.1,25093.0,897229.0,6.8047,12.6364,3868.0,389.0,408.0,-300.0,497.0,40699.0,10155.0,8771.0,106.0,4706.0,2232.0,23.14,,
2002/03/04,38.6,38.6,38.6,38.6,4472.0,172555.0,6.9252,2.252,959.0,-100.0,899.0,0.0,799.0,40160.0,1750.0,2267.0,206.0,4581.0,103.0,24.74,,
2002/03/05,41.3,41.3,38.0,38.1,42197.0,1664092.0,-1.2953,21.2497,10470.0,14.0,400.0,-170.0,244.0,37157.0,15002.0,17924.0,1936.0,3158.0,643.0,24.42,,
2002/03/06,38.0,40.7,37.5,40.7,30788.0,1222511.0,6.8241,15.5043,7921.0,-60.0,215.0,-400.0,-245.0,40884.0,13190.0,9766.0,715.0,3408.0,1024.0,26.09,,
2002/03/07,40.7,40.7,38.7,39.2,22876.0,905885.0,-3.6855,11.52,6426.0,0.0,0.0,500.0,500.0,40670.0,10382.0,10596.0,968.0,2425.0,7.0,25.13,,
2002/03/08,39.0,41.5,38.8,40.1,26864.0,1080489.0,2.2959,13.5283,7653.0,1.0,0.0,190.0,191.0,39344.0,9045.0,10326.0,294.0,2846.0,771.0,25.71,,
2002/03/11,41.5,42.5,39.9,42.0,33423.0,1378624.0,4.7382,16.8313,10254.0,0.0,0.0,60.0,60.0,41832.0,12736.0,10248.0,430.0,3325.0,916.0,26.92,,
2002/03/12,40.1,41.7,39.2,39.2,16614.0,668670.0,-6.6667,8.3665,5398.0,0.0,-175.0,0.0,-175.0,40833.0,8045.0,9041.0,1042.0,2280.0,0.0,25.13,,
2002/03/13,38.5,39.7,38.0,38.0,14658.0,566217.0,-3.0612,7.3815,5303.0,-10.0,0.0,-150.0,-160.0,40947.0,6642.0,6518.0,439.0,1986.0,146.0,24.36,,
2002/03/14,37.2,39.1,37.2,38.4,16762.0,643042.0,1.0526,8.4411,5039.0,-2.0,100.0,0.0,98.0,42411.0,6452.0,4988.0,288.0,1952.0,256.0,24.62,,
2002/03/15,38.9,39.1,37.0,37.0,9641.0,368983.0,-3.6458,4.855,3421.0,-13.0,200.0,-600.0,-413.0,41709.0,4198.0,4884.0,360.0,1644.0,88.0,23.72,,
2002/03/18,37.6,38.3,36.6,38.3,11957.0,449169.0,3.5135,6.0213,3735.0,-171.0,0.0,150.0,-21.0,41829.0,4967.0,4830.0,318.0,1616.0,307.0,24.55,,
2002/03/19,38.0,38.3,36.6,36.7,9382.0,349369.0,-4.1775,4.7246,3258.0,-478.0,0.0,100.0,-378.0,41997.0,4779.0,4606.0,470.0,1133.0,0.0,23.53,,
2002/03/20,37.0,39.2,36.7,39.2,14787.0,567108.0,6.812,7.4465,4948.0,0.0,0.0,0.0,0.0,41878.0,7311.0,7417.0,378.0,743.0,0.0,25.13,,
2002/03/21,38.1,39.7,38.1,39.3,13587.0,526942.0,0.2551,6.8422,4814.0,-4.0,0.0,-250.0,-254.0,41526.0,6628.0,6967.0,706.0,18.0,0.0,25.19,,
2002/03/22,39.5,39.7,38.2,38.2,10904.0,423869.0,-2.799,5.4911,3980.0,-7.0,0.0,10.0,3.0,35491.0,0.0,6033.0,13.0,0.0,0.0,24.49,,
2002/03/25,38.2,39.5,38.2,39.1,8391.0,325705.0,2.356,4.2256,2734.0,-10.0,0.0,130.0,120.0,33144.0,0.0,2302.0,0.0,0.0,0.0,25.06,,
2002/03/26,39.0,40.0,38.8,39.8,11857.0,469127.0,1.7903,5.971,3905.0,0.0,-65.0,-25.0,-90.0,29791.0,0.0,3347.0,0.0,0.0,0.0,25.51,,
2002/03/27,40.5,40.6,37.2,37.6,19042.0,738488.0,-5.5276,9.5892,5583.0,0.0,-907.0,-15.0,-922.0,38105.0,11478.0,3176.0,0.0,21.0,21.0,24.1,,
2002/03/28,37.2,37.6,36.7,36.9,7224.0,268043.0,-1.8617,3.6379,2799.0,-760.0,0.0,0.0,-760.0,38361.0,3644.0,3390.0,10.0,11.0,0.0,23.65,,
2002/03/29,37.2,38.0,36.8,36.9,8347.0,311498.0,0.0,4.2034,2813.0,-600.0,0.0,0.0,-600.0,39768.0,3472.0,2071.0,0.0,721.0,710.0,23.65,,
2002/04/01,36.9,39.1,36.6,38.6,14069.0,535578.0,4.607,7.0849,4322.0,0.0,0.0,200.0,200.0,39794.0,4456.0,4317.0,345.0,611.0,288.0,24.74,,
2002/04/02,38.6,39.5,37.5,37.5,16167.0,624983.0,-2.8497,8.1414,5317.0,0.0,-825.0,-100.0,-925.0,42088.0,8287.0,5987.0,126.0,522.0,39.0,24.04,,
2002/04/03,37.4,38.5,37.4,37.7,13280.0,504667.0,0.5333,6.6876,3876.0,0.0,-1425.0,652.0,-773.0,41392.0,4351.0,5017.0,263.0,542.0,298.0,24.17,,
2002/04/04,37.7,38.0,36.6,36.6,9064.0,335251.0,-2.9178,4.5645,3025.0,0.0,0.0,0.0,0.0,41410.0,3714.0,3669.0,274.0,313.0,52.0,23.46,,
2002/04/08,36.6,37.1,35.5,35.5,5975.0,217624.0,-3.0055,3.0089,2420.0,0.0,0.0,-100.0,-100.0,41295.0,2316.0,2351.0,90.0,348.0,185.0,22.76,,
2002/04/09,35.8,36.2,33.5,33.6,6496.0,225703.0,-5.3521,3.2713,2474.0,2.0,0.0,-652.0,-650.0,41068.0,2777.0,2996.0,250.0,204.0,106.0,21.54,,
2002/04/10,33.6,34.6,33.3,34.5,6249.0,212667.0,2.6786,3.1469,2365.0,0.0,0.0,0.0,0.0,41081.0,2043.0,2008.0,74.0,675.0,557.0,22.12,,
2002/04/11,35.0,35.5,34.5,34.5,5605.0,196284.0,0.0,2.8226,2294.0,0.0,0.0,0.0,0.0,41250.0,2398.0,2220.0,89.0,1012.0,431.0,22.12,,
2002/04/12,33.7,36.0,33.7,35.7,7651.0,268868.0,3.4783,3.8529,2820.0,0.0,0.0,0.0,0.0,40922.0,2217.0,2500.0,412.0,777.0,199.0,22.88,,
2002/04/15,36.0,36.6,35.2,35.3,5914.0,213064.0,-1.1204,2.9782,2259.0,200.0,0.0,0.0,200.0,41227.0,2750.0,2446.0,67.0,811.0,103.0,22.63,,
2002/04/16,35.7,36.4,35.3,35.6,5464.0,196026.0,0.8499,2.7516,2052.0,0.0,0.0,0.0,0.0,41787.0,2791.0,2223.0,34.0,931.0,162.0,22.82,,
2002/04/17,36.4,36.9,35.5,35.5,6977.0,252209.0,-0.2809,3.5135,2443.0,0.0,0.0,-21.0,-21.0,41959.0,3341.0,3166.0,130.0,921.0,123.0,22.76,,
2002/04/18,35.7,35.8,34.7,34.7,3486.0,122316.0,-2.2535,1.7555,1521.0,-200.0,0.0,0.0,-200.0,41510.0,1421.0,1815.0,242.0,721.0,47.0,22.24,,
2002/04/19,34.3,35.2,34.0,34.6,4808.0,166709.0,-0.2882,2.4212,1745.0,-2.0,0.0,0.0,-2.0,40577.0,1467.0,2398.0,146.0,659.0,84.0,22.18,,
2002/04/22,34.8,35.4,34.5,34.6,3739.0,130461.0,0.0,1.8829,1507.0,0.0,0.0,-39.0,-39.0,40822.0,1378.0,1120.0,64.0,665.0,74.0,22.18,,
2002/04/23,34.9,35.4,34.3,35.1,5150.0,180450.0,1.4451,2.5935,1766.0,0.0,600.0,-40.0,560.0,40494.0,1516.0,1836.0,15.0,798.0,150.0,22.5,,
2002/04/24,35.3,35.4,34.5,34.6,2773.0,96817.0,-1.4245,1.3964,1159.0,0.0,0.0,0.0,0.0,40248.0,1277.0,1514.0,174.0,627.0,6.0,22.18,,
2002/04/25,34.5,34.8,33.9,33.9,3086.0,105632.0,-2.0231,1.5541,1263.0,0.0,-300.0,0.0,-300.0,39744.0,1090.0,1588.0,215.0,422.0,11.0,21.73,,
2002/04/26,34.0,34.5,33.8,33.8,2711.0,92532.0,-0.295,1.3652,1044.0,0.0,0.0,0.0,0.0,39640.0,837.0,934.0,52.0,571.0,201.0,21.67,,
2002/04/29,34.6,34.8,33.8,34.0,3689.0,126024.0,0.5917,1.8577,1271.0,0.0,0.0,0.0,0.0,39665.0,1125.0,1098.0,69.0,706.0,204.0,21.79,,
2002/04/30,34.2,34.5,32.0,33.3,4950.0,164158.0,-2.0588,2.4927,1952.0,0.0,0.0,0.0,0.0,39905.0,1944.0,1704.0,311.0,423.0,28.0,21.35,,
2002/05/02,33.3,33.3,31.0,31.0,3895.0,124228.0,-6.9069,1.9615,1407.0,0.0,0.0,100.0,100.0,39337.0,1528.0,2062.0,92.0,333.0,2.0,19.87,,
2002/05/03,29.6,30.9,29.5,30.6,4593.0,137976.0,-1.2903,2.313,1350.0,0.0,0.0,50.0,50.0,39280.0,2133.0,2148.0,186.0,147.0,0.0,19.62,,
2002/05/06,29.6,29.6,28.5,28.5,1860.0,53394.0,-6.8627,0.9367,650.0,0.0,0.0,0.0,0.0,38376.0,680.0,1267.0,3.0,139.0,0.0,18.27,,
2002/05/07,26.6,29.2,26.6,28.8,5798.0,163025.0,1.0526,2.9198,1881.0,0.0,0.0,0.0,0.0,37161.0,1641.0,2633.0,49.0,228.0,148.0,18.46,,
2002/05/08,30.8,30.8,28.4,29.4,4764.0,141587.0,2.0833,2.3991,1683.0,-1.0,0.0,0.0,-1.0,36728.0,1600.0,1923.0,40.0,537.0,349.0,18.85,,
2002/05/09,30.9,30.9,29.0,29.6,5734.0,171353.0,0.6803,2.8875,1972.0,0.0,0.0,0.0,0.0,36992.0,1923.0,1604.0,68.0,960.0,491.0,18.97,,
2002/05/10,29.2,30.3,28.6,30.3,3506.0,103430.0,2.3649,1.7656,1263.0,0.0,0.0,5.0,5.0,36927.0,1305.0,1369.0,433.0,562.0,41.0,19.42,,
2002/05/13,29.4,29.9,29.0,29.3,1253.0,36885.0,-3.3003,0.631,505.0,1.0,0.0,0.0,0.0,36981.0,767.0,711.0,65.0,494.0,0.0,18.78,,
2002/05/14,29.5,30.0,29.0,29.1,2608.0,76785.0,-0.6826,1.3133,894.0,0.0,-600.0,0.0,-600.0,37188.0,1147.0,924.0,101.0,541.0,148.0,18.65,,
2002/05/15,29.8,30.5,29.6,30.4,8035.0,242205.0,4.4674,4.0463,2392.0,0.0,0.0,0.0,0.0,37353.0,2843.0,2666.0,246.0,345.0,52.0,19.74,,
2002/05/16,30.3,30.3,29.2,29.2,2090.0,61718.0,-3.9474,1.0525,753.0,0.0,0.0,0.0,0.0,37277.0,1061.0,1123.0,64.0,280.0,0.0,18.96,,
2002/05/17,29.3,29.7,28.7,28.7,2301.0,67311.0,-1.7123,1.1587,910.0,0.0,0.0,0.0,0.0,37042.0,914.0,1146.0,9.0,437.0,166.0,18.64,,
2002/05/20,28.3,28.3,26.7,26.7,2438.0,66106.0,-6.9686,1.2277,912.0,0.0,0.0,0.0,0.0,36310.0,1083.0,1775.0,68.0,369.0,0.0,17.34,,
2002/05/21,25.5,26.4,24.9,24.9,3059.0,77579.0,-6.7416,1.5405,1080.0,0.0,0.0,0.0,0.0,35376.0,1514.0,2347.0,82.0,287.0,0.0,16.17,,
2002/05/22,24.9,25.6,24.3,25.1,5229.0,130150.0,0.8032,2.6332,1385.0,0.0,-1500.0,150.0,-1350.0,35927.0,2130.0,1453.0,89.0,386.0,188.0,16.3,,
2002/05/23,25.2,26.3,25.2,26.3,9657.0,248885.0,4.7809,4.8631,3009.0,0.0,0.0,0.0,0.0,35771.0,2910.0,3044.0,116.0,672.0,402.0,17.08,,
2002/05/24,26.8,28.1,26.6,28.1,11143.0,307083.0,6.8441,5.6114,3005.0,0.0,0.0,100.0,100.0,35499.0,3264.0,3505.0,234.0,799.0,362.0,18.25,,
2002/05/27,27.6,29.9,27.6,29.7,12578.0,365949.0,5.694,6.3341,3148.0,0.0,0.0,0.0,0.0,33518.0,2457.0,4436.0,164.0,1218.0,583.0,19.29,,
2002/05/28,30.0,30.5,28.6,29.1,7217.0,212882.0,-2.0202,3.6344,2318.0,0.0,0.0,0.0,0.0,33560.0,2883.0,2838.0,434.0,820.0,40.0,18.9,,
2002/05/29,29.0,29.0,28.0,28.4,2170.0,61605.0,-2.4055,1.0928,801.0,0.0,0.0,0.0,0.0,33326.0,1095.0,1324.0,211.0,603.0,0.0,18.44,,
2002/05/30,29.0,30.3,28.7,30.3,15351.0,459296.0,6.6901,7.7305,3888.0,0.0,0.0,0.0,0.0,34489.0,5033.0,3865.0,82.0,1505.0,989.0,19.68,,
2002/05/31,30.0,30.2,29.4,29.9,3545.0,105538.0,-1.3201,1.7852,1027.0,0.0,0.0,100.0,100.0,34588.0,1580.0,1476.0,587.0,917.0,0.0,19.42,,
2002/06/03,29.5,29.8,28.0,28.2,3439.0,99425.0,-5.6856,1.7318,993.0,0.0,0.0,0.0,0.0,34606.0,1465.0,1442.0,190.0,724.0,0.0,18.31,,
2002/06/04,27.7,29.5,27.5,29.2,8153.0,235061.0,3.5461,4.1057,2422.0,0.0,-300.0,0.0,-300.0,35831.0,2689.0,1462.0,186.0,1109.0,571.0,18.96,,
2002/06/05,29.4,30.2,29.3,29.4,8285.0,246116.0,0.6849,4.1722,2354.0,0.0,0.0,70.0,70.0,35492.0,2631.0,2997.0,159.0,1199.0,200.0,19.09,,
2002/06/06,29.7,30.1,29.2,29.6,6430.0,190581.0,0.6803,3.238,1972.0,0.0,0.0,-70.0,-70.0,35408.0,2216.0,2293.0,171.0,1343.0,319.0,19.22,,
2002/06/07,29.2,29.3,28.0,28.5,4147.0,118734.0,-3.7162,2.0884,1374.0,0.0,0.0,30.0,30.0,35105.0,1554.0,1857.0,430.0,913.0,0.0,18.51,,
2002/06/10,28.7,29.2,28.5,29.0,2960.0,85154.0,1.7544,1.4906,1137.0,0.0,0.0,0.0,0.0,35298.0,1094.0,879.0,130.0,917.0,156.0,18.83,,
2002/06/11,29.0,29.5,27.8,29.0,4081.0,117209.0,0.0,2.0551,1777.0,2.0,0.0,61.0,63.0,35161.0,1409.0,1523.0,176.0,813.0,72.0,18.83,,
2002/06/12,28.7,30.1,28.3,30.1,12548.0,371984.0,3.7931,6.319,3695.0,100.0,200.0,90.0,390.0,37672.0,6099.0,3574.0,88.0,1175.0,451.0,19.55,,
2002/06/13,30.7,32.2,30.2,32.1,23878.0,745333.0,6.6445,12.0246,6208.0,330.0,410.0,200.0,940.0,37214.0,7296.0,7661.0,200.0,1624.0,752.0,20.84,,
2002/06/14,31.9,32.9,31.6,32.1,13530.0,435007.0,0.0,6.8135,3942.0,100.0,210.0,152.0,462.0,36534.0,5642.0,6316.0,258.0,1504.0,138.0,20.84,,
2002/06/17,32.7,32.7,31.8,32.0,8516.0,274559.0,-0.3115,4.2885,2344.0,0.0,1000.0,0.0,1000.0,37100.0,4162.0,3592.0,197.0,1530.0,227.0,20.78,,
2002/06/18,33.6,33.9,32.5,32.5,16230.0,538517.0,1.5625,8.1732,4240.0,0.0,1743.0,-300.0,1443.0,36229.0,5593.0,6464.0,229.0,1996.0,695.0,21.1,,
2002/06/19,32.4,32.4,30.3,30.3,5762.0,180043.0,-6.7692,2.9016,1846.0,0.0,0.0,98.0,98.0,35189.0,2485.0,3525.0,728.0,1267.0,0.0,19.68,,
2002/06/20,31.8,31.8,30.6,31.1,13000.0,402930.0,2.6403,6.5466,3567.0,-2.0,-100.0,-416.0,-518.0,36675.0,4135.0,2649.0,442.0,1577.0,752.0,20.19,,
2002/06/21,31.0,33.2,30.5,32.7,22329.0,722047.0,5.1447,11.2445,5756.0,0.0,0.0,-300.0,-300.0,36605.0,6732.0,6793.0,454.0,1935.0,819.0,21.23,,
2002/06/24,32.5,32.7,30.7,31.0,7825.0,245359.0,-5.1988,3.9405,2759.0,0.0,0.0,109.0,109.0,37311.0,3997.0,3286.0,643.0,1292.0,0.0,20.13,,
2002/06/25,31.2,31.8,30.7,31.0,11574.0,361321.0,0.0,5.8285,3565.0,0.0,350.0,-7.0,343.0,37308.0,4001.0,3988.0,212.0,1632.0,555.0,20.13,,
2002/06/26,29.0,30.0,28.9,28.9,4173.0,121839.0,-6.7742,2.1015,1487.0,0.0,-113.0,2.0,-111.0,34927.0,1605.0,2890.0,370.0,1262.0,0.0,18.77,,
2002/06/27,28.9,29.5,26.9,26.9,5439.0,149728.0,-6.9204,2.739,1538.0,0.0,-428.0,0.0,-428.0,36271.0,2203.0,799.0,439.0,851.0,30.0,17.47,,
2002/06/28,26.2,27.0,25.5,26.9,11607.0,306720.0,0.0,5.8451,3315.0,70.0,-372.0,19.0,-283.0,35737.0,4500.0,5003.0,347.0,701.0,200.0,17.47,,
2002/07/01,26.8,26.8,25.1,25.1,3718.0,94691.0,-6.6914,1.8723,1165.0,0.0,-200.0,0.0,-200.0,35266.0,1520.0,1971.0,150.0,544.0,0.0,16.3,,
2002/07/02,23.6,25.4,23.6,25.3,5297.0,129905.0,0.7968,2.6675,1645.0,-30.0,0.0,0.0,-30.0,35000.0,2272.0,2399.0,188.0,386.0,31.0,16.43,,
2002/07/03,25.6,27.0,24.0,27.0,10275.0,266356.0,6.7194,5.1743,3174.0,0.0,0.0,195.0,195.0,34346.0,2718.0,3318.0,189.0,485.0,288.0,17.53,,
2002/07/04,26.9,27.9,26.4,27.2,9628.0,262034.0,0.7407,4.8485,3623.0,0.0,0.0,20.0,20.0,34725.0,3518.0,3123.0,155.0,492.0,172.0,17.66,,
2002/07/05,27.6,28.0,26.8,27.8,7614.0,209588.0,2.2059,3.8343,2777.0,-40.0,50.0,-54.0,-44.0,34926.0,3122.0,2909.0,140.0,549.0,199.0,18.05,,
2002/07/08,28.6,28.7,27.0,27.8,11367.0,318130.0,0.0,5.7242,3759.0,0.0,-500.0,3.0,-497.0,35817.0,4633.0,3731.0,109.0,869.0,434.0,18.05,,
2002/07/09,27.4,28.4,27.2,28.2,9571.0,267625.0,1.4388,4.8198,3217.0,-150.0,-450.0,0.0,-600.0,36436.0,3810.0,3171.0,279.0,971.0,385.0,18.31,,
2002/07/10,27.7,28.0,26.8,26.8,3177.0,86824.0,-4.9645,1.5999,1205.0,0.0,0.0,-100.0,-100.0,35836.0,1414.0,2009.0,290.0,679.0,0.0,17.4,,
2002/07/11,26.0,27.7,26.0,26.6,5428.0,145064.0,-0.7463,2.7334,1848.0,0.0,-400.0,0.0,-400.0,36036.0,1982.0,1790.0,352.0,572.0,245.0,17.27,,
2002/07/12,26.9,28.3,26.9,28.3,8824.0,245548.0,6.391,4.4436,2616.0,1.0,-250.0,0.0,-249.0,36492.0,3795.0,3233.0,70.0,583.0,81.0,18.38,,
2002/07/15,28.1,28.3,27.5,27.8,5251.0,146495.0,-1.7668,2.6443,1625.0,0.0,0.0,0.0,0.0,36997.0,3249.0,2745.0,209.0,373.0,0.0,18.05,,
2002/07/16,28.2,28.2,26.6,27.0,5349.0,146341.0,-2.8777,2.6937,1660.0,-80.0,0.0,0.0,-80.0,36481.0,2374.0,2872.0,146.0,224.0,0.0,17.53,,
2002/07/17,27.0,27.3,26.6,27.1,2354.0,63428.0,0.3704,1.1854,854.0,-300.0,0.0,0.0,-300.0,36416.0,1109.0,1090.0,135.0,0.0,0.0,17.6,,
2002/07/18,27.2,27.5,26.7,27.0,2910.0,78976.0,-0.369,1.4654,1001.0,27.0,-100.0,111.0,38.0,34785.0,0.0,1628.0,0.0,0.0,0.0,17.53,,
2002/07/19,26.5,27.0,26.1,26.8,3375.0,89395.0,-0.7407,1.6996,1472.0,0.0,0.0,45.0,45.0,33714.0,0.0,1065.0,0.0,0.0,0.0,17.4,,
2002/07/22,26.3,26.4,25.5,25.8,4427.0,114619.0,-3.7313,2.2294,1089.0,0.0,0.0,-60.0,-60.0,32250.0,0.0,1463.0,0.0,0.0,0.0,16.75,,
2002/07/23,24.1,25.3,23.8,25.2,8684.0,213519.0,5.8605,4.1256,2788.0,0.0,0.0,-160.0,-160.0,34649.0,2941.0,538.0,0.0,245.0,249.0,16.36,,
2002/07/24,24.7,25.7,24.5,25.2,5890.0,147122.0,0.0,2.7982,2019.0,0.0,0.0,0.0,0.0,34543.0,1983.0,2086.0,97.0,173.0,28.0,17.38,,
2002/07/25,26.0,26.2,24.8,24.8,6843.0,175630.0,-1.5873,3.251,2259.0,0.0,0.0,0.0,0.0,35779.0,3557.0,2316.0,8.0,199.0,39.0,17.1,,
2002/07/26,24.5,24.5,23.1,23.2,4221.0,100130.0,-6.4516,2.0053,1332.0,0.0,-500.0,42.0,-458.0,34644.0,1544.0,2679.0,38.0,161.0,0.0,16.0,,
2002/07/29,23.3,24.2,23.3,24.1,2935.0,70200.0,3.8793,1.3944,1049.0,0.0,0.0,0.0,0.0,34627.0,1008.0,1011.0,3.0,291.0,133.0,16.62,,
2002/07/30,25.5,25.5,24.7,25.5,7446.0,187432.0,5.8091,3.5374,2313.0,0.0,0.0,-200.0,-200.0,35457.0,2913.0,2079.0,31.0,341.0,85.0,17.59,,
2002/07/31,25.8,26.8,25.5,26.3,13969.0,366049.0,3.1373,6.6364,4261.0,0.0,0.0,-85.0,0.0,37428.0,6182.0,4203.0,20.0,544.0,221.0,18.14,,
2002/08/01,26.3,26.5,25.5,25.5,4539.0,117671.0,-3.0418,2.1564,1541.0,-1.0,0.0,10.0,9.0,36826.0,2609.0,3010.0,123.0,467.0,43.0,17.59,,
2002/08/02,25.0,25.8,24.6,25.8,2300.0,58075.0,1.1765,1.0927,892.0,0.0,0.0,20.0,20.0,36093.0,896.0,1105.0,107.0,362.0,7.0,17.79,,
2002/08/05,24.2,24.8,24.0,24.0,2137.0,51617.0,-6.9767,1.0152,769.0,0.0,0.0,40.0,40.0,35409.0,843.0,1518.0,39.0,322.0,0.0,16.55,,
2002/08/06,23.1,25.0,23.1,24.6,7282.0,176191.0,2.5,3.4595,2417.0,0.0,-550.0,-15.0,-565.0,35043.0,1690.0,2024.0,84.0,447.0,211.0,16.97,,
2002/08/07,25.6,25.8,25.0,25.1,7157.0,181627.0,2.0325,3.4001,2338.0,0.0,0.0,15.0,15.0,35429.0,2782.0,2396.0,44.0,533.0,130.0,17.31,,
2002/08/08,25.2,25.6,24.6,25.0,4821.0,121171.0,-0.3984,2.2904,1644.0,0.0,-600.0,15.0,-585.0,36130.0,2083.0,1372.0,77.0,541.0,85.0,17.24,,
2002/08/09,25.9,25.9,25.1,25.6,7960.0,203467.0,2.4,3.7816,2341.0,0.0,0.0,0.0,0.0,35908.0,3000.0,3161.0,52.0,623.0,135.0,17.66,,
2002/08/12,25.7,26.6,25.6,26.4,11493.0,302033.0,3.125,5.4601,3317.0,0.0,0.0,-20.0,-20.0,35714.0,3858.0,4050.0,24.0,721.0,129.0,18.21,,
2002/08/13,26.4,26.9,26.2,26.4,8876.0,236180.0,0.0,4.2168,2345.0,0.0,1000.0,180.0,1180.0,35761.0,3806.0,3758.0,41.0,1007.0,330.0,18.21,,
2002/08/14,26.4,27.4,26.4,27.2,16280.0,440170.0,3.0303,7.7343,4373.0,0.0,500.0,400.0,900.0,35815.0,5553.0,5495.0,151.0,1104.0,254.0,18.76,,
2002/08/15,27.7,29.1,27.6,28.6,25336.0,724295.0,5.1471,12.0366,5670.0,0.0,3000.0,-645.0,2355.0,34551.0,7501.0,8728.0,174.0,1732.0,821.0,19.72,,
2002/08/16,28.8,29.4,28.2,28.9,13230.0,382385.0,1.049,6.2853,3635.0,0.0,1000.0,0.0,1000.0,34407.0,4324.0,4468.0,269.0,1882.0,419.0,19.93,,
2002/08/19,29.4,29.5,28.6,28.9,7754.0,225189.0,0.0,3.6838,2110.0,0.0,600.0,0.0,600.0,34522.0,3449.0,3334.0,104.0,2209.0,431.0,19.93,,
2002/08/20,29.7,29.7,28.5,28.6,11635.0,340177.0,-1.0381,5.5276,2666.0,0.0,-1072.0,200.0,-872.0,33705.0,3546.0,4362.0,245.0,2600.0,636.0,19.72,,
2002/08/21,28.5,28.6,28.0,28.6,6034.0,170798.0,0.0,2.8666,1789.0,0.0,200.0,0.0,200.0,33132.0,1957.0,2455.0,689.0,1928.0,18.0,19.72,,
2002/08/22,29.0,30.4,28.8,30.0,17995.0,533780.0,4.8951,8.5491,4588.0,0.0,900.0,300.0,1200.0,32817.0,5683.0,5870.0,193.0,2546.0,933.0,20.69,,
2002/08/23,30.5,30.6,29.5,29.8,9050.0,272056.0,-0.6667,4.2995,2680.0,0.0,0.0,0.0,0.0,33908.0,4779.0,3667.0,363.0,2340.0,158.0,20.55,,
2002/08/26,29.2,29.6,28.5,29.5,5600.0,162983.0,-1.0067,2.6604,1688.0,0.0,0.0,0.0,0.0,32921.0,2467.0,3449.0,548.0,1792.0,0.0,20.34,,
2002/08/27,29.5,29.7,28.5,28.5,4574.0,132607.0,-3.3898,2.173,1469.0,0.0,-100.0,0.0,-100.0,33353.0,2160.0,1725.0,271.0,1517.0,1.0,19.66,,
2002/08/28,28.3,28.7,27.5,27.5,5334.0,149525.0,-3.5088,2.5341,1808.0,0.0,0.0,0.0,0.0,32538.0,2295.0,3120.0,389.0,1143.0,15.0,18.97,,
2002/08/29,27.4,28.3,27.4,28.1,9588.0,268729.0,2.1818,4.5551,2954.0,0.0,400.0,0.0,400.0,33746.0,3464.0,2246.0,119.0,1567.0,543.0,19.38,,
2002/08/30,28.1,28.6,27.7,28.0,5098.0,143927.0,-0.3559,2.422,1739.0,30.0,0.0,0.0,30.0,33699.0,2057.0,2084.0,180.0,1549.0,162.0,19.31,,
2002/09/02,27.9,28.0,27.1,27.6,3083.0,84900.0,-1.4286,1.4647,1006.0,0.0,0.0,-23.0,-23.0,33231.0,964.0,1430.0,386.0,1163.0,0.0,19.03,,
2002/09/03,27.6,27.8,26.5,27.0,4136.0,112617.0,-2.1739,1.9649,1572.0,0.0,0.0,-77.0,-77.0,33016.0,1640.0,1854.0,247.0,955.0,40.0,18.62,,
2002/09/04,26.3,27.2,26.3,26.7,3782.0,101393.0,-1.1111,1.7968,1282.0,0.0,0.0,-18.0,-18.0,33411.0,2140.0,1740.0,192.0,766.0,3.0,21.89,,
2002/09/05,26.9,27.3,26.1,26.1,2995.0,79874.0,-2.2472,1.4229,1003.0,-264.0,350.0,45.0,395.0,33163.0,1392.0,1624.0,97.0,763.0,99.0,21.39,,
2002/09/09,26.3,26.4,25.4,26.3,3317.0,86552.0,0.7663,1.5758,1458.0,0.0,0.0,10.0,10.0,33417.0,1166.0,905.0,118.0,964.0,319.0,21.56,,
2002/09/10,26.4,28.1,26.3,28.1,10051.0,276959.0,6.8441,4.775,3067.0,0.0,-50.0,-56.0,-106.0,34169.0,4529.0,3769.0,74.0,1407.0,517.0,23.03,,
2002/09/11,28.0,28.4,27.5,28.1,5735.0,160075.0,0.0,2.7246,1953.0,0.0,0.0,-5.0,-5.0,34307.0,2421.0,2281.0,147.0,1271.0,11.0,23.03,,
2002/09/12,28.1,28.2,27.0,27.6,4646.0,128228.0,-1.7794,2.2072,1669.0,0.0,0.0,-51.0,-51.0,34181.0,2367.0,2488.0,119.0,1155.0,5.0,22.62,,
2002/09/13,26.9,27.5,26.9,27.5,3232.0,87671.0,-0.3623,1.5355,1166.0,0.0,0.0,5.0,5.0,34023.0,1420.0,1575.0,153.0,1002.0,0.0,22.54,,
2002/09/16,27.5,27.5,26.8,27.1,2639.0,71618.0,-1.4545,1.2537,794.0,0.0,0.0,15.0,15.0,33307.0,988.0,1699.0,189.0,813.0,0.0,22.21,,
2002/09/17,27.3,28.5,27.3,28.5,11023.0,308051.0,5.1661,5.2368,3274.0,0.0,0.0,-20.0,-20.0,35371.0,4791.0,2721.0,185.0,1027.0,400.0,23.36,,
2002/09/18,27.6,28.0,27.2,27.8,3793.0,104732.0,-2.4561,1.802,1203.0,0.0,0.0,5.0,5.0,34648.0,1938.0,2660.0,206.0,821.0,0.0,22.79,,
2002/09/19,27.8,28.9,27.6,28.0,9327.0,265043.0,0.7194,4.4311,2884.0,0.0,350.0,7.0,357.0,34314.0,3779.0,4112.0,24.0,1300.0,503.0,22.95,,
2002/09/20,27.5,28.5,27.4,28.4,5294.0,148405.0,1.4286,2.5151,1709.0,50.0,0.0,-12.0,38.0,34102.0,2041.0,2232.0,121.0,1332.0,153.0,23.28,,
2002/09/23,28.5,28.7,26.8,27.1,6528.0,181081.0,-4.5775,3.1013,2268.0,350.0,0.0,-50.0,300.0,34134.0,3216.0,3119.0,365.0,976.0,27.0,22.21,,
2002/09/24,26.9,27.2,26.5,26.5,3353.0,89765.0,-2.214,1.5929,1194.0,2.0,0.0,3.0,5.0,33470.0,1336.0,1997.0,186.0,748.0,17.0,21.72,,
2002/09/25,26.4,26.6,25.1,25.5,3520.0,90610.0,-3.7736,1.6723,1290.0,8.0,-76.0,1.0,-67.0,32681.0,1187.0,1955.0,333.0,425.0,13.0,20.9,,
2002/09/26,26.0,26.7,25.6,25.6,3437.0,89902.0,0.3922,1.6328,1411.0,0.0,0.0,-12.0,-12.0,32607.0,1182.0,1236.0,34.0,572.0,193.0,20.98,,
2002/09/27,25.7,26.5,25.4,25.4,4032.0,104461.0,-0.7813,1.9155,1776.0,0.0,0.0,37.0,37.0,32963.0,1454.0,1042.0,71.0,793.0,293.0,20.82,,
2002/09/30,24.8,25.3,23.8,25.3,2661.0,65149.0,-0.3937,1.2642,1034.0,0.0,-127.0,-10.0,-137.0,32593.0,977.0,1287.0,195.0,556.0,0.0,20.74,,
2002/10/01,24.8,25.7,24.7,25.4,2283.0,57601.0,0.3953,1.0846,1043.0,0.0,0.0,-15.0,-15.0,32434.0,868.0,1013.0,73.0,488.0,16.0,20.82,,
2002/10/02,26.0,26.3,25.4,25.4,4321.0,111556.0,0.0,2.0528,1738.0,-239.0,-8.0,-16.0,-263.0,33233.0,2077.0,1278.0,37.0,604.0,153.0,20.82,,
2002/10/03,25.2,25.4,24.0,24.6,2040.0,49993.0,-3.1496,0.9692,1019.0,-162.0,0.0,0.0,-162.0,33361.0,808.0,680.0,106.0,496.0,0.0,20.16,,
2002/10/04,24.4,25.3,23.8,24.8,3004.0,74175.0,0.813,1.4271,1240.0,0.0,0.0,0.0,0.0,33216.0,929.0,909.0,30.0,700.0,248.0,20.33,,
2002/10/07,24.5,24.5,23.7,24.4,2377.0,57120.0,-1.6129,1.1293,832.0,800.0,0.0,0.0,800.0,32233.0,445.0,1426.0,286.0,413.0,0.0,20.0,,
2002/10/08,24.0,25.9,24.0,25.9,3156.0,78460.0,6.1475,1.4994,1280.0,200.0,-40.0,1.0,161.0,31853.0,814.0,1148.0,134.0,435.0,156.0,21.23,,
2002/10/09,25.6,26.4,25.3,25.9,6905.0,179280.0,0.0,3.2804,2285.0,10.0,0.0,-1.0,9.0,32716.0,2872.0,2005.0,87.0,686.0,338.0,21.23,,
2002/10/11,26.0,26.2,24.5,24.7,4949.0,125149.0,-4.6332,2.3512,1687.0,647.0,0.0,0.0,647.0,32224.0,1794.0,2263.0,146.0,571.0,46.0,20.25,,
2002/10/14,25.1,25.9,24.7,25.1,4327.0,109427.0,1.6194,2.0557,1461.0,890.0,-100.0,0.0,790.0,32377.0,1174.0,1015.0,231.0,700.0,366.0,20.57,,
2002/10/15,25.5,26.7,25.5,26.5,8780.0,231169.0,5.5777,4.1712,2711.0,3.0,-100.0,0.0,-97.0,33655.0,3729.0,2448.0,136.0,805.0,244.0,21.72,,
2002/10/16,26.5,26.8,25.6,26.4,10722.0,281861.0,-0.3774,5.0938,3698.0,167.0,0.0,0.0,167.0,34495.0,4763.0,3883.0,235.0,704.0,134.0,21.64,,
2002/10/17,26.0,26.8,25.6,26.2,6377.0,167644.0,-0.7576,3.0296,2369.0,300.0,40.0,0.0,340.0,34679.0,3179.0,2994.0,150.0,587.0,33.0,21.48,,
2002/10/18,26.6,27.6,26.5,27.2,12741.0,343658.0,3.8168,6.053,3812.0,0.0,150.0,0.0,150.0,35105.0,5744.0,5313.0,57.0,762.0,242.0,22.3,,
2002/10/21,26.9,28.1,26.6,28.1,9217.0,252439.0,3.3088,4.3788,3030.0,0.0,0.0,0.0,0.0,35331.0,3857.0,3621.0,125.0,727.0,90.0,23.03,,
2002/10/22,28.3,28.3,26.2,26.2,10178.0,281459.0,-6.7616,4.8354,3203.0,0.0,60.0,0.0,60.0,36265.0,5957.0,4988.0,104.0,642.0,22.0,21.48,,
2002/10/23,26.2,27.4,25.8,27.2,12202.0,328578.0,3.8168,5.7969,3375.0,0.0,488.0,-72.0,416.0,36699.0,4963.0,4499.0,74.0,850.0,283.0,22.3,,
2002/10/24,27.2,28.2,27.2,27.2,15413.0,426243.0,0.0,7.3224,4441.0,0.0,200.0,253.0,453.0,38161.0,6471.0,4989.0,184.0,974.0,318.0,22.3,,
2002/10/25,27.2,27.6,27.0,27.0,6589.0,179755.0,-0.7353,3.1303,2235.0,0.0,700.0,-1.0,699.0,37872.0,2760.0,3049.0,183.0,1127.0,337.0,22.13,,
2002/10/28,27.5,28.2,27.2,27.7,16008.0,445062.0,2.5926,7.6051,4713.0,0.0,300.0,0.0,300.0,37871.0,6259.0,6260.0,61.0,1380.0,314.0,22.7,,
2002/10/29,28.0,28.7,27.7,27.8,12490.0,351709.0,0.361,5.9337,3600.0,600.0,100.0,-255.0,445.0,38354.0,5051.0,4567.0,298.0,1566.0,485.0,22.79,,
2002/10/30,28.0,28.6,27.7,28.1,12993.0,366204.0,1.0791,6.1727,3611.0,0.0,800.0,380.0,1180.0,37859.0,5008.0,5474.0,161.0,1903.0,501.0,23.03,,
2002/10/31,28.4,29.2,28.1,28.1,19063.0,546269.0,0.0,9.0564,5022.0,-1537.0,300.0,300.0,-937.0,40480.0,8803.0,6166.0,503.0,2397.0,990.0,23.03,,
2002/11/01,27.6,27.8,26.4,26.6,9345.0,252138.0,-5.3381,4.4396,3011.0,0.0,0.0,-112.0,-112.0,37699.0,3668.0,6443.0,1348.0,1048.0,0.0,21.8,,
2002/11/04,27.2,27.3,26.4,26.6,6779.0,182227.0,0.0,3.2206,2148.0,0.0,-43.0,0.0,-43.0,37465.0,2244.0,2456.0,212.0,1021.0,197.0,21.8,,
2002/11/05,26.6,26.6,25.1,25.3,9501.0,243646.0,-4.8872,4.5137,3043.0,0.0,-2405.0,-100.0,-2505.0,38078.0,4205.0,3576.0,283.0,601.0,0.0,18.74,,
2002/11/06,25.3,26.1,24.5,25.8,12196.0,310454.0,1.9763,5.7941,3866.0,0.0,-2367.0,3.0,-2364.0,39168.0,4200.0,3009.0,134.0,706.0,239.0,19.11,,
2002/11/07,25.9,26.4,25.7,25.8,7048.0,183358.0,0.0,3.3484,2636.0,0.0,150.0,0.0,150.0,39284.0,3272.0,3156.0,81.0,820.0,195.0,19.11,,
2002/11/08,25.6,26.5,25.4,26.0,5938.0,154915.0,0.7752,2.821,2206.0,156.0,0.0,50.0,206.0,39322.0,2421.0,2301.0,175.0,769.0,125.0,19.26,,
2002/11/11,26.0,26.7,25.8,26.0,5794.0,151877.0,0.0,2.7526,1977.0,0.0,-180.0,0.0,-180.0,39480.0,2424.0,2233.0,102.0,818.0,154.0,19.26,,
2002/11/12,26.0,26.3,25.7,25.9,4154.0,108017.0,-0.3846,1.9735,1215.0,0.0,0.0,3.0,3.0,39098.0,1611.0,1992.0,180.0,744.0,107.0,19.19,,
2002/11/13,26.1,26.3,25.0,25.3,4686.0,120090.0,-2.3166,2.2262,1446.0,-356.0,0.0,0.0,-356.0,38353.0,1859.0,2601.0,117.0,666.0,43.0,18.74,,
2002/11/14,25.3,25.8,25.0,25.3,4963.0,126104.0,0.0,2.3578,1571.0,0.0,-310.0,0.0,-310.0,38424.0,1722.0,1641.0,10.0,1354.0,698.0,18.74,,
2002/11/15,25.9,25.9,25.3,25.3,4826.0,123820.0,0.0,2.2927,1552.0,0.0,0.0,0.0,0.0,38739.0,2263.0,1947.0,209.0,1252.0,137.0,18.74,,
2002/11/18,25.5,25.8,25.3,25.4,3375.0,86059.0,0.3953,1.6034,1050.0,0.0,0.0,0.0,0.0,38407.0,1262.0,1587.0,92.0,1423.0,263.0,18.81,,
2002/11/19,25.6,26.2,25.4,26.0,3878.0,100187.0,2.3622,1.8424,1336.0,0.0,349.0,0.0,349.0,38074.0,1132.0,1459.0,121.0,1318.0,17.0,19.26,,
2002/11/20,26.0,26.1,25.3,25.7,2452.0,63024.0,-1.1538,1.1649,767.0,0.0,0.0,1.0,1.0,37912.0,1381.0,1535.0,135.0,1184.0,1.0,19.04,,
2002/11/21,26.0,26.3,24.5,25.8,4023.0,102830.0,0.3891,1.9112,1442.0,0.0,0.0,108.0,108.0,37294.0,1312.0,1874.0,105.0,1121.0,42.0,19.11,,
2002/11/22,26.0,26.5,25.7,25.8,7321.0,190756.0,0.0,3.4781,2350.0,0.0,-50.0,1.0,-49.0,37759.0,3145.0,2680.0,60.0,1234.0,173.0,19.11,,
2002/11/25,26.0,26.1,25.6,25.8,2639.0,68179.0,0.0,1.2537,785.0,0.0,0.0,0.0,0.0,37400.0,974.0,1332.0,82.0,1442.0,285.0,19.11,,
2002/11/26,26.0,26.8,25.9,26.7,14130.0,374461.0,3.4884,6.7129,4129.0,0.0,610.0,130.0,740.0,37497.0,5005.0,4824.0,212.0,1584.0,360.0,19.78,,
2002/11/27,26.6,26.7,25.8,25.8,6141.0,161499.0,-3.3708,2.9175,1883.0,0.0,200.0,120.0,320.0,36214.0,2621.0,3903.0,178.0,1406.0,0.0,19.11,,
2002/11/28,26.5,26.6,25.9,26.0,6741.0,177105.0,0.7752,3.2025,2117.0,0.0,0.0,100.0,100.0,36750.0,2841.0,2295.0,81.0,1468.0,156.0,19.26,,
2002/11/29,26.2,27.4,26.0,26.9,12488.0,336786.0,3.4615,5.9328,3642.0,0.0,671.0,0.0,671.0,37520.0,5317.0,4547.0,138.0,1733.0,403.0,19.93,,
2002/12/02,27.2,28.0,27.1,28.0,14341.0,395526.0,4.0892,6.8131,3827.0,0.0,1650.0,-3.0,1647.0,37197.0,5080.0,5393.0,95.0,2007.0,379.0,20.74,,
2002/12/03,28.1,28.9,27.4,28.0,19810.0,560208.0,0.0,9.4113,5655.0,0.0,1640.0,-1.0,1639.0,37310.0,7856.0,7663.0,234.0,1943.0,171.0,20.74,,
2002/12/04,27.8,28.2,27.1,27.5,7338.0,202578.0,-1.7857,3.4861,2254.0,113.0,650.0,0.0,763.0,36956.0,3046.0,3380.0,218.0,1742.0,26.0,20.37,,
2002/12/05,27.7,27.9,27.2,27.4,5067.0,139322.0,-0.3636,2.4072,1556.0,-1147.0,440.0,4.0,-703.0,37181.0,2186.0,1959.0,188.0,1618.0,71.0,20.3,,
2002/12/06,27.3,27.7,27.2,27.2,3988.0,109232.0,-0.7299,1.8946,1227.0,0.0,400.0,1.0,401.0,36693.0,1582.0,2070.0,170.0,1479.0,31.0,20.15,,
2002/12/09,27.9,27.9,27.3,27.3,7103.0,196058.0,0.3676,3.3745,1910.0,-701.0,200.0,498.0,-3.0,37400.0,3139.0,2423.0,110.0,1385.0,16.0,20.22,,
2002/12/10,26.4,27.6,26.4,27.6,6407.0,172610.0,1.0989,3.0438,1531.0,367.0,655.0,-1.0,1021.0,36449.0,1872.0,2823.0,158.0,1283.0,59.0,20.44,,
2002/12/11,27.8,27.9,27.0,27.0,4473.0,123085.0,-2.1739,2.125,1443.0,-3.0,435.0,448.0,880.0,36405.0,2175.0,2219.0,72.0,1225.0,14.0,20.0,,
2002/12/12,27.5,28.8,27.5,28.5,32708.0,931034.0,5.5556,15.5389,7275.0,250.0,184.0,0.0,434.0,38471.0,10218.0,8157.0,214.0,2614.0,1608.0,21.11,,
2002/12/13,28.7,29.5,28.2,28.5,31227.0,903524.0,0.0,14.8353,7336.0,0.0,1551.0,0.0,1551.0,38146.0,10168.0,10473.0,301.0,3794.0,1486.0,21.11,,
2002/12/16,28.7,29.4,27.8,29.3,11161.0,320239.0,2.807,5.3024,3113.0,0.0,412.0,98.0,510.0,38919.0,4963.0,4184.0,613.0,3818.0,645.0,21.7,,
2002/12/17,29.9,30.5,29.1,29.3,28526.0,854297.0,0.0,13.5521,7821.0,-30.0,1200.0,250.0,1420.0,39756.0,10786.0,9876.0,136.0,5030.0,1348.0,21.7,,
2002/12/18,29.3,29.6,29.0,29.3,12624.0,369285.0,0.0,5.9974,3248.0,0.0,565.0,-400.0,165.0,39267.0,4673.0,5156.0,752.0,4790.0,514.0,21.7,,
2002/12/19,28.8,29.8,28.0,28.1,14484.0,420189.0,-4.0956,6.8811,4227.0,0.0,-200.0,50.0,-150.0,38492.0,5767.0,6555.0,1531.0,3527.0,317.0,20.81,,
2002/12/20,28.1,28.4,26.2,28.1,15551.0,422387.0,0.0,7.388,4201.0,-181.0,-1950.0,-151.0,-2282.0,37161.0,5766.0,7046.0,1552.0,1772.0,12.0,20.81,,
2002/12/23,27.5,27.7,26.2,26.2,5209.0,141269.0,-6.7616,2.4747,1642.0,-132.0,200.0,0.0,68.0,36193.0,2410.0,3378.0,226.0,1517.0,0.0,19.41,,
2002/12/24,26.5,27.2,26.5,27.1,12108.0,325253.0,3.4351,5.7523,3185.0,0.0,-350.0,-252.0,-602.0,37023.0,3787.0,2929.0,86.0,2355.0,926.0,20.07,,
2002/12/25,27.1,27.1,26.1,26.6,3770.0,100667.0,-1.845,1.7911,1303.0,0.0,180.0,-3.0,177.0,36860.0,1697.0,1842.0,298.0,2054.0,0.0,19.7,,
2002/12/26,26.7,27.8,26.6,27.6,8012.0,218643.0,3.7594,3.8063,2472.0,0.0,140.0,0.0,140.0,36878.0,2796.0,2759.0,374.0,2340.0,667.0,20.44,,
2002/12/27,27.8,28.1,27.2,27.4,7764.0,215461.0,-0.7246,3.6885,2570.0,0.0,-65.0,-2.0,-67.0,36360.0,3736.0,4244.0,134.0,2490.0,284.0,20.3,,
2002/12/30,27.4,27.9,27.2,27.9,6796.0,187358.0,1.8248,3.2286,2281.0,0.0,-926.0,0.0,-926.0,37010.0,2461.0,1809.0,316.0,2914.0,740.0,20.67,,
2002/12/31,27.9,28.2,27.5,27.5,5010.0,139079.0,-1.4337,2.3801,1766.0,0.0,-50.0,0.0,-50.0,36946.0,2246.0,2309.0,279.0,2670.0,35.0,20.37,,
2003/01/02,27.5,29.2,27.4,29.0,11602.0,330012.0,5.4545,4.0246,3421.0,0.0,-300.0,341.0,41.0,37086.0,4546.0,4394.0,875.0,2466.0,683.0,21.48,,
2003/01/03,30.3,30.3,29.3,29.3,17095.0,509835.0,1.0345,5.93,4593.0,1.0,1160.0,-51.0,1110.0,37930.0,7175.0,6320.0,124.0,2708.0,366.0,21.7,,
2003/01/06,29.6,31.3,29.4,31.3,23585.0,727037.0,6.8259,8.1813,6003.0,50.0,1942.0,1412.0,3404.0,37502.0,7403.0,7815.0,178.0,4070.0,1552.0,23.19,,
2003/01/07,32.0,32.9,31.1,31.1,23691.0,758627.0,-0.639,8.2181,6305.0,-5.0,2200.0,-671.0,1524.0,38102.0,8487.0,7916.0,411.0,3988.0,332.0,23.04,,
2003/01/08,31.1,32.6,30.6,32.0,21045.0,669525.0,2.8939,7.3002,6485.0,-153.0,1500.0,-259.0,1088.0,38043.0,7894.0,7939.0,423.0,4278.0,745.0,23.7,,
2003/01/09,31.8,33.5,31.8,33.0,20139.0,660073.0,3.125,6.986,6072.0,-124.0,-1300.0,-334.0,-1758.0,39143.0,8085.0,6985.0,240.0,4881.0,815.0,24.44,,
2003/01/10,33.9,33.9,32.5,32.5,15585.0,515020.0,-1.5152,5.4062,4831.0,-173.0,550.0,-150.0,227.0,38478.0,6849.0,7351.0,443.0,4556.0,122.0,24.07,,
2003/01/13,32.9,33.6,32.5,32.6,12861.0,424757.0,0.3077,4.4613,3962.0,0.0,-200.0,-167.0,-367.0,38458.0,5501.0,5485.0,338.0,4455.0,269.0,24.15,,
2003/01/14,32.9,33.4,32.0,32.5,11726.0,384036.0,-0.3067,4.0676,3749.0,0.0,-640.0,-253.0,-893.0,38565.0,5013.0,4898.0,334.0,4322.0,234.0,24.07,,
2003/01/15,32.5,32.9,31.5,31.5,9364.0,299681.0,-3.0769,3.2483,3128.0,-1.0,-599.0,139.0,-461.0,38123.0,4303.0,4735.0,679.0,3688.0,45.0,23.33,,
2003/01/16,31.5,32.2,30.8,31.0,9057.0,285220.0,-1.5873,3.1418,3026.0,0.0,-15.0,328.0,313.0,38910.0,4079.0,3289.0,610.0,3198.0,132.0,22.96,,
2003/01/17,31.1,31.9,31.0,31.4,6687.0,210334.0,1.2903,2.3196,2407.0,0.0,0.0,49.0,49.0,38753.0,2758.0,2913.0,152.0,3422.0,376.0,23.26,,
2003/01/20,31.1,31.9,31.0,31.2,3812.0,119305.0,-0.6369,1.3223,1417.0,0.0,-250.0,-16.0,-266.0,38436.0,1601.0,1918.0,267.0,3114.0,17.0,23.11,,
2003/01/21,31.2,32.0,31.2,31.2,9279.0,292863.0,0.0,3.2188,2965.0,0.0,0.0,590.0,590.0,38643.0,3929.0,3677.0,171.0,2925.0,44.0,23.11,,
2003/01/22,31.4,31.5,29.2,30.5,11718.0,351581.0,-2.2436,4.0648,3516.0,0.0,-3850.0,-59.0,-3909.0,39318.0,4925.0,4245.0,824.0,2102.0,1.0,22.59,,
2003/01/23,30.5,31.2,30.0,30.1,12872.0,394313.0,-1.3115,4.4651,3948.0,0.0,-1170.0,-450.0,-1620.0,41254.0,5489.0,3632.0,75.0,2125.0,106.0,22.3,,
2003/01/24,30.4,31.3,30.1,30.1,9815.0,298869.0,0.0,3.4047,2940.0,0.0,-200.0,-183.0,-383.0,40610.0,3105.0,3643.0,234.0,2149.0,364.0,22.3,,
2003/01/27,29.8,30.4,29.3,29.7,4653.0,138856.0,-1.3289,1.6141,1382.0,-1.0,-410.0,-36.0,-447.0,40002.0,1880.0,2367.0,201.0,1955.0,8.0,22.0,,
2003/01/28,30.2,30.5,29.6,29.9,5914.0,177788.0,0.6734,2.0515,1659.0,0.0,-650.0,0.0,-650.0,38859.0,1834.0,2893.0,152.0,1841.0,45.0,22.15,,
2003/02/06,29.9,29.9,27.9,27.9,3796.0,108937.0,-6.689,1.3168,1408.0,0.0,0.0,-223.0,-223.0,38441.0,1798.0,2180.0,207.0,1634.0,0.0,20.67,,
2003/02/07,27.9,28.8,27.5,28.7,8618.0,241699.0,2.8674,2.9895,2604.0,0.0,-1800.0,120.0,-1680.0,39139.0,2389.0,1679.0,200.0,1554.0,128.0,21.26,,
2003/02/10,28.5,28.7,27.9,28.0,3172.0,89666.0,-2.439,1.1003,1093.0,0.0,300.0,200.0,500.0,39386.0,1589.0,1303.0,78.0,1472.0,0.0,20.74,,
2003/02/11,29.1,29.9,29.1,29.9,9495.0,283022.0,6.7857,3.2937,2162.0,0.0,140.0,-200.0,-60.0,38725.0,3049.0,3529.0,43.0,1971.0,542.0,22.15,,
2003/02/12,29.9,30.4,29.8,30.3,10970.0,329869.0,1.3378,3.8054,3213.0,0.0,1234.0,-650.0,584.0,39764.0,4375.0,3311.0,320.0,1927.0,286.0,22.44,,
2003/02/13,30.0,30.5,29.4,29.4,5746.0,172878.0,-2.9703,1.9932,1926.0,0.0,300.0,151.0,451.0,39155.0,2510.0,3107.0,436.0,1579.0,89.0,21.78,,
2003/02/14,29.6,30.1,29.2,29.6,5882.0,174364.0,0.6803,2.0404,1959.0,0.0,-204.0,80.0,-124.0,38805.0,1689.0,1934.0,288.0,1417.0,131.0,21.93,,
2003/02/17,31.2,31.2,30.4,30.9,8175.0,252058.0,4.3919,2.8358,2424.0,0.0,50.0,30.0,80.0,38670.0,3572.0,3577.0,206.0,1307.0,128.0,22.89,,
2003/02/18,30.9,30.9,29.8,29.8,4413.0,133183.0,-3.5599,1.5308,1484.0,0.0,0.0,-290.0,-290.0,38716.0,2430.0,2354.0,358.0,944.0,0.0,22.07,,
2003/02/19,30.0,30.3,29.1,29.1,4179.0,124755.0,-2.349,1.4496,1336.0,0.0,770.0,-100.0,670.0,37721.0,1471.0,2449.0,453.0,486.0,0.0,21.56,,
2003/02/20,29.4,30.8,29.2,30.8,5606.0,169867.0,5.8419,1.9447,2020.0,0.0,50.0,-45.0,5.0,36636.0,2221.0,3263.0,438.0,2.0,0.0,22.81,,
2003/02/21,30.8,31.3,29.7,29.7,4419.0,134277.0,-3.5714,1.5329,1497.0,0.0,1200.0,-45.0,1155.0,34649.0,0.0,1985.0,0.0,0.0,0.0,22.0,,
2003/02/24,30.0,30.8,29.6,30.6,2254.0,68118.0,3.0303,0.7819,855.0,0.0,0.0,0.0,0.0,33880.0,0.0,741.0,0.0,0.0,0.0,22.67,,
2003/02/25,30.0,30.2,29.3,29.7,2496.0,74336.0,-2.9412,0.8658,896.0,0.0,-15.0,-100.0,-115.0,32833.0,0.0,1039.0,0.0,0.0,0.0,22.0,,
2003/02/26,29.9,30.4,29.4,29.7,6605.0,197236.0,0.0,2.2912,2314.0,0.0,0.0,-181.0,-181.0,34556.0,2716.0,993.0,0.0,343.0,343.0,22.0,,
2003/02/27,29.4,29.4,28.3,28.5,5571.0,159392.0,-4.0404,1.9325,1847.0,0.0,-712.0,-200.0,-912.0,34926.0,2128.0,1745.0,128.0,215.0,0.0,21.11,,
2003/03/03,28.8,28.8,27.9,28.6,7050.0,200713.0,0.3509,2.4456,2401.0,300.0,-300.0,463.0,463.0,35440.0,2163.0,1545.0,67.0,440.0,408.0,28.89,,
2003/03/04,28.3,28.5,28.1,28.4,2705.0,76513.0,-0.6993,0.9383,855.0,1.0,-722.0,36.0,-685.0,35775.0,1109.0,748.0,261.0,179.0,0.0,28.69,,
2003/03/05,28.0,28.2,26.5,26.5,6359.0,170555.0,-6.6901,2.2059,2308.0,100.0,-1549.0,398.0,-1051.0,35650.0,2079.0,2148.0,40.0,139.0,0.0,26.77,,
2003/03/06,26.2,26.6,24.7,25.7,8203.0,208764.0,-3.0189,2.8455,2464.0,-180.0,-1543.0,-100.0,-1823.0,35961.0,2741.0,2322.0,77.0,85.0,23.0,25.96,,
2003/03/07,25.1,25.7,24.6,25.0,3313.0,83344.0,-2.7237,1.1492,1311.0,100.0,100.0,100.0,300.0,35785.0,1287.0,1361.0,13.0,73.0,1.0,25.25,,
2003/03/10,25.0,25.4,24.2,24.2,4049.0,100188.0,-3.2,1.4045,1224.0,0.0,-900.0,260.0,-640.0,35755.0,1579.0,1317.0,18.0,103.0,48.0,24.44,,
2003/03/11,23.8,24.1,22.8,23.7,3683.0,86843.0,-2.0661,1.2776,1378.0,0.0,-700.0,0.0,-700.0,35205.0,1601.0,2033.0,25.0,78.0,0.0,23.94,,
2003/03/12,23.7,25.3,23.7,24.5,5618.0,138008.0,3.3755,1.9488,2155.0,-321.0,500.0,20.0,199.0,35401.0,2016.0,1740.0,26.0,246.0,214.0,24.75,,
2003/03/13,24.5,25.2,24.2,24.8,4849.0,120787.0,1.2245,1.6821,1820.0,0.0,-30.0,-22.0,-52.0,35603.0,2239.0,2014.0,39.0,390.0,183.0,25.05,,
2003/03/14,26.0,26.0,25.4,25.8,7334.0,188446.0,4.0323,2.5441,2424.0,0.0,-60.0,0.0,-60.0,35377.0,2824.0,2812.0,129.0,325.0,64.0,26.06,,
2003/03/17,25.7,25.7,24.5,24.5,4505.0,112850.0,-5.0388,1.5627,1293.0,0.0,1270.0,500.0,1770.0,34125.0,951.0,2186.0,39.0,285.0,0.0,24.75,,
2003/03/18,26.2,26.2,25.6,26.2,7233.0,189239.0,6.9388,2.509,1948.0,0.0,-168.0,0.0,-168.0,35708.0,4180.0,2561.0,18.0,483.0,216.0,26.46,,
2003/03/19,26.3,26.5,25.5,26.0,6862.0,179714.0,-0.7634,2.3803,1979.0,0.0,1250.0,0.0,1250.0,34729.0,2827.0,3787.0,204.0,425.0,146.0,26.26,,
2003/03/20,26.2,26.4,25.6,26.0,5026.0,131087.0,0.0,1.7435,1778.0,63.0,100.0,1.0,164.0,35332.0,2482.0,1865.0,119.0,497.0,191.0,26.26,,
2003/03/21,26.0,26.2,25.5,25.5,2638.0,67800.0,-1.9231,0.9151,901.0,0.0,-401.0,0.0,-401.0,35385.0,1102.0,1027.0,100.0,467.0,76.0,25.76,,
2003/03/24,25.7,26.3,25.6,25.6,6055.0,157136.0,0.3922,2.1004,1897.0,0.0,400.0,0.0,400.0,35441.0,2382.0,2304.0,49.0,610.0,192.0,25.86,,
2003/03/25,24.8,25.5,24.8,25.4,2174.0,54837.0,-0.7813,0.7541,845.0,0.0,0.0,0.0,0.0,35228.0,1097.0,1287.0,145.0,462.0,0.0,25.66,,
2003/03/26,25.5,25.8,25.1,25.2,2704.0,68910.0,-0.7874,0.938,974.0,0.0,100.0,0.0,100.0,35465.0,1379.0,1107.0,77.0,1013.0,639.0,25.45,,
2003/03/27,25.2,25.7,25.1,25.7,2362.0,59945.0,1.9841,0.8193,736.0,0.0,0.0,0.0,0.0,34918.0,634.0,1148.0,387.0,784.0,159.0,25.96,,
2003/03/28,25.7,25.7,25.1,25.1,1649.0,41669.0,-2.3346,0.572,612.0,0.0,0.0,0.0,0.0,34271.0,731.0,1304.0,112.0,673.0,1.0,25.35,,
2003/03/31,25.0,25.0,23.6,23.6,2968.0,71680.0,-5.9761,1.0296,1035.0,-7.0,-124.0,90.0,-41.0,32987.0,972.0,2209.0,291.0,380.0,0.0,23.84,,
2003/04/01,23.3,25.1,23.3,25.0,7934.0,194689.0,5.9322,2.7522,2427.0,0.0,1343.0,-50.0,1293.0,32675.0,1886.0,2088.0,85.0,1141.0,925.0,25.25,,
2003/04/02,25.0,25.8,24.9,25.4,8585.0,217735.0,1.6,2.978,3154.0,-9.0,507.0,-2.0,496.0,32822.0,2521.0,2330.0,75.0,2156.0,1095.0,25.66,,
2003/04/03,26.0,26.2,25.6,25.6,7528.0,195133.0,0.7874,2.6114,2467.0,-2.0,250.0,50.0,298.0,33179.0,3055.0,2564.0,282.0,2302.0,429.0,25.86,,
2003/04/04,25.5,26.4,25.3,26.4,7552.0,196732.0,3.125,2.6197,2436.0,-5.0,550.0,-1.0,544.0,33753.0,2835.0,2225.0,447.0,2612.0,757.0,26.67,,
2003/04/07,26.6,27.1,26.1,26.6,8858.0,236781.0,0.7576,3.0727,2773.0,0.0,0.0,0.0,0.0,33666.0,3938.0,3998.0,541.0,2320.0,250.0,26.87,,
2003/04/08,26.5,27.5,26.5,27.0,12405.0,336090.0,1.5038,4.3031,3772.0,-1.0,820.0,250.0,1069.0,34073.0,4755.0,4308.0,124.0,2841.0,648.0,27.27,,
2003/04/09,26.7,27.1,26.6,26.6,3254.0,87082.0,-1.4815,1.1288,1192.0,-8.0,400.0,0.0,392.0,33577.0,1405.0,1893.0,474.0,2366.0,1.0,26.87,,
2003/04/10,26.6,27.3,26.5,26.6,6058.0,163092.0,0.0,2.1014,1907.0,-3.0,130.0,0.0,127.0,33618.0,2638.0,2592.0,138.0,2489.0,263.0,26.87,,
2003/04/11,26.9,27.0,26.4,26.5,3088.0,82289.0,-0.3759,1.0712,1003.0,0.0,0.0,0.0,0.0,33352.0,1438.0,1689.0,116.0,2552.0,179.0,26.77,,
2003/04/14,26.5,26.8,26.4,26.6,3818.0,101483.0,0.3774,1.3244,1187.0,0.0,0.0,0.0,0.0,33088.0,1366.0,1604.0,147.0,2795.0,391.0,26.87,,
2003/04/15,26.8,27.0,26.6,26.8,3026.0,81231.0,0.7519,1.0497,1061.0,200.0,-20.0,0.0,180.0,32712.0,1080.0,1418.0,168.0,2778.0,173.0,27.07,,
2003/04/16,27.2,28.4,27.2,28.2,14841.0,414033.0,5.2239,5.1482,3897.0,0.0,550.0,150.0,700.0,34010.0,6289.0,4982.0,394.0,2806.0,423.0,28.48,,
2003/04/17,28.0,28.1,27.3,27.4,5025.0,138889.0,-2.8369,1.7431,1764.0,14.0,0.0,-2.0,12.0,33710.0,2324.0,2594.0,263.0,2542.0,0.0,27.68,,
2003/04/18,27.8,28.5,27.6,27.6,14047.0,394413.0,0.7299,4.8727,3635.0,-190.0,-300.0,-94.0,-584.0,34624.0,6280.0,5347.0,325.0,2368.0,152.0,27.88,,
2003/04/21,27.5,29.0,27.3,28.9,14756.0,417316.0,4.7101,5.1187,4115.0,2.0,1060.0,0.0,1062.0,34388.0,5646.0,5842.0,178.0,2888.0,704.0,29.19,,
2003/04/22,28.8,29.2,28.2,28.3,11448.0,329915.0,-2.0761,3.9712,3335.0,-5.0,1350.0,350.0,1695.0,34752.0,5608.0,5220.0,283.0,2781.0,181.0,28.59,,
2003/04/23,29.0,29.1,28.3,28.3,9348.0,268205.0,0.0,3.2427,2724.0,0.0,1465.0,1.0,1466.0,33999.0,3720.0,4468.0,209.0,2893.0,323.0,28.59,,
2003/04/24,28.4,28.7,26.8,27.0,10518.0,292179.0,-4.5936,3.6486,3266.0,0.0,-615.0,-650.0,-1265.0,34405.0,4896.0,4467.0,627.0,2462.0,196.0,27.27,,
2003/04/25,26.4,27.3,26.3,26.3,7231.0,193253.0,-2.5926,2.5083,2327.0,3.0,631.0,-96.0,538.0,33714.0,2905.0,3582.0,421.0,2240.0,208.0,26.57,,
2003/04/28,26.0,26.3,24.9,26.3,6401.0,163983.0,0.0,2.2204,2067.0,0.0,100.0,51.0,151.0,33045.0,2309.0,2951.0,609.0,1637.0,6.0,26.57,,
2003/04/29,26.7,27.3,26.3,26.8,8357.0,224247.0,1.9011,2.8989,2718.0,-11.0,740.0,199.0,928.0,32250.0,2772.0,3561.0,140.0,1835.0,338.0,27.07,,
2003/04/30,27.0,27.4,26.3,26.4,6025.0,161793.0,-1.4925,2.09,1831.0,-8.0,500.0,0.0,492.0,31691.0,2386.0,2919.0,152.0,1867.0,187.0,33.0,,
2003/05/02,26.7,27.6,26.1,27.6,7831.0,210502.0,4.5455,2.7165,2548.0,140.0,0.0,-247.0,-107.0,33207.0,3607.0,2068.0,166.0,2175.0,478.0,34.5,,
2003/05/05,27.4,28.1,27.2,27.5,6701.0,185577.0,-0.3623,2.3245,2068.0,-10.0,900.0,-150.0,740.0,33090.0,2846.0,2958.0,227.0,2243.0,306.0,23.71,,
2003/05/06,27.7,28.0,27.1,27.1,5917.0,162950.0,-1.4545,2.0525,2024.0,65.0,248.0,0.0,313.0,33192.0,2500.0,2392.0,141.0,2166.0,67.0,23.36,,
2003/05/07,27.5,27.7,27.0,27.6,5396.0,148139.0,1.845,1.8718,1922.0,40.0,0.0,0.0,40.0,33446.0,2146.0,1879.0,211.0,2228.0,274.0,23.79,,
2003/05/08,27.4,28.0,27.2,27.5,6047.0,167037.0,-0.3623,2.0976,2116.0,-317.0,20.0,-3.0,-300.0,34191.0,3159.0,2389.0,154.0,2277.0,214.0,23.71,,
2003/05/09,27.5,27.9,27.2,27.5,6217.0,171884.0,0.0,2.1566,1830.0,490.0,650.0,36.0,1176.0,33644.0,1973.0,2518.0,171.0,2195.0,92.0,23.71,,
2003/05/12,27.8,28.4,27.6,27.8,9180.0,257430.0,1.0909,3.1844,2828.0,0.0,-50.0,200.0,150.0,34036.0,3942.0,3550.0,74.0,2313.0,192.0,23.97,,
2003/05/13,28.9,29.3,28.5,28.9,17281.0,499901.0,3.9568,5.9946,4297.0,-210.0,415.0,-412.0,-207.0,35520.0,7893.0,6407.0,251.0,2477.0,415.0,24.91,,
2003/05/14,28.9,29.2,28.5,28.7,7271.0,209693.0,-0.692,2.5222,1948.0,0.0,1030.0,65.0,1095.0,34735.0,2564.0,3347.0,97.0,2508.0,128.0,24.74,,
2003/05/15,29.3,29.3,28.6,29.0,12141.0,351513.0,1.0453,4.2116,3430.0,-210.0,-201.0,-75.0,-486.0,35622.0,3943.0,3047.0,137.0,3061.0,691.0,25.0,,
2003/05/16,29.3,29.3,27.9,28.0,6703.0,191886.0,-3.4483,2.3252,2085.0,3.0,-200.0,50.0,-147.0,34771.0,3054.0,3915.0,497.0,2635.0,71.0,24.14,,
2003/05/19,27.9,27.9,27.3,27.6,3582.0,98953.0,-1.4286,1.2426,1125.0,-1.0,-50.0,-390.0,-441.0,34344.0,1707.0,2130.0,272.0,2361.0,0.0,23.79,,
2003/05/20,27.3,28.1,27.2,28.1,6365.0,177319.0,1.8116,2.2079,1801.0,-3.0,-1465.0,-17.0,-1485.0,35269.0,2686.0,1734.0,211.0,2322.0,177.0,24.22,,
2003/05/21,28.1,28.1,27.3,27.5,3268.0,90369.0,-2.1352,1.1336,1133.0,0.0,-70.0,0.0,-70.0,34608.0,1521.0,2184.0,177.0,2145.0,0.0,23.71,,
2003/05/22,27.6,28.2,27.3,27.9,4126.0,115047.0,1.4545,1.4313,1341.0,0.0,-240.0,-87.0,-327.0,35079.0,2034.0,1562.0,54.0,2180.0,90.0,24.05,,
2003/05/23,28.2,28.9,28.0,28.3,8461.0,241276.0,1.4337,2.935,2623.0,-10.0,-19.0,0.0,-29.0,35464.0,3387.0,3002.0,94.0,2236.0,150.0,24.4,,
2003/05/26,28.8,29.4,28.5,29.0,12462.0,361531.0,2.4735,4.3229,3293.0,0.0,440.0,349.0,789.0,35443.0,4890.0,4911.0,127.0,2360.0,251.0,25.0,,
2003/05/27,29.8,29.8,29.0,29.4,13597.0,399419.0,1.3793,4.7166,3470.0,-79.0,385.0,-450.0,-144.0,35268.0,4911.0,5091.0,72.0,2526.0,238.0,25.34,,
2003/05/28,29.8,30.2,29.2,29.2,14057.0,416417.0,-0.6803,4.8762,3380.0,-10.0,1450.0,750.0,2190.0,35069.0,5204.0,5393.0,172.0,2550.0,196.0,25.17,,
2003/05/29,29.5,30.7,29.4,30.2,30022.0,902860.0,3.4247,10.4143,6880.0,238.0,3780.0,851.0,4869.0,33233.0,7401.0,9236.0,187.0,4016.0,1654.0,26.03,,
2003/05/30,30.4,31.7,30.3,30.6,26440.0,816279.0,1.3245,9.1717,6367.0,240.0,2650.0,120.0,3010.0,31912.0,7719.0,9041.0,621.0,3929.0,534.0,26.38,,
2003/06/02,31.2,31.6,30.9,31.4,16415.0,513468.0,2.6144,5.6942,4061.0,0.0,1110.0,1300.0,2410.0,29930.0,5360.0,7335.0,424.0,3792.0,292.0,27.07,,
2003/06/03,31.4,31.5,30.7,31.1,10055.0,312456.0,-0.9554,3.488,2287.0,0.0,-500.0,-682.0,-1182.0,29925.0,3619.0,3577.0,399.0,3382.0,1.0,26.81,,
2003/06/05,32.3,32.3,31.1,31.1,17024.0,536667.0,0.0,5.9054,3400.0,-10.0,2990.0,1248.0,4228.0,28921.0,4562.0,5456.0,104.0,3467.0,196.0,26.81,,
2003/06/06,31.4,31.6,31.0,31.4,7875.0,246450.0,0.9646,2.7317,2120.0,-10.0,50.0,774.0,814.0,28507.0,2568.0,3066.0,148.0,3588.0,279.0,27.07,,
2003/06/09,31.4,32.9,31.2,32.4,21031.0,677283.0,3.1847,7.2954,4666.0,0.0,185.0,535.0,720.0,28428.0,6661.0,6756.0,203.0,3853.0,469.0,27.93,,
2003/06/10,32.4,32.5,31.8,31.9,8184.0,262152.0,-1.5432,2.8389,2144.0,-10.0,1150.0,590.0,1730.0,27788.0,3431.0,4068.0,408.0,3441.0,1.0,27.5,,
2003/06/11,32.0,32.8,31.5,31.5,16432.0,530587.0,-1.2539,5.7001,3746.0,-10.0,-831.0,-627.0,-1468.0,31152.0,7524.0,4148.0,215.0,3385.0,180.0,27.16,,
2003/06/12,31.9,32.3,31.5,31.6,13848.0,442877.0,0.3175,4.8037,3355.0,-5.0,81.0,147.0,223.0,32060.0,5995.0,5082.0,205.0,3316.0,136.0,27.24,,
2003/06/13,31.6,31.9,31.2,31.6,6564.0,206582.0,0.0,2.277,1663.0,3.0,-680.0,300.0,-377.0,31773.0,2697.0,2984.0,196.0,3154.0,36.0,27.24,,
2003/06/16,31.6,32.4,31.4,31.5,10124.0,323284.0,-0.3165,3.5119,2814.0,-10.0,-1935.0,-270.0,-2215.0,33296.0,4178.0,2645.0,130.0,3070.0,47.0,27.16,,
2003/06/17,32.0,32.0,31.3,31.3,6884.0,217544.0,-0.6349,2.388,1917.0,3.0,-100.0,305.0,208.0,32633.0,2926.0,3392.0,186.0,2932.0,51.0,26.98,,
2003/06/18,33.4,33.4,31.6,31.7,19421.0,634945.0,1.278,6.7369,4055.0,-10.0,-1750.0,493.0,-1267.0,32993.0,6876.0,6552.0,251.0,2809.0,128.0,27.33,,
2003/06/19,32.1,32.4,31.7,32.2,8017.0,256867.0,1.5773,2.781,2082.0,5.0,-1150.0,-762.0,-1907.0,34061.0,3735.0,2666.0,82.0,2825.0,99.0,27.76,,
2003/06/20,32.0,33.0,31.6,31.8,15228.0,492487.0,-1.2422,5.2824,3673.0,-10.0,-2165.0,85.0,-2090.0,36029.0,7177.0,5203.0,163.0,2820.0,164.0,27.41,,
2003/06/23,32.2,32.2,30.3,31.3,10477.0,327295.0,-1.5723,3.6343,2297.0,57.0,-350.0,-446.0,-739.0,36767.0,4868.0,4130.0,390.0,2432.0,2.0,26.98,,
2003/06/24,31.0,32.0,31.0,32.0,16578.0,524895.0,2.2364,5.7507,3673.0,20.0,-3250.0,480.0,-2750.0,38707.0,6364.0,4374.0,125.0,2532.0,225.0,27.59,,
2003/06/25,32.0,32.8,31.7,32.1,19855.0,640801.0,0.3125,6.8874,4554.0,39.0,-1330.0,650.0,-641.0,40111.0,8388.0,6981.0,187.0,2437.0,96.0,27.67,,
2003/06/26,32.1,32.6,31.9,31.9,12702.0,410296.0,-0.6231,4.4062,2886.0,50.0,160.0,1156.0,1366.0,40061.0,5538.0,5588.0,233.0,2236.0,33.0,27.5,,
2003/06/27,32.4,32.6,31.2,31.2,9763.0,312316.0,-2.1944,3.3867,2157.0,25.0,70.0,-247.0,-152.0,39241.0,4312.0,5316.0,300.0,2002.0,16.0,26.9,,
2003/06/30,31.2,31.9,31.2,31.6,4652.0,146328.0,1.2821,1.6137,1314.0,0.0,0.0,-900.0,-900.0,39397.0,1917.0,1529.0,238.0,1749.0,46.0,27.24,,
2003/07/01,31.6,32.4,31.6,32.3,8132.0,261646.0,2.2152,2.8209,2068.0,0.0,800.0,1311.0,2111.0,38113.0,3227.0,4509.0,388.0,1350.0,0.0,27.84,,
2003/07/02,32.6,34.5,32.6,34.5,27321.0,921156.0,6.8111,9.4773,5553.0,603.0,-1010.0,2490.0,2083.0,38659.0,12197.0,11619.0,1306.0,1.0,0.0,29.74,,
2003/07/03,34.5,34.6,32.6,32.8,20380.0,685182.0,-4.9275,7.0696,4327.0,193.0,-350.0,2993.0,2836.0,28185.0,0.0,10474.0,1.0,0.0,0.0,28.28,,
2003/07/04,33.2,34.5,33.0,34.5,13174.0,445589.0,5.1829,4.5699,2804.0,3.0,1700.0,486.0,2189.0,24943.0,0.0,3241.0,0.0,0.0,0.0,29.74,,
2003/07/07,35.0,36.9,35.0,36.9,26995.0,979163.0,6.9565,9.3642,4653.0,400.0,5463.0,964.0,6827.0,19579.0,0.0,5348.0,0.0,0.0,0.0,31.81,,
2003/07/08,36.0,36.9,35.4,35.6,37227.0,1347908.0,0.8455,12.5987,7533.0,1.0,-820.0,-1539.0,-2358.0,32730.0,16878.0,3745.0,0.0,253.0,264.0,30.69,,
2003/07/09,35.6,35.8,34.6,34.9,9009.0,315510.0,-1.9663,3.0489,2375.0,294.0,-596.0,-381.0,-683.0,32561.0,3362.0,3530.0,87.0,167.0,1.0,30.88,,
2003/07/10,34.6,35.4,34.3,34.6,8282.0,288413.0,-0.8596,2.8029,1933.0,14.0,-510.0,-97.0,-593.0,31710.0,2460.0,3306.0,38.0,138.0,9.0,30.62,,
2003/07/11,34.8,35.0,34.4,34.9,5505.0,191267.0,0.8671,1.8631,1250.0,650.0,-784.0,-261.0,-395.0,31465.0,1711.0,1956.0,6.0,313.0,181.0,30.88,,
2003/07/14,35.4,36.1,34.8,35.2,9888.0,350176.0,0.8596,3.3464,2713.0,15.0,-145.0,-558.0,-688.0,33075.0,4870.0,3255.0,147.0,285.0,119.0,31.15,,
2003/07/15,35.5,35.6,34.6,34.7,5846.0,205121.0,-1.4205,1.9785,1646.0,0.0,-900.0,251.0,-649.0,32873.0,2559.0,2760.0,44.0,328.0,87.0,30.71,,
2003/07/16,34.7,35.4,34.7,35.3,6708.0,235713.0,1.7291,2.2702,1635.0,2.0,-485.0,23.0,-460.0,32752.0,2374.0,2490.0,19.0,406.0,97.0,31.24,,
2003/07/17,35.2,36.4,34.8,35.4,15683.0,562653.0,0.2833,5.3076,4098.0,95.0,1200.0,320.0,1615.0,32425.0,5272.0,5599.0,92.0,586.0,272.0,31.33,,
2003/07/18,35.4,35.7,34.8,35.3,4794.0,168301.0,-0.2825,1.6224,1264.0,0.0,-100.0,-526.0,-626.0,32628.0,2140.0,1938.0,160.0,464.0,42.0,31.24,,
2003/07/21,35.9,36.4,35.1,35.2,11904.0,427034.0,-0.2833,4.0287,3022.0,-878.0,500.0,-299.0,-677.0,34269.0,5693.0,4025.0,8.0,589.0,133.0,31.15,,
2003/07/22,35.3,36.0,35.2,35.5,6046.0,215271.0,0.8523,2.0461,1604.0,-127.0,-65.0,112.0,-80.0,34307.0,1926.0,1864.0,83.0,660.0,164.0,31.42,,
2003/07/23,36.0,37.6,36.0,36.7,28652.0,1056086.0,3.3803,9.6967,6400.0,-10.0,2200.0,1175.0,3365.0,34890.0,9744.0,9153.0,88.0,1302.0,737.0,32.48,,
2003/07/24,37.1,37.3,36.5,37.2,15365.0,568846.0,1.3624,5.2,3430.0,0.0,1700.0,-41.0,1659.0,35038.0,6369.0,6219.0,293.0,1273.0,268.0,32.92,,
2003/07/25,37.4,38.4,36.7,36.8,19378.0,727403.0,-1.0753,6.5581,4544.0,-10.0,-2538.0,1478.0,-1070.0,35439.0,8550.0,8148.0,220.0,1204.0,151.0,32.57,,
2003/07/28,37.6,37.6,35.9,35.9,15698.0,572761.0,-2.4457,5.3127,3512.0,0.0,-3172.0,-1603.0,-4775.0,36500.0,6672.0,5610.0,491.0,717.0,4.0,31.77,,
2003/07/29,35.9,36.2,35.4,35.5,7930.0,283683.0,-1.1142,2.6837,2060.0,0.0,-1870.0,-95.0,-1965.0,36153.0,2796.0,3143.0,179.0,663.0,125.0,31.42,,
2003/07/30,35.5,35.6,34.7,34.9,8938.0,313113.0,-1.6901,3.0249,2057.0,10.0,-2466.0,-1145.0,-3601.0,37841.0,4446.0,2738.0,204.0,464.0,5.0,30.88,,
2003/07/31,35.1,35.8,34.8,35.8,9077.0,320478.0,2.5788,3.0719,2100.0,10.0,-1285.0,-354.0,-1629.0,37521.0,2769.0,3068.0,63.0,649.0,252.0,31.68,,
2003/08/01,36.0,37.0,35.7,36.0,16416.0,598250.0,0.5587,5.5556,4450.0,73.0,-1258.0,718.0,-467.0,36381.0,5125.0,6265.0,128.0,762.0,241.0,31.86,,
2003/08/04,36.0,36.3,35.4,35.4,3282.0,117542.0,-1.6667,1.1107,1305.0,-54.0,-490.0,40.0,-504.0,36264.0,1738.0,1840.0,154.0,602.0,9.0,31.33,,
2003/08/05,35.5,36.1,34.7,35.4,8865.0,313432.0,0.0,3.0002,2661.0,-376.0,-1400.0,199.0,-1577.0,36330.0,3682.0,3561.0,146.0,531.0,75.0,31.33,,
2003/08/06,35.4,36.1,35.3,35.4,7951.0,283682.0,0.0,2.6908,2385.0,0.0,-540.0,-260.0,-800.0,37437.0,3567.0,2454.0,46.0,868.0,385.0,31.33,,
2003/08/07,35.9,35.9,35.1,35.4,5211.0,185052.0,0.0,1.7636,1556.0,450.0,-700.0,0.0,-250.0,37590.0,2178.0,2025.0,187.0,780.0,104.0,31.33,,
2003/08/08,35.6,35.7,35.0,35.0,3417.0,120588.0,-1.1299,1.1564,1149.0,-170.0,0.0,125.0,-45.0,37310.0,1351.0,1610.0,125.0,687.0,38.0,30.97,,
2003/08/11,34.8,34.9,34.3,34.3,3215.0,111320.0,-2.0,1.088,967.0,0.0,-500.0,280.0,-220.0,36818.0,1036.0,1516.0,144.0,542.0,0.0,30.35,,
2003/08/12,34.6,35.2,34.6,34.7,3988.0,139071.0,1.1662,1.3497,1356.0,0.0,-641.0,0.0,-641.0,37432.0,1655.0,1036.0,56.0,679.0,193.0,30.71,,
2003/08/13,35.2,36.0,35.1,36.0,8054.0,287586.0,3.7464,2.7257,2387.0,10.0,0.0,-80.0,-70.0,37286.0,3557.0,3681.0,126.0,656.0,103.0,31.86,,
2003/08/14,36.0,36.0,35.1,35.3,5962.0,211309.0,-1.9444,2.0177,1588.0,0.0,-400.0,99.0,-301.0,37204.0,3155.0,3175.0,86.0,570.0,0.0,31.24,,
2003/08/15,35.6,36.4,35.6,35.6,7500.0,269779.0,0.8499,2.5382,2044.0,0.0,-450.0,1000.0,550.0,37238.0,3387.0,3347.0,49.0,563.0,48.0,31.5,,
2003/08/18,36.1,36.5,35.7,35.7,6683.0,241028.0,0.2809,2.2617,1676.0,-1.0,1000.0,1009.0,2008.0,35928.0,2201.0,3510.0,32.0,562.0,31.0,31.59,,
2003/08/19,36.4,36.9,36.0,36.5,15894.0,580039.0,2.2409,5.379,3903.0,-63.0,0.0,-520.0,-583.0,37155.0,6671.0,5441.0,34.0,636.0,109.0,32.3,,
2003/08/20,36.9,37.0,35.7,35.9,10601.0,385288.0,-1.6438,3.5877,2693.0,-450.0,-220.0,75.0,-595.0,39317.0,5351.0,3189.0,84.0,597.0,45.0,31.77,,
2003/08/21,36.0,36.4,35.8,36.2,5838.0,211038.0,0.8357,1.9757,1811.0,417.0,0.0,-6.0,411.0,39364.0,2293.0,2246.0,2.0,730.0,136.0,32.04,,
2003/08/22,36.7,36.8,35.6,35.6,9038.0,328082.0,-1.6575,3.0587,2398.0,190.0,-220.0,560.0,530.0,39672.0,4019.0,3711.0,98.0,641.0,24.0,31.5,,
2003/08/25,35.6,36.7,35.6,36.2,9804.0,355716.0,1.6854,3.318,2927.0,-433.0,-50.0,-268.0,-751.0,40884.0,4485.0,3269.0,46.0,771.0,182.0,32.04,,
2003/08/26,36.2,36.5,35.6,35.7,10264.0,371229.0,-1.3812,3.4736,2822.0,-210.0,0.0,810.0,600.0,40357.0,3877.0,4321.0,141.0,730.0,102.0,31.59,,
2003/08/27,35.9,36.0,34.6,34.7,6556.0,230605.0,-2.8011,2.2187,2049.0,5.0,493.0,50.0,548.0,38690.0,2457.0,4113.0,180.0,623.0,84.0,30.71,,
2003/08/28,35.0,35.3,34.1,35.1,4311.0,149528.0,1.1527,1.459,1479.0,0.0,-590.0,0.0,-590.0,38481.0,1486.0,1644.0,82.0,659.0,123.0,31.06,,
2003/08/29,35.2,36.0,35.0,35.9,7538.0,268043.0,2.2792,2.5511,2424.0,3.0,1040.0,102.0,1145.0,37938.0,1900.0,2431.0,150.0,698.0,189.0,31.77,,
2003/09/01,36.0,36.2,35.2,35.8,4809.0,171361.0,-0.2786,1.6275,1307.0,0.0,-594.0,-360.0,-954.0,37623.0,1368.0,1683.0,92.0,647.0,41.0,31.68,,
2003/09/02,35.3,36.5,35.1,36.3,10256.0,370003.0,1.3966,3.4709,2871.0,-18.0,-88.0,-37.0,-143.0,38687.0,4510.0,3435.0,85.0,691.0,137.0,32.12,,
2003/09/03,36.9,36.9,35.6,35.7,8629.0,312564.0,-1.6529,2.9203,2389.0,-24.0,-100.0,68.0,-56.0,38359.0,3445.0,3715.0,136.0,477.0,33.0,30.78,,
2003/09/04,35.8,36.0,34.8,36.0,5700.0,202128.0,0.8403,1.929,1977.0,11.0,-54.0,-1028.0,-1071.0,38345.0,2194.0,2211.0,108.0,401.0,61.0,31.03,,
2003/09/05,35.8,36.3,35.3,35.3,10888.0,389859.0,-1.9444,3.6848,3400.0,500.0,-39.0,-598.0,-137.0,40070.0,4494.0,2769.0,62.0,400.0,66.0,30.43,,
2003/09/08,35.2,35.7,35.1,35.2,5267.0,185935.0,-0.2833,1.7825,2197.0,-545.0,-24.0,-28.0,-597.0,41024.0,2842.0,1891.0,70.0,346.0,38.0,30.34,,
2003/09/09,35.7,36.5,35.6,36.3,18940.0,682989.0,3.125,6.4098,5008.0,22.0,870.0,-953.0,-61.0,40856.0,7137.0,7297.0,21.0,562.0,260.0,31.29,,
2003/09/10,36.2,36.3,35.3,35.3,4610.0,164933.0,-2.7548,1.5602,1673.0,20.0,-24.0,108.0,104.0,40066.0,2125.0,2876.0,186.0,382.0,7.0,30.43,,
2003/09/12,35.5,35.8,35.2,35.5,3370.0,119308.0,0.5666,1.1405,1253.0,35.0,-795.0,0.0,-760.0,40417.0,1405.0,1094.0,33.0,412.0,63.0,30.6,,
2003/09/15,35.5,35.9,35.3,35.7,2488.0,88473.0,0.5634,0.842,896.0,0.0,-1.0,-46.0,-47.0,40095.0,869.0,1125.0,35.0,391.0,21.0,30.78,,
2003/09/16,35.3,36.1,35.3,35.8,4644.0,166448.0,0.2801,1.5717,1325.0,0.0,149.0,-40.0,109.0,39567.0,1448.0,1992.0,37.0,395.0,42.0,30.86,,
2003/09/17,36.0,36.2,35.7,35.9,6203.0,223085.0,0.2793,2.0993,1832.0,100.0,-122.0,-368.0,-390.0,39961.0,2765.0,2331.0,37.0,406.0,48.0,30.95,,
2003/09/18,36.0,36.1,35.6,35.6,3566.0,128011.0,-0.8357,1.2068,1138.0,0.0,200.0,-744.0,-544.0,40284.0,1564.0,1236.0,29.0,406.0,30.0,30.69,,
2003/09/19,35.8,37.4,35.8,36.8,26320.0,968879.0,3.3708,8.9074,6183.0,-12.0,2155.0,-1223.0,920.0,39951.0,8532.0,8849.0,23.0,695.0,312.0,31.72,,
2003/09/22,36.8,37.0,35.6,36.5,7987.0,289732.0,-0.8152,2.703,2337.0,0.0,-780.0,655.0,-125.0,39592.0,3009.0,3376.0,254.0,443.0,2.0,31.47,,
2003/09/23,36.0,36.2,35.6,35.8,3138.0,112625.0,-1.9178,1.062,961.0,515.0,-25.0,-490.0,0.0,39414.0,1183.0,1356.0,63.0,372.0,0.0,30.86,,
2003/09/24,36.2,36.3,35.6,35.6,5095.0,183191.0,-0.5587,1.7243,1564.0,0.0,25.0,-380.0,-355.0,39985.0,2165.0,1592.0,41.0,382.0,51.0,30.69,,
2003/09/25,35.1,35.4,34.4,34.4,10173.0,352379.0,-3.3708,3.4428,2807.0,6.0,-2941.0,1220.0,-1715.0,40577.0,3797.0,3204.0,85.0,297.0,0.0,29.66,,
2003/09/26,34.4,34.6,32.8,34.1,10547.0,354111.0,-0.8721,3.5694,2973.0,2.0,-3020.0,-506.0,-3524.0,40958.0,3908.0,3499.0,52.0,289.0,51.0,29.4,,
2003/09/29,33.8,33.8,33.1,33.8,2466.0,82737.0,-0.8798,0.8346,961.0,0.0,30.0,106.0,136.0,40132.0,944.0,1466.0,38.0,246.0,0.0,29.14,,
2003/09/30,33.9,34.0,33.2,33.8,3270.0,110154.0,0.0,1.1067,1219.0,0.0,-306.0,300.0,-6.0,40139.0,1358.0,1111.0,11.0,317.0,86.0,29.14,,
2003/10/01,33.4,33.7,33.1,33.1,1515.0,50546.0,-2.071,0.5127,665.0,0.0,-8.0,81.0,73.0,40208.0,688.0,619.0,38.0,278.0,0.0,28.53,,
2003/10/02,33.5,33.8,33.5,33.6,2309.0,77607.0,1.5106,0.7814,969.0,0.0,-36.0,-79.0,-115.0,40269.0,983.0,922.0,25.0,299.0,46.0,28.97,,
2003/10/03,33.8,34.2,33.5,33.7,3871.0,130830.0,0.2976,1.3101,1517.0,-103.0,-8.0,50.0,-61.0,40957.0,1845.0,1142.0,53.0,340.0,94.0,29.05,,
2003/10/06,34.0,34.0,33.6,33.6,2959.0,100056.0,-0.2967,1.0014,1002.0,-18.0,-60.0,396.0,318.0,40367.0,882.0,1472.0,7.0,429.0,96.0,28.97,,
2003/10/07,33.7,33.9,33.5,33.9,2616.0,88348.0,0.8929,0.8853,882.0,646.0,0.0,0.0,646.0,39845.0,816.0,1278.0,55.0,390.0,18.0,29.22,,
2003/10/08,33.9,34.1,33.5,33.5,2261.0,76402.0,-1.1799,0.7652,890.0,242.0,0.0,45.0,287.0,39496.0,837.0,1180.0,54.0,340.0,7.0,28.88,,
2003/10/09,33.5,33.8,33.1,33.5,2526.0,84253.0,0.0,0.8549,999.0,8.0,-13.0,127.0,122.0,39346.0,929.0,1132.0,43.0,297.0,3.0,28.88,,
2003/10/13,33.7,33.8,33.0,33.0,2431.0,81165.0,-1.4925,0.8227,833.0,5.0,-13.0,7.0,-1.0,38893.0,1092.0,1524.0,14.0,282.0,1.0,28.45,,
2003/10/14,33.1,33.6,32.8,32.8,3522.0,116837.0,-0.6061,1.1919,1314.0,18.0,-57.0,20.0,-19.0,38992.0,1446.0,1310.0,7.0,335.0,61.0,28.28,,
2003/10/15,33.0,33.4,32.5,33.3,7064.0,233496.0,1.5244,2.3907,1999.0,10.0,-130.0,-2242.0,-2362.0,40351.0,2767.0,1299.0,37.0,358.0,60.0,28.71,,
2003/10/16,33.3,33.8,33.1,33.4,4728.0,157951.0,0.3003,1.6001,1755.0,65.0,-204.0,-19.0,-158.0,40784.0,2050.0,1594.0,38.0,338.0,22.0,28.79,,
2003/10/17,33.4,34.2,33.1,34.0,8822.0,298036.0,1.7964,2.9856,2514.0,40.0,-280.0,-909.0,-1149.0,41288.0,3645.0,3136.0,112.0,266.0,42.0,29.31,,
2003/10/20,33.8,34.0,33.1,33.1,4181.0,139648.0,-2.6471,1.415,1396.0,4.0,-1117.0,2.0,-1111.0,42180.0,2296.0,1398.0,25.0,241.0,0.0,28.53,,
2003/10/21,33.2,33.5,32.8,33.1,3199.0,106115.0,0.0,1.0826,1084.0,0.0,-201.0,-100.0,-301.0,41540.0,1222.0,1858.0,37.0,232.0,33.0,28.53,,
2003/10/22,33.1,33.5,32.8,33.4,3134.0,104099.0,0.9063,1.0606,1014.0,0.0,0.0,-200.0,-200.0,40827.0,787.0,1468.0,65.0,199.0,32.0,28.79,,
2003/10/23,33.0,33.6,32.9,32.9,2322.0,76958.0,-1.497,0.7858,834.0,0.0,0.0,0.0,0.0,40361.0,844.0,933.0,12.0,182.0,5.0,28.36,,
2003/10/24,33.0,34.0,33.0,33.1,8820.0,296640.0,0.6079,2.9849,2709.0,0.0,-1260.0,-1294.0,-2554.0,42702.0,4593.0,2246.0,33.0,216.0,67.0,28.53,,
2003/10/27,33.4,33.5,33.2,33.2,2122.0,70785.0,0.3021,0.7181,847.0,0.0,0.0,50.0,50.0,42177.0,934.0,1239.0,11.0,314.0,111.0,28.62,,
2003/10/28,33.3,33.5,33.0,33.2,3786.0,125823.0,0.0,1.2813,1251.0,380.0,-176.0,-550.0,-346.0,41887.0,1454.0,1744.0,24.0,308.0,20.0,28.62,,
2003/10/29,33.5,33.6,33.1,33.1,3266.0,108752.0,-0.3012,1.1053,1142.0,0.0,-80.0,50.0,-30.0,41857.0,1210.0,1240.0,104.0,313.0,112.0,28.53,,
2003/10/30,33.1,33.3,32.5,32.5,2572.0,84689.0,-1.8127,0.8704,1002.0,0.0,0.0,80.0,80.0,41127.0,998.0,1511.0,8.0,335.0,30.0,28.02,,
2003/10/31,32.5,32.6,31.2,31.8,5440.0,173285.0,-2.1538,1.8411,1740.0,0.0,-551.0,-1121.0,-1672.0,41414.0,2222.0,1911.0,129.0,307.0,103.0,27.41,,
2003/11/03,31.8,32.3,31.5,31.8,2326.0,74178.0,0.0,0.7872,951.0,7.0,-301.0,-10.0,-304.0,41732.0,1060.0,730.0,148.0,348.0,189.0,27.41,,
2003/11/04,32.3,32.4,31.4,31.8,5983.0,191064.0,0.0,2.0248,1649.0,0.0,-300.0,-508.0,-808.0,42754.0,2136.0,1108.0,31.0,368.0,51.0,27.41,,
2003/11/05,31.8,32.0,31.6,31.6,1796.0,57089.0,-0.6289,0.6078,728.0,-7.0,-80.0,-205.0,-292.0,42714.0,773.0,804.0,23.0,373.0,28.0,21.35,,
2003/11/06,31.8,32.0,31.1,31.3,5304.0,167334.0,-0.9494,1.795,1669.0,0.0,-605.0,-42.0,-647.0,43956.0,2240.0,960.0,41.0,574.0,242.0,21.15,,
2003/11/07,31.4,31.6,30.6,31.1,4298.0,133400.0,-0.639,1.4546,1255.0,-9.0,-199.0,-152.0,-360.0,45058.0,1893.0,799.0,13.0,654.0,94.0,21.01,,
2003/11/10,31.1,31.7,31.1,31.4,3176.0,99788.0,0.9646,1.0749,1129.0,0.0,-150.0,-292.0,-442.0,45600.0,1698.0,1130.0,78.0,649.0,73.0,21.22,,
2003/11/11,31.6,32.2,31.4,32.0,5907.0,188343.0,1.9108,1.9991,1931.0,0.0,-200.0,159.0,-41.0,46106.0,2574.0,2068.0,11.0,977.0,339.0,21.62,,
2003/11/12,32.0,32.2,31.7,31.8,2289.0,72982.0,-0.625,0.7747,747.0,4.0,0.0,-9.0,-5.0,45248.0,646.0,1502.0,17.0,966.0,6.0,21.49,,
2003/11/13,32.3,32.4,31.8,31.8,2732.0,87590.0,0.0,0.9246,898.0,-15.0,0.0,112.0,97.0,44521.0,868.0,1592.0,1.0,978.0,15.0,21.49,,
2003/11/14,31.9,32.1,31.6,31.6,2122.0,67479.0,-0.6289,0.7181,697.0,0.0,-62.0,10.0,-52.0,44611.0,1168.0,1052.0,40.0,948.0,10.0,21.35,,
2003/11/17,31.5,31.6,31.2,31.2,1413.0,44334.0,-1.2658,0.4782,572.0,0.0,0.0,70.0,70.0,44340.0,539.0,797.0,33.0,915.0,0.0,21.08,,
2003/11/18,31.2,31.4,30.6,30.8,2214.0,68442.0,-1.2821,0.7493,773.0,206.0,0.0,49.0,255.0,44604.0,873.0,558.0,32.0,884.0,6.0,20.81,,
2003/11/19,30.5,30.6,30.0,30.1,1994.0,60427.0,-2.2727,0.6748,736.0,66.0,-200.0,-120.0,-254.0,44595.0,864.0,873.0,24.0,860.0,0.0,20.34,,
2003/11/20,30.3,30.6,30.2,30.3,1269.0,38526.0,0.6645,0.4295,535.0,-91.0,0.0,-32.0,-123.0,44600.0,626.0,581.0,5.0,870.0,15.0,20.47,,
2003/11/21,29.9,30.2,29.8,29.9,2280.0,68247.0,-1.3201,0.7716,769.0,93.0,573.0,-34.0,632.0,43898.0,803.0,1445.0,8.0,862.0,0.0,20.2,,
2003/11/24,30.0,30.5,30.0,30.4,1506.0,45654.0,1.6722,0.5097,565.0,0.0,400.0,-100.0,300.0,43809.0,510.0,588.0,5.0,870.0,13.0,20.54,,
2003/11/25,30.8,30.9,30.2,30.8,1910.0,58513.0,1.3158,0.6464,861.0,300.0,-222.0,-100.0,-22.0,43022.0,667.0,792.0,5.0,887.0,22.0,20.81,,
2003/11/26,30.8,31.1,30.5,30.5,1702.0,52299.0,-0.974,0.576,563.0,0.0,500.0,50.0,550.0,41981.0,602.0,797.0,17.0,875.0,5.0,20.61,,
2003/11/27,30.5,30.6,29.8,29.8,2184.0,65623.0,-2.2951,0.7391,931.0,8.0,0.0,148.0,156.0,42519.0,1022.0,478.0,4.0,872.0,1.0,20.14,,
2003/11/28,30.0,30.2,29.7,29.7,1135.0,34027.0,-0.3356,0.3841,454.0,0.0,-50.0,-9.0,-59.0,42304.0,315.0,452.0,184.0,703.0,15.0,20.07,,
2003/12/01,29.7,31.3,29.7,31.0,3212.0,98639.0,4.3771,1.087,1224.0,0.0,0.0,-172.0,-172.0,42686.0,1258.0,893.0,18.0,704.0,19.0,20.95,,
2003/12/02,32.3,32.3,31.0,31.5,7137.0,224582.0,1.6129,2.4154,2340.0,0.0,0.0,-1497.0,-1497.0,43891.0,3156.0,1951.0,1.0,756.0,53.0,21.28,,
2003/12/03,31.5,31.7,30.8,31.4,3794.0,118304.0,-0.3175,1.284,1279.0,0.0,-100.0,0.0,-100.0,44282.0,1791.0,1396.0,32.0,725.0,1.0,21.22,,
2003/12/04,31.0,31.5,31.0,31.1,1972.0,61515.0,-0.9554,0.6674,828.0,0.0,0.0,-1.0,-1.0,44649.0,1200.0,820.0,11.0,717.0,3.0,21.01,,
2003/12/05,31.4,31.4,31.0,31.4,2525.0,78991.0,0.9646,0.8545,791.0,0.0,0.0,-7.0,-7.0,44486.0,1161.0,1303.0,1.0,736.0,20.0,21.22,,
2003/12/08,31.1,31.3,30.8,31.3,1704.0,52934.0,-0.3185,0.5767,674.0,0.0,0.0,-1.0,-1.0,44628.0,687.0,541.0,17.0,719.0,0.0,21.15,,
2003/12/09,31.5,31.6,30.9,31.3,2957.0,92632.0,0.0,1.0007,1132.0,0.0,0.0,0.0,0.0,44960.0,1453.0,1119.0,0.0,758.0,40.0,21.15,,
2003/12/10,31.0,31.5,30.8,31.3,3275.0,102213.0,0.0,1.1084,1048.0,0.0,0.0,100.0,100.0,44947.0,1140.0,1141.0,43.0,723.0,8.0,21.15,,
2003/12/11,31.4,31.8,31.2,31.6,3903.0,122880.0,0.9585,1.3209,1426.0,17.0,0.0,0.0,17.0,44962.0,1511.0,1496.0,10.0,719.0,6.0,21.35,,
2003/12/12,31.8,31.8,31.1,31.5,3930.0,123410.0,-0.3165,1.33,1455.0,15.0,0.0,-584.0,-569.0,45511.0,1840.0,1291.0,8.0,711.0,0.0,21.28,,
2003/12/15,31.6,31.6,31.2,31.5,2112.0,66420.0,0.0,0.7148,707.0,12.0,0.0,4.0,16.0,45522.0,1002.0,991.0,5.0,706.0,0.0,21.28,,
2003/12/16,31.3,31.4,31.2,31.3,1233.0,38585.0,-0.6349,0.4173,455.0,0.0,0.0,0.0,0.0,45181.0,397.0,733.0,298.0,408.0,0.0,21.15,,
2003/12/17,31.3,31.5,29.8,29.8,2606.0,79889.0,-4.7923,0.8819,939.0,0.0,0.0,0.0,0.0,44672.0,1172.0,1677.0,280.0,124.0,0.0,20.14,,
2003/12/18,30.0,30.6,30.0,30.4,1930.0,58589.0,2.0134,0.6532,667.0,-30.0,200.0,435.0,605.0,44688.0,573.0,547.0,12.0,153.0,41.0,20.54,,
2003/12/19,30.7,30.8,30.2,30.2,1074.0,32748.0,-0.6579,0.3635,411.0,-6.0,300.0,-3.0,291.0,44281.0,317.0,642.0,4.0,151.0,2.0,20.41,,
2003/12/22,30.2,30.8,30.2,30.6,1037.0,31672.0,1.3245,0.351,384.0,0.0,200.0,0.0,200.0,44067.0,259.0,473.0,8.0,144.0,1.0,20.68,,
2003/12/23,30.6,30.8,30.4,30.4,837.0,25556.0,-0.6536,0.2833,345.0,-15.0,0.0,-1.0,-16.0,43984.0,339.0,422.0,22.0,122.0,0.0,20.54,,
2003/12/24,30.5,31.2,30.4,30.9,2553.0,78952.0,1.6447,0.864,864.0,-23.0,0.0,430.0,407.0,43796.0,829.0,1015.0,4.0,124.0,10.0,20.88,,
2003/12/25,31.0,32.5,31.0,31.5,13990.0,445507.0,1.9417,4.7346,3692.0,3.0,0.0,-900.0,-897.0,44457.0,4723.0,4060.0,24.0,226.0,126.0,21.28,,
2003/12/26,31.7,32.2,31.7,31.9,5442.0,173850.0,1.2698,1.8417,1327.0,-8.0,0.0,597.0,589.0,43970.0,1683.0,2168.0,13.0,262.0,53.0,21.55,,
2003/12/29,32.1,32.3,31.5,31.9,5027.0,160645.0,0.0,1.7013,1316.0,-208.0,-205.0,-152.0,-565.0,44371.0,2082.0,1681.0,37.0,238.0,13.0,21.55,,
2003/12/30,32.1,32.5,31.7,31.7,7885.0,253195.0,-0.627,2.6685,1772.0,260.0,-795.0,502.0,-33.0,45102.0,3322.0,2591.0,32.0,219.0,17.0,21.42,,
2003/12/31,31.8,32.1,31.7,31.9,2667.0,85204.0,0.6309,0.9026,778.0,98.0,0.0,0.0,98.0,44699.0,1104.0,1494.0,9.0,237.0,27.0,21.55,,
2004/01/02,32.1,32.5,31.9,32.4,4885.0,157032.0,1.5674,1.6532,1341.0,-258.0,0.0,72.0,-186.0,45248.0,2510.0,1965.0,22.0,234.0,19.0,21.89,,
2004/01/05,32.4,32.5,32.0,32.0,4105.0,132316.0,-1.2346,1.3893,1238.0,22.0,0.0,249.0,271.0,45589.0,1939.0,1597.0,62.0,176.0,4.0,21.62,,
2004/01/06,32.5,32.8,32.1,32.2,6710.0,217527.0,0.625,2.2709,1778.0,-221.0,150.0,500.0,429.0,45239.0,3054.0,3384.0,0.0,253.0,78.0,21.76,,
2004/01/07,31.9,32.4,31.8,31.9,4553.0,145973.0,-0.9317,1.5409,1321.0,121.0,0.0,-40.0,81.0,45303.0,1880.0,1712.0,12.0,240.0,0.0,21.55,,
2004/01/08,31.9,32.3,31.7,32.0,3765.0,120523.0,0.3135,1.2742,1113.0,100.0,-150.0,57.0,7.0,44857.0,1346.0,1718.0,83.0,190.0,36.0,21.62,,
2004/01/09,32.3,33.8,32.2,33.5,22375.0,740201.0,4.6875,7.5723,5447.0,100.0,0.0,31.0,131.0,44599.0,6773.0,7025.0,8.0,301.0,120.0,22.64,,
2004/01/12,33.5,33.9,32.6,33.9,14277.0,476600.0,1.194,4.8318,2991.0,0.0,0.0,-214.0,-214.0,44696.0,4509.0,4372.0,49.0,362.0,110.0,22.91,,
2004/01/13,34.8,34.9,33.3,33.9,19763.0,673347.0,0.0,6.6884,4095.0,9.0,1450.0,-1968.0,-509.0,49333.0,9991.0,5295.0,48.0,440.0,135.0,22.91,,
2004/01/14,33.7,33.9,33.5,33.5,5376.0,181010.0,-1.1799,1.8194,1277.0,12.0,0.0,700.0,712.0,47651.0,2189.0,3314.0,67.0,371.0,2.0,22.64,,
2004/01/15,33.6,33.8,32.6,32.6,4036.0,133690.0,-2.6866,1.3659,1353.0,-499.0,0.0,70.0,-429.0,47483.0,1757.0,1890.0,14.0,416.0,59.0,22.03,,
2004/01/16,32.6,33.0,31.6,31.6,5948.0,191636.0,-3.0675,2.013,1862.0,68.0,-700.0,110.0,-522.0,44881.0,2109.0,4322.0,86.0,461.0,134.0,21.35,,
2004/01/27,32.3,33.5,32.1,33.2,6058.0,199014.0,5.0633,2.0502,1830.0,657.0,0.0,-100.0,557.0,44308.0,1661.0,2204.0,17.0,670.0,227.0,22.43,,
2004/01/28,33.0,33.3,32.5,32.8,2796.0,92154.0,-1.2048,0.9462,977.0,-79.0,0.0,-26.0,-105.0,44350.0,1303.0,1261.0,28.0,645.0,3.0,22.16,,
2004/01/29,32.5,32.8,32.1,32.1,2841.0,92015.0,-2.1341,0.9615,979.0,-82.0,-205.0,-5.0,-292.0,44237.0,1373.0,1466.0,197.0,446.0,0.0,21.69,,
2004/01/30,32.2,32.7,32.1,32.1,2160.0,70048.0,0.0,0.731,720.0,-64.0,-200.0,0.0,-264.0,44514.0,989.0,712.0,16.0,446.0,16.0,21.69,,
2004/02/02,32.1,32.8,32.1,32.4,4055.0,131933.0,0.9346,1.3723,1207.0,-10.0,-868.0,-420.0,-1298.0,44855.0,1356.0,1010.0,2.0,479.0,35.0,21.89,,
2004/02/03,32.2,32.4,31.9,31.9,2281.0,73260.0,-1.5432,0.772,810.0,-38.0,200.0,98.0,260.0,44811.0,986.0,1020.0,46.0,424.0,1.0,21.55,,
2004/02/04,31.6,32.1,31.6,31.7,2055.0,65470.0,-0.627,0.6955,785.0,-27.0,0.0,0.0,-27.0,45038.0,908.0,679.0,16.0,406.0,0.0,21.42,,
2004/02/05,31.7,32.0,31.6,31.7,1528.0,48598.0,0.0,0.5171,630.0,-7.0,0.0,-1.0,-8.0,45112.0,690.0,596.0,7.0,425.0,27.0,21.42,,
2004/02/06,31.9,32.5,31.7,31.8,6652.0,213681.0,0.3155,2.2512,1827.0,199.0,-1200.0,200.0,-801.0,46197.0,2680.0,1599.0,0.0,455.0,30.0,21.49,,
2004/02/09,32.2,32.4,32.0,32.2,3865.0,124419.0,1.2579,1.308,981.0,-112.0,0.0,-1.0,-113.0,45907.0,1539.0,1829.0,6.0,466.0,17.0,21.76,,
2004/02/10,32.2,33.2,32.2,32.5,12291.0,402956.0,0.9317,4.1596,2931.0,492.0,0.0,-150.0,342.0,47175.0,4137.0,2859.0,13.0,529.0,76.0,21.96,,
2004/02/11,32.7,32.8,32.0,32.0,4231.0,136289.0,-1.5385,1.4319,1444.0,-117.0,-200.0,0.0,-317.0,47846.0,2375.0,1701.0,31.0,505.0,7.0,21.62,,
2004/02/12,32.2,32.4,31.7,31.7,3900.0,124732.0,-0.9375,1.3199,1291.0,234.0,-400.0,14.0,-152.0,46318.0,1930.0,1947.0,15.0,585.0,111.0,21.42,,
2004/02/13,32.0,32.7,31.5,32.7,5228.0,167799.0,3.1546,1.7693,1544.0,3.0,0.0,-190.0,-187.0,46976.0,1159.0,1975.0,13.0,767.0,192.0,22.09,,
2004/02/16,32.5,32.7,32.1,32.1,2733.0,88444.0,-1.8349,0.9249,903.0,-116.0,0.0,1.0,-115.0,47163.0,1450.0,1269.0,13.0,754.0,0.0,21.69,,
2004/02/17,32.1,32.4,32.0,32.0,2108.0,67945.0,-0.3115,0.7134,658.0,0.0,0.0,0.0,0.0,47392.0,1234.0,1005.0,18.0,746.0,15.0,21.62,,
2004/02/18,32.2,32.6,32.0,32.1,3174.0,102380.0,0.3125,1.0742,985.0,44.0,0.0,0.0,44.0,47822.0,1660.0,1222.0,33.0,760.0,47.0,21.69,,
2004/02/19,32.3,33.0,32.3,32.8,8606.0,281130.0,2.1807,2.9125,2178.0,134.0,1000.0,779.0,1913.0,46701.0,2365.0,3485.0,47.0,793.0,80.0,22.16,,
2004/02/20,33.0,33.4,32.5,32.9,9436.0,311209.0,0.3049,3.1934,2531.0,0.0,0.0,1003.0,1003.0,47285.0,4041.0,3446.0,20.0,839.0,68.0,22.23,,
2004/02/23,33.0,33.2,32.5,32.5,3024.0,99021.0,-1.2158,1.0234,1011.0,290.0,0.0,3.0,293.0,47104.0,1428.0,1604.0,86.0,750.0,0.0,21.96,,
2004/02/24,32.3,32.8,32.2,32.2,3020.0,97960.0,-0.9231,1.0221,891.0,98.0,0.0,17.0,115.0,46394.0,944.0,1655.0,34.0,719.0,3.0,21.76,,
2004/02/25,32.3,32.6,32.2,32.2,2165.0,70075.0,0.0,0.7327,690.0,302.0,-1.0,2.0,303.0,46158.0,971.0,1194.0,1.0,720.0,2.0,21.76,,
2004/02/26,32.5,32.8,32.3,32.3,3407.0,110972.0,0.3106,1.153,901.0,100.0,0.0,0.0,100.0,46146.0,1705.0,1716.0,0.0,730.0,10.0,21.82,,
2004/02/27,32.4,32.6,32.3,32.3,2053.0,66548.0,0.0,0.6948,660.0,0.0,0.0,2.0,2.0,46337.0,1064.0,861.0,5.0,725.0,1.0,21.82,,
2004/03/01,32.4,32.6,32.0,32.1,3498.0,112832.0,-0.6192,1.1838,1163.0,121.0,0.0,5.0,126.0,46274.0,1453.0,1516.0,17.0,712.0,4.0,21.69,,
2004/03/02,32.4,33.3,32.3,32.8,11819.0,389320.0,2.1807,3.9999,3255.0,74.0,-200.0,1000.0,874.0,45668.0,4265.0,4828.0,25.0,780.0,96.0,22.16,,
2004/03/03,32.9,33.9,32.7,33.4,12576.0,419744.0,1.8293,4.2561,3315.0,1420.0,250.0,0.0,1670.0,45066.0,4416.0,5017.0,11.0,823.0,58.0,22.57,,
2004/03/04,33.9,34.2,33.2,33.3,8310.0,278761.0,-0.2994,2.8123,2216.0,205.0,0.0,1.0,206.0,46021.0,4605.0,3650.0,32.0,840.0,49.0,22.5,,
2004/03/05,33.4,33.9,32.4,32.4,6611.0,220430.0,-2.7027,2.2374,1795.0,684.0,100.0,0.0,784.0,45874.0,3437.0,3527.0,86.0,764.0,10.0,21.89,,
2004/03/08,33.0,33.1,32.2,32.2,4669.0,152688.0,-0.6173,1.5801,1239.0,682.0,250.0,0.0,932.0,45305.0,2081.0,2640.0,19.0,758.0,13.0,21.76,,
2004/03/09,32.7,32.8,32.4,32.6,2414.0,78678.0,1.2422,0.817,783.0,193.0,0.0,0.0,193.0,45155.0,1161.0,1314.0,7.0,748.0,7.0,22.03,,
2004/03/10,32.6,33.1,32.4,32.5,4204.0,137811.0,-0.3067,1.4228,1183.0,35.0,0.0,-300.0,-265.0,45343.0,1894.0,1704.0,12.0,746.0,10.0,21.96,,
2004/03/11,32.5,32.8,32.4,32.5,2325.0,75783.0,0.0,0.7868,727.0,53.0,0.0,-245.0,-192.0,45847.0,1110.0,600.0,12.0,733.0,3.0,21.96,,
2004/03/12,32.3,32.4,31.8,31.9,3147.0,101058.0,-1.8462,1.065,1000.0,-728.0,0.0,-321.0,-1049.0,46037.0,1469.0,1272.0,98.0,634.0,0.0,21.55,,
2004/03/15,32.0,32.4,31.1,31.1,2292.0,72831.0,-2.5078,0.7757,760.0,-76.0,0.0,-165.0,-241.0,45387.0,925.0,1165.0,312.0,325.0,3.0,21.01,,
2004/03/16,31.1,31.5,30.4,30.4,2727.0,84226.0,-2.2508,0.9229,971.0,-443.0,0.0,-251.0,-694.0,45604.0,1249.0,1019.0,240.0,85.0,0.0,20.54,,
2004/03/17,30.6,30.9,30.4,30.4,1972.0,60358.0,0.0,0.6674,670.0,-402.0,0.0,0.0,-402.0,45638.0,814.0,770.0,6.0,108.0,31.0,20.54,,
2004/03/18,30.5,31.7,30.5,31.7,3186.0,98815.0,4.2763,1.0782,1164.0,-436.0,0.0,0.0,-436.0,45678.0,969.0,927.0,1.0,116.0,9.0,21.42,,
2004/03/19,31.5,31.6,30.9,30.9,2036.0,63315.0,-2.5237,0.689,748.0,69.0,0.0,-368.0,-299.0,45736.0,1027.0,941.0,4.0,108.0,0.0,20.88,,
2004/03/22,28.8,28.8,28.8,28.8,437.0,12595.0,-6.7961,0.1479,139.0,-344.0,0.0,0.0,-344.0,45871.0,237.0,41.0,10.0,98.0,0.0,19.46,,
2004/03/23,26.8,28.1,26.8,27.0,6464.0,174986.0,-6.25,2.1876,1722.0,-193.0,0.0,-8.0,-201.0,44007.0,2055.0,3828.0,11.0,87.0,0.0,18.24,,
2004/03/24,27.7,28.4,27.3,28.2,6413.0,177961.0,4.4444,2.1703,1725.0,-86.0,100.0,125.0,139.0,42078.0,1254.0,3024.0,20.0,100.0,33.0,19.05,,
2004/03/25,28.2,28.5,27.5,27.5,1901.0,53288.0,-2.4823,0.6434,689.0,-76.0,0.0,0.0,-76.0,41618.0,645.0,1099.0,97.0,3.0,0.0,18.58,,
2004/03/26,27.6,28.0,27.2,27.2,1840.0,50680.0,-1.0909,0.6227,561.0,0.0,0.0,-125.0,-125.0,41421.0,708.0,888.0,0.0,0.0,0.0,18.38,,
2004/03/29,28.0,29.1,27.7,29.1,2140.0,61359.0,6.9853,0.7242,811.0,0.0,0.0,0.0,0.0,40428.0,0.0,933.0,0.0,0.0,0.0,19.66,,
2004/03/30,29.2,29.3,28.5,29.1,2060.0,59732.0,0.0,0.6972,803.0,6.0,0.0,1.0,7.0,39642.0,0.0,768.0,0.0,0.0,0.0,19.66,,
2004/03/31,29.3,29.6,29.2,29.4,2064.0,60689.0,1.0309,0.6985,693.0,-43.0,0.0,-1.0,-44.0,39011.0,0.0,622.0,0.0,0.0,0.0,19.86,,
2004/04/01,29.3,29.7,29.1,29.5,1937.0,57025.0,0.3401,0.6555,652.0,-43.0,-140.0,0.0,-183.0,39823.0,1237.0,422.0,0.0,30.0,30.0,19.93,,
2004/04/02,29.8,29.8,29.3,29.5,1562.0,46186.0,0.0,0.5286,500.0,-111.0,0.0,0.0,-111.0,39972.0,718.0,569.0,0.0,53.0,23.0,19.93,,
2004/04/05,29.8,30.8,29.7,30.8,5299.0,161270.0,4.4068,1.7933,1480.0,-47.0,0.0,101.0,54.0,40209.0,1993.0,1754.0,25.0,46.0,18.0,20.81,,
2004/04/06,31.4,32.5,31.4,31.7,9351.0,298381.0,2.9221,3.1646,2969.0,109.0,-150.0,369.0,328.0,40258.0,3765.0,3711.0,1.0,183.0,141.0,21.42,,
2004/04/07,31.7,32.1,31.2,31.5,3248.0,102744.0,-0.6309,1.0992,1123.0,30.0,-100.0,-50.0,-120.0,40929.0,1914.0,1242.0,81.0,137.0,37.0,21.28,,
2004/04/08,31.5,31.9,31.3,31.5,2839.0,89718.0,0.0,0.9608,859.0,0.0,500.0,-50.0,450.0,40819.0,1271.0,1379.0,3.0,230.0,102.0,21.28,,
2004/04/09,31.7,32.2,31.3,31.6,3881.0,123407.0,0.3175,1.3134,1217.0,0.0,100.0,0.0,100.0,41263.0,1696.0,1216.0,0.0,275.0,45.0,21.35,,
2004/04/12,32.2,32.7,32.0,32.0,7300.0,235881.0,1.2658,2.4705,2114.0,0.0,0.0,-241.0,-241.0,42446.0,3449.0,2266.0,24.0,275.0,28.0,21.62,,
2004/04/13,32.2,33.2,32.1,33.2,14969.0,490993.0,3.75,5.0659,4434.0,0.0,-500.0,123.0,-377.0,43499.0,6413.0,5366.0,20.0,421.0,166.0,22.43,,
2004/04/14,33.2,34.0,32.8,33.2,17415.0,584747.0,0.0,5.8937,5066.0,0.0,-260.0,100.0,-160.0,43459.0,6928.0,6963.0,30.0,592.0,202.0,22.43,,
2004/04/15,33.8,33.8,32.5,32.5,8894.0,294365.0,-2.1084,3.01,2835.0,-113.0,0.0,0.0,-113.0,43957.0,4294.0,3796.0,71.0,567.0,51.0,21.96,,
2004/04/16,32.5,33.4,32.4,33.1,6643.0,218958.0,1.8462,2.2482,1941.0,19.0,0.0,60.0,79.0,44506.0,3072.0,2506.0,35.0,718.0,191.0,22.36,,
2004/04/19,33.3,33.3,32.1,32.1,4222.0,137465.0,-3.0211,1.4288,1455.0,-18.0,150.0,0.0,132.0,43675.0,1698.0,2530.0,199.0,534.0,15.0,21.69,,
2004/04/20,32.4,32.6,31.6,31.7,3835.0,122517.0,-1.2461,1.2979,1213.0,64.0,-400.0,3.0,-333.0,43690.0,1649.0,1605.0,38.0,621.0,130.0,21.42,,
2004/04/21,31.7,32.1,31.6,31.7,1706.0,54330.0,0.0,0.5774,711.0,179.0,-88.0,1.0,92.0,43618.0,748.0,795.0,26.0,607.0,12.0,21.42,,
2004/04/22,31.8,32.7,31.0,31.2,4268.0,136019.0,-1.5773,1.4444,1437.0,-29.0,0.0,-416.0,-445.0,43334.0,1708.0,1989.0,86.0,532.0,11.0,21.08,,
2004/04/23,31.4,31.6,30.6,30.6,2386.0,73997.0,-1.9231,0.8075,946.0,0.0,0.0,0.0,0.0,43339.0,1092.0,1087.0,69.0,463.0,2.0,20.68,,
2004/04/26,30.6,30.8,30.1,30.7,2199.0,67119.0,0.3268,0.7442,748.0,0.0,0.0,0.0,0.0,43027.0,725.0,1031.0,29.0,752.0,318.0,20.74,,
2004/04/27,30.7,30.8,30.2,30.2,1949.0,59339.0,-1.6287,0.6596,584.0,6.0,0.0,3.0,9.0,42673.0,658.0,1011.0,221.0,552.0,21.0,20.41,,
2004/04/28,30.3,30.6,29.9,30.0,1820.0,54925.0,-0.6623,0.6159,609.0,130.0,0.0,1.0,131.0,42531.0,699.0,841.0,113.0,455.0,19.0,20.27,,
2004/04/29,29.9,30.2,28.9,29.6,2353.0,69883.0,-1.3333,0.7963,716.0,62.0,0.0,3.0,65.0,42783.0,975.0,694.0,409.0,46.0,0.0,20.0,,
2004/04/30,29.5,29.6,27.6,28.2,2899.0,81680.0,-4.7297,0.9811,980.0,-87.0,0.0,0.0,-87.0,42189.0,1099.0,1624.0,12.0,39.0,5.0,19.05,,
2004/05/03,28.2,28.4,27.2,28.2,1357.0,37833.0,0.0,0.4592,479.0,-121.0,0.0,1.0,-120.0,41913.0,420.0,691.0,5.0,35.0,1.0,19.05,,
2004/05/04,28.3,28.9,28.0,28.9,2393.0,68355.0,2.4823,0.8099,943.0,-2.0,0.0,-3.0,-5.0,42069.0,795.0,573.0,20.0,23.0,9.0,15.62,,
2004/05/05,29.3,29.3,26.9,26.9,2246.0,62771.0,-6.9204,0.7601,893.0,-125.0,0.0,-3.0,-128.0,41638.0,1038.0,1452.0,13.0,17.0,7.0,14.54,,
2004/05/06,27.3,27.6,25.5,27.0,2324.0,62361.0,0.3717,0.7865,779.0,30.0,0.0,0.0,30.0,41439.0,821.0,998.0,3.0,34.0,20.0,14.59,,
2004/05/07,27.0,27.8,26.5,27.4,2314.0,62944.0,1.4815,0.7831,840.0,-30.0,0.0,-1.0,-31.0,41500.0,598.0,536.0,5.0,44.0,15.0,14.81,,
2004/05/10,27.0,27.0,26.1,26.5,992.0,26248.0,-3.2847,0.3357,402.0,-62.0,0.0,0.0,-62.0,41234.0,299.0,530.0,15.0,28.0,0.0,14.32,,
2004/05/11,26.2,27.0,25.7,27.0,1672.0,44065.0,1.8868,0.5659,441.0,0.0,0.0,157.0,157.0,40680.0,276.0,819.0,16.0,24.0,12.0,14.59,,
2004/05/12,27.3,28.8,27.2,28.8,4199.0,118686.0,6.6667,1.4211,1381.0,0.0,0.0,80.0,80.0,40244.0,860.0,1282.0,2.0,142.0,120.0,15.57,,
2004/05/13,28.6,28.6,27.8,28.5,1650.0,46671.0,-1.0417,0.5584,537.0,0.0,0.0,-157.0,-157.0,40171.0,707.0,779.0,77.0,64.0,0.0,15.41,,
2004/05/14,28.5,28.6,27.8,28.1,1850.0,52305.0,-1.4035,0.6261,557.0,-40.0,0.0,0.0,-40.0,39690.0,333.0,814.0,4.0,67.0,7.0,15.19,,
2004/05/17,27.6,27.6,26.2,26.2,1668.0,44156.0,-6.7616,0.5645,447.0,-50.0,0.0,-1.0,-51.0,38926.0,605.0,1290.0,32.0,33.0,0.0,14.16,,
2004/05/18,26.0,26.6,25.6,26.0,1853.0,48606.0,-0.7634,0.6271,644.0,-414.0,0.0,-75.0,-489.0,38992.0,770.0,653.0,6.0,94.0,67.0,14.05,,
2004/05/19,26.4,27.8,26.4,27.8,3508.0,96033.0,6.9231,1.1872,1186.0,-27.0,0.0,-80.0,-107.0,38671.0,826.0,1143.0,5.0,139.0,50.0,15.03,,
2004/05/20,27.5,28.1,27.1,27.3,1532.0,42100.0,-1.7986,0.5185,576.0,-32.0,0.0,0.0,-32.0,38668.0,787.0,789.0,37.0,108.0,6.0,14.76,,
2004/05/21,27.5,28.9,27.3,28.9,2805.0,79301.0,5.8608,0.9493,909.0,0.0,0.0,0.0,0.0,38211.0,760.0,1219.0,10.0,160.0,62.0,15.62,,
2004/05/24,28.3,28.9,28.0,28.2,1438.0,40913.0,-2.4221,0.4867,499.0,0.0,0.0,0.0,0.0,38341.0,911.0,776.0,0.0,160.0,0.0,15.24,,
2004/05/25,28.1,28.5,28.0,28.1,2248.0,63298.0,-0.3546,0.7608,568.0,0.0,0.0,-825.0,-825.0,38360.0,513.0,473.0,10.0,152.0,2.0,15.19,,
2004/05/26,28.5,28.7,28.1,28.1,1589.0,45256.0,0.0,0.5378,536.0,0.0,0.0,0.0,0.0,38290.0,507.0,575.0,20.0,137.0,5.0,15.19,,
2004/05/27,28.3,28.5,27.6,27.8,992.0,27612.0,-1.0676,0.3357,397.0,3.0,0.0,-333.0,-330.0,38458.0,470.0,302.0,15.0,122.0,0.0,15.03,,
2004/05/28,28.0,28.4,27.8,27.9,1792.0,50387.0,0.3597,0.6065,536.0,0.0,-100.0,0.0,-100.0,38671.0,726.0,512.0,2.0,132.0,12.0,15.08,,
2004/05/31,28.0,28.1,27.3,27.3,978.0,27116.0,-2.1505,0.331,355.0,0.0,-4.0,0.0,-4.0,38565.0,454.0,550.0,6.0,126.0,0.0,14.76,,
2004/06/01,27.4,27.6,26.8,26.8,788.0,21364.0,-1.8315,0.2667,330.0,0.0,-158.0,0.0,-158.0,38618.0,396.0,338.0,55.0,91.0,25.0,14.49,,
2004/06/02,26.5,27.0,26.5,26.6,807.0,21567.0,-0.7463,0.2731,307.0,0.0,0.0,0.0,0.0,38595.0,353.0,371.0,28.0,79.0,16.0,14.38,,
2004/06/03,26.6,26.9,26.0,26.0,851.0,22456.0,-2.2556,0.288,350.0,0.0,0.0,0.0,0.0,38351.0,271.0,511.0,21.0,74.0,16.0,14.05,,
2004/06/04,25.8,26.4,25.6,26.1,1054.0,27390.0,0.3846,0.3567,407.0,0.0,0.0,0.0,0.0,38370.0,459.0,439.0,17.0,93.0,36.0,14.11,,
2004/06/07,26.4,26.8,26.4,26.6,819.0,21767.0,1.9157,0.2772,333.0,0.0,0.0,0.0,0.0,38412.0,458.0,404.0,3.0,90.0,0.0,14.38,,
2004/06/08,27.0,27.0,26.5,26.6,752.0,20100.0,0.0,0.2545,332.0,-30.0,0.0,0.0,-30.0,38418.0,331.0,312.0,5.0,88.0,3.0,14.38,,
2004/06/09,26.8,27.1,26.6,26.7,1424.0,38233.0,0.3759,0.4819,497.0,-515.0,0.0,1.0,-514.0,38670.0,667.0,409.0,2.0,118.0,32.0,14.43,,
2004/06/10,26.4,26.5,25.6,26.3,1524.0,39739.0,-1.4981,0.5158,534.0,-531.0,0.0,0.0,-531.0,38606.0,466.0,530.0,63.0,55.0,0.0,14.22,,
2004/06/11,25.8,25.9,25.5,25.5,1892.0,48532.0,-3.0418,0.6403,579.0,-755.0,0.0,0.0,-755.0,38646.0,716.0,647.0,0.0,51.0,0.0,13.78,,
2004/06/14,25.6,25.7,23.8,23.8,1934.0,46947.0,-6.6667,0.6545,794.0,-552.0,0.0,0.0,-552.0,38572.0,902.0,960.0,17.0,49.0,15.0,12.86,,
2004/06/15,23.0,24.0,22.8,24.0,2405.0,56618.0,0.8403,0.8139,807.0,-335.0,0.0,-1.0,-336.0,37816.0,570.0,1297.0,15.0,118.0,84.0,12.97,,
2004/06/16,24.2,24.4,22.8,23.3,2221.0,52077.0,-2.9167,0.7517,675.0,-504.0,0.0,0.0,-504.0,37492.0,888.0,1190.0,12.0,109.0,3.0,12.59,,
2004/06/17,23.3,24.5,23.2,23.7,2946.0,69916.0,1.7167,0.997,1090.0,-496.0,0.0,0.0,-496.0,37602.0,906.0,734.0,48.0,134.0,73.0,12.81,,
2004/06/18,23.3,23.5,23.1,23.4,740.0,17243.0,-1.2658,0.2504,254.0,0.0,0.0,1.0,1.0,37408.0,220.0,399.0,44.0,90.0,0.0,12.65,,
2004/06/21,23.6,23.9,22.8,23.4,1404.0,32648.0,0.0,0.4752,351.0,0.0,0.0,1.0,1.0,37042.0,472.0,821.0,64.0,56.0,30.0,12.65,,
2004/06/23,23.4,24.0,23.4,23.4,1209.0,28600.0,0.0,0.4092,439.0,44.0,-200.0,1.0,-155.0,37198.0,518.0,335.0,8.0,56.0,8.0,12.65,,
2004/06/24,23.4,23.7,23.2,23.5,1454.0,34120.0,0.4274,0.4921,487.0,-517.0,-183.0,0.0,-700.0,37577.0,692.0,307.0,2.0,59.0,5.0,12.7,,
2004/06/25,23.5,23.6,23.2,23.2,1894.0,44273.0,-1.2766,0.641,545.0,-726.0,-167.0,-1.0,-894.0,38158.0,918.0,337.0,27.0,32.0,0.0,12.54,,
2004/06/28,23.2,23.2,22.5,22.7,1745.0,39776.0,-2.1552,0.5906,485.0,-615.0,0.0,0.0,-615.0,38027.0,566.0,690.0,13.0,24.0,5.0,12.27,,
2004/06/29,22.5,23.7,22.4,23.1,2877.0,66072.0,1.7621,0.9737,831.0,-1147.0,0.0,0.0,-1147.0,38574.0,1166.0,540.0,6.0,31.0,13.0,12.49,,
2004/06/30,23.3,23.5,22.6,22.7,2732.0,62991.0,-1.7316,0.9246,880.0,-848.0,0.0,2.0,-846.0,39065.0,1248.0,757.0,5.0,31.0,5.0,12.27,,
2004/07/01,22.7,23.0,22.4,22.6,2283.0,51701.0,-0.4405,0.7726,550.0,-739.0,0.0,0.0,-739.0,39199.0,895.0,728.0,2.0,36.0,7.0,12.22,,
2004/07/02,22.0,22.3,22.0,22.1,1126.0,24948.0,-2.2124,0.3811,416.0,-44.0,0.0,-1.0,-45.0,39005.0,510.0,700.0,3.0,33.0,0.0,11.95,,
2004/07/05,22.0,22.1,21.2,21.2,1413.0,30302.0,-4.0724,0.4782,463.0,-1.0,0.0,0.0,-1.0,38676.0,576.0,901.0,3.0,31.0,1.0,11.46,,
2004/07/06,22.6,22.6,21.7,22.5,4248.0,93891.0,6.1321,1.4376,1481.0,-22.0,-300.0,36.0,-286.0,38650.0,1220.0,1193.0,14.0,201.0,184.0,12.16,,
2004/07/07,21.8,22.3,21.8,22.0,1118.0,24719.0,-2.2222,0.3784,473.0,0.0,0.0,-1.0,-1.0,38567.0,510.0,565.0,41.0,160.0,0.0,11.89,,
2004/07/08,22.0,22.3,21.9,21.9,1472.0,32433.0,-0.4545,0.4982,421.0,0.0,0.0,-1.0,-1.0,38131.0,532.0,956.0,17.0,154.0,11.0,11.84,,
2004/07/09,22.0,22.5,21.9,22.3,1408.0,31352.0,1.8265,0.4765,474.0,0.0,0.0,0.0,0.0,37368.0,371.0,734.0,8.0,167.0,21.0,12.05,,
2004/07/12,22.6,22.7,22.1,22.5,1020.0,22909.0,0.8969,0.3452,420.0,0.0,32.0,0.0,32.0,37333.0,421.0,455.0,6.0,191.0,30.0,12.16,,
2004/07/13,22.3,22.4,22.0,22.0,580.0,12848.0,-2.2222,0.1963,215.0,0.0,0.0,0.0,0.0,37238.0,219.0,305.0,53.0,138.0,0.0,11.89,,
2004/07/14,21.8,22.2,21.7,21.8,655.0,14363.0,-0.9091,0.2217,266.0,0.0,0.0,-1.0,-1.0,37051.0,326.0,402.0,5.0,139.0,6.0,11.78,,
2004/07/15,21.8,21.8,21.1,21.2,799.0,17077.0,-2.7523,0.2704,361.0,8.0,0.0,-35.0,-27.0,36868.0,308.0,481.0,22.0,117.0,0.0,11.46,,
2004/07/16,21.0,21.5,20.5,20.8,1148.0,24194.0,-1.8868,0.3885,369.0,80.0,0.0,0.0,80.0,36635.0,259.0,452.0,2.0,131.0,21.0,11.24,,
2004/07/19,20.1,20.6,19.4,19.4,3422.0,67152.0,-6.7308,1.1581,859.0,100.0,0.0,1.0,101.0,35743.0,1536.0,2312.0,75.0,56.0,0.0,10.49,,
2004/07/20,18.6,19.0,18.1,18.1,3743.0,68338.0,-6.701,1.2667,902.0,300.0,0.0,0.0,300.0,35608.0,1781.0,1837.0,6.0,50.0,0.0,9.78,,
2004/07/21,18.2,19.0,18.2,18.9,3580.0,66713.0,4.4199,1.2116,1037.0,97.0,0.0,1.0,98.0,35021.0,1088.0,1402.0,1.0,83.0,34.0,10.22,,
2004/07/22,18.3,19.0,18.3,19.0,2333.0,43515.0,0.5291,0.7896,583.0,89.0,0.0,0.0,89.0,34505.0,989.0,1222.0,10.0,139.0,66.0,10.27,,
2004/07/23,19.0,19.4,18.8,18.8,2335.0,44606.0,-1.0526,0.7902,751.0,103.0,0.0,-1.0,102.0,34232.0,1122.0,1373.0,55.0,100.0,16.0,10.16,,
2004/07/26,18.6,18.7,18.4,18.5,950.0,17601.0,-1.5957,0.3215,338.0,0.0,0.0,0.0,0.0,33925.0,520.0,640.0,32.0,68.0,0.0,10.0,,
2004/07/27,18.6,19.1,18.4,19.1,1582.0,29807.0,3.2432,0.5354,537.0,18.0,0.0,4.0,22.0,33791.0,521.0,626.0,11.0,57.0,1.0,10.32,,
2004/07/28,19.3,19.6,19.1,19.3,3350.0,64892.0,1.0471,1.1337,822.0,11.0,0.0,-356.0,-345.0,33786.0,1458.0,1418.0,4.0,68.0,15.0,10.43,,
2004/07/29,19.2,19.3,18.7,18.7,995.0,18881.0,-3.1088,0.3367,358.0,0.0,0.0,-22.0,-22.0,33660.0,487.0,593.0,10.0,58.0,0.0,10.11,,
2004/07/30,18.8,19.2,18.8,19.0,1615.0,30775.0,1.6043,0.5466,410.0,0.0,-115.0,-102.0,-217.0,33574.0,659.0,719.0,6.0,72.0,20.0,10.27,,
2004/08/02,18.9,19.1,18.5,18.5,648.0,12120.0,-2.6316,0.2193,250.0,-54.0,0.0,-3.0,-57.0,33471.0,279.0,355.0,7.0,65.0,0.0,10.0,,
2004/08/03,18.6,18.8,18.4,18.8,802.0,14943.0,1.6216,0.2714,226.0,-130.0,0.0,0.0,-130.0,33217.0,130.0,323.0,0.0,76.0,11.0,10.16,,
2004/08/04,18.5,18.7,18.1,18.7,1789.0,33069.0,-0.5319,0.6054,375.0,-796.0,-105.0,-1.0,-902.0,32915.0,402.0,677.0,14.0,62.0,0.0,10.11,,
2004/08/05,18.8,19.3,18.2,19.3,3540.0,66749.0,3.2086,1.198,1022.0,-120.0,0.0,1.0,-119.0,33148.0,1240.0,996.0,25.0,71.0,34.0,10.43,,
2004/08/06,19.0,19.3,18.8,19.2,2390.0,45538.0,-0.5181,0.8088,776.0,300.0,0.0,-1.0,299.0,33094.0,1034.0,1074.0,32.0,39.0,0.0,10.38,,
2004/08/09,18.9,19.3,18.8,19.3,800.0,15257.0,0.5208,0.2707,258.0,0.0,0.0,0.0,0.0,32880.0,234.0,433.0,11.0,28.0,0.0,10.43,,
2004/08/10,19.1,19.2,18.8,19.1,1614.0,30659.0,-1.0363,0.5462,382.0,-2.0,0.0,-338.0,-340.0,33049.0,829.0,649.0,7.0,21.0,0.0,10.32,,
2004/08/11,19.1,19.1,18.6,18.9,2063.0,38830.0,-1.0471,0.6982,648.0,-103.0,0.0,-50.0,-153.0,33307.0,964.0,641.0,19.0,0.0,0.0,10.22,,
2004/08/12,18.6,18.9,18.2,18.4,1033.0,19059.0,-2.6455,0.3496,325.0,0.0,0.0,0.0,0.0,32755.0,0.0,407.0,0.0,0.0,0.0,9.95,,
2004/08/13,18.1,18.7,18.1,18.6,1165.0,21460.0,1.087,0.3943,297.0,0.0,0.0,0.0,0.0,32461.0,0.0,274.0,0.0,0.0,0.0,10.05,,
2004/08/16,18.5,18.5,18.2,18.4,2531.0,46416.0,-1.0753,0.8566,650.0,238.0,0.0,299.0,537.0,31165.0,0.0,1247.0,0.0,0.0,0.0,9.95,,
2004/08/17,17.1,17.8,16.8,17.6,6357.0,110307.0,4.2958,2.0574,1531.0,-220.0,0.0,-1200.0,-1420.0,30804.0,583.0,944.0,0.0,235.0,235.0,9.51,,
2004/08/18,17.6,17.7,17.1,17.6,3092.0,53934.0,0.0,1.0007,910.0,350.0,0.0,-500.0,-150.0,31209.0,916.0,498.0,151.0,89.0,10.0,9.94,,
2004/08/19,17.7,18.4,17.6,18.4,5003.0,90228.0,4.5455,1.6192,1285.0,160.0,0.0,-500.0,-340.0,31019.0,1230.0,1302.0,35.0,167.0,113.0,10.4,,
2004/08/20,18.4,18.6,18.0,18.3,2845.0,52040.0,-0.5435,0.9208,802.0,179.0,0.0,0.0,179.0,31346.0,1077.0,726.0,14.0,133.0,1.0,10.34,,
2004/08/23,18.4,18.8,18.1,18.4,3238.0,59838.0,0.5464,1.0479,999.0,0.0,-80.0,0.0,-80.0,31692.0,1422.0,1023.0,4.0,147.0,20.0,10.4,,
2004/08/26,18.6,18.9,18.4,18.5,3980.0,74084.0,0.5435,1.2881,1115.0,2.0,0.0,0.0,2.0,32371.0,2142.0,1319.0,9.0,194.0,90.0,10.45,,
2004/08/27,18.6,19.1,18.4,18.7,5722.0,108029.0,1.0811,1.8519,1531.0,0.0,0.0,0.0,0.0,32715.0,2475.0,2081.0,20.0,224.0,50.0,10.56,,
2004/08/30,18.9,19.2,18.7,19.0,2782.0,52709.0,1.6043,0.9004,661.0,0.0,-100.0,1.0,-99.0,33164.0,1451.0,998.0,21.0,219.0,16.0,10.73,,
2004/08/31,19.0,19.1,18.5,18.8,2081.0,39024.0,-1.0526,0.6735,583.0,1.0,100.0,8.0,109.0,32999.0,813.0,955.0,15.0,204.0,0.0,10.62,,
2004/09/01,18.9,19.0,18.5,18.8,2149.0,40240.0,0.0,0.6955,579.0,1.0,0.0,2.0,3.0,32848.0,748.0,874.0,6.0,198.0,0.0,10.62,,
2004/09/02,18.9,18.9,18.5,18.8,1133.0,21204.0,0.0,0.3667,361.0,-2.0,80.0,-1.0,77.0,32551.0,347.0,626.0,5.0,193.0,0.0,10.62,,
2004/09/03,18.9,19.3,18.7,18.8,5313.0,101160.0,0.0,1.7195,1221.0,-536.0,300.0,-1.0,-237.0,32665.0,1782.0,1642.0,13.0,221.0,41.0,10.62,,
2004/09/06,18.8,19.1,18.4,19.1,1549.0,29081.0,1.5957,0.5013,486.0,0.0,0.0,5.0,5.0,32516.0,456.0,604.0,22.0,205.0,6.0,10.79,,
2004/09/07,19.1,19.7,18.9,19.1,5880.0,113863.0,0.0,1.903,1625.0,0.0,0.0,-7.0,-7.0,32608.0,2127.0,2035.0,1.0,235.0,31.0,11.17,,
2004/09/08,19.3,19.4,18.8,18.8,1756.0,33482.0,-1.5707,0.5683,593.0,95.0,0.0,-2.0,93.0,32387.0,842.0,1035.0,19.0,216.0,0.0,10.99,,
2004/09/09,18.8,19.1,18.7,18.7,1249.0,23553.0,-0.5319,0.4042,376.0,0.0,-32.0,0.0,-32.0,32236.0,635.0,764.0,11.0,211.0,6.0,10.94,,
2004/09/10,19.0,19.0,18.6,18.6,1152.0,21590.0,-0.5348,0.3728,347.0,0.0,-1.0,-1.0,-2.0,32343.0,623.0,470.0,6.0,227.0,22.0,10.88,,
2004/09/13,18.7,18.9,18.6,18.6,1417.0,26555.0,0.0,0.4586,415.0,17.0,0.0,0.0,17.0,32334.0,670.0,598.0,13.0,204.0,0.0,10.88,,
2004/09/14,18.6,18.9,18.6,18.7,1044.0,19613.0,0.5376,0.3379,348.0,0.0,90.0,0.0,90.0,32142.0,273.0,453.0,0.0,208.0,4.0,10.94,,
2004/09/15,18.9,19.1,18.7,18.9,2332.0,44233.0,1.0695,0.7547,743.0,0.0,0.0,0.0,0.0,32089.0,989.0,1018.0,0.0,242.0,34.0,11.05,,
2004/09/16,18.9,19.0,18.7,18.8,952.0,17931.0,-0.5291,0.3081,341.0,0.0,0.0,-2.0,-2.0,32034.0,408.0,453.0,13.0,229.0,0.0,10.99,,
2004/09/17,19.0,19.0,18.5,18.8,1402.0,26106.0,0.0,0.4537,408.0,0.0,0.0,0.0,0.0,31835.0,401.0,493.0,47.0,182.0,0.0,10.99,,
2004/09/20,18.8,19.0,18.4,18.7,1606.0,29991.0,-0.5319,0.5198,460.0,95.0,10.0,-1.0,104.0,31574.0,392.0,599.0,17.0,177.0,12.0,10.94,,
2004/09/21,18.8,18.9,18.4,18.4,1900.0,35353.0,-1.6043,0.6149,457.0,0.0,-587.0,0.0,-587.0,31593.0,437.0,415.0,11.0,166.0,0.0,10.76,,
2004/09/22,18.4,18.6,18.2,18.4,1634.0,30004.0,0.0,0.5288,469.0,0.0,-122.0,-1.0,-123.0,31227.0,497.0,595.0,0.0,171.0,5.0,10.76,,
2004/09/23,18.4,18.4,18.1,18.4,1206.0,22068.0,0.0,0.3903,318.0,0.0,12.0,0.0,12.0,30795.0,234.0,639.0,29.0,143.0,1.0,10.76,,
2004/09/24,18.5,18.8,18.4,18.6,2131.0,39552.0,1.087,0.6897,620.0,0.0,2.0,0.0,2.0,30846.0,622.0,530.0,0.0,180.0,37.0,10.88,,
2004/09/27,18.6,18.7,18.1,18.1,1359.0,24793.0,-2.6882,0.4398,370.0,-425.0,-135.0,0.0,-560.0,30783.0,470.0,521.0,37.0,143.0,0.0,10.58,,
2004/09/29,18.1,18.2,17.4,18.0,1567.0,27959.0,-0.5525,0.5071,510.0,-75.0,0.0,0.0,-75.0,30369.0,399.0,753.0,100.0,78.0,35.0,10.53,,
2004/09/30,17.8,18.1,17.7,17.9,924.0,16522.0,-0.5556,0.299,304.0,174.0,0.0,2.0,176.0,30179.0,309.0,436.0,0.0,79.0,1.0,10.47,,
2004/10/01,17.9,18.0,17.6,17.7,891.0,15826.0,-1.1173,0.2884,324.0,44.0,0.0,3.0,47.0,30164.0,211.0,203.0,2.0,77.0,0.0,10.35,,
2004/10/04,18.1,18.7,17.9,18.7,3519.0,64778.0,5.6497,1.1389,1064.0,30.0,1.0,13.0,44.0,30490.0,1218.0,878.0,40.0,80.0,43.0,10.94,,
2004/10/05,18.7,18.9,18.5,18.5,1937.0,36147.0,-1.0695,0.6269,613.0,240.0,0.0,2.0,242.0,30279.0,886.0,1063.0,40.0,40.0,0.0,10.82,,
2004/10/06,18.6,19.0,18.5,18.6,3460.0,65010.0,0.5405,1.1198,961.0,32.0,-1.0,2.0,33.0,30818.0,1543.0,967.0,1.0,89.0,50.0,10.88,,
2004/10/07,18.9,19.2,18.7,18.8,4139.0,78498.0,1.0753,1.3395,1097.0,125.0,-1.0,0.0,124.0,30589.0,1176.0,1397.0,0.0,100.0,11.0,10.99,,
2004/10/08,18.8,19.1,18.5,18.5,1670.0,31271.0,-1.5957,0.5405,546.0,74.0,0.0,19.0,93.0,30864.0,769.0,490.0,9.0,93.0,2.0,10.82,,
2004/10/11,18.7,18.7,18.4,18.5,805.0,14967.0,0.0,0.2605,296.0,45.0,0.0,5.0,50.0,30808.0,369.0,392.0,1.0,93.0,1.0,10.82,,
2004/10/12,18.5,18.7,18.3,18.3,921.0,17070.0,-1.0811,0.2981,325.0,-177.0,0.0,4.0,-173.0,30672.0,346.0,372.0,0.0,93.0,0.0,10.7,,
2004/10/13,18.3,18.5,18.0,18.1,881.0,16071.0,-1.0929,0.2851,300.0,37.0,0.0,6.0,43.0,30522.0,400.0,539.0,0.0,92.0,3.0,10.58,,
2004/10/14,18.1,18.1,17.6,17.7,1422.0,25355.0,-2.2099,0.4602,528.0,0.0,-1.0,3.0,2.0,30554.0,611.0,569.0,51.0,41.0,0.0,10.35,,
2004/10/15,17.7,17.9,17.3,17.7,1392.0,24433.0,0.0,0.4505,528.0,0.0,0.0,-14.0,-14.0,30673.0,576.0,454.0,1.0,39.0,5.0,10.35,,
2004/10/18,17.7,17.7,17.2,17.6,754.0,13172.0,-0.565,0.244,297.0,0.0,-7.0,1.0,-6.0,30553.0,209.0,323.0,1.0,41.0,4.0,10.29,,
2004/10/19,17.6,17.8,17.4,17.6,906.0,15965.0,0.0,0.2932,446.0,0.0,-1.0,0.0,-1.0,30430.0,261.0,372.0,0.0,36.0,1.0,10.29,,
2004/10/20,17.6,17.7,17.5,17.6,505.0,8871.0,0.0,0.1634,256.0,-71.0,0.0,-14.0,-85.0,30420.0,155.0,146.0,4.0,33.0,1.0,10.29,,
2004/10/21,17.5,17.8,17.4,17.5,784.0,13810.0,-0.5682,0.2537,291.0,-83.0,1.0,-60.0,-142.0,30262.0,187.0,254.0,5.0,35.0,7.0,10.23,,
2004/10/22,17.5,17.8,17.4,17.4,492.0,8645.0,-0.5714,0.1592,241.0,0.0,0.0,0.0,0.0,30146.0,146.0,254.0,3.0,32.0,0.0,10.18,,
2004/10/26,17.4,17.4,16.4,16.5,1074.0,17988.0,-5.1724,0.3476,371.0,-55.0,0.0,-4.0,-59.0,29972.0,328.0,465.0,15.0,17.0,0.0,9.65,,
2004/10/27,16.5,16.7,16.4,16.4,553.0,9155.0,-0.6061,0.179,270.0,0.0,0.0,3.0,3.0,29900.0,185.0,219.0,1.0,75.0,60.0,9.59,,
2004/10/28,16.8,16.8,16.6,16.7,522.0,8720.0,1.8293,0.1689,226.0,0.0,0.0,0.0,0.0,29886.0,204.0,163.0,2.0,176.0,103.0,9.77,,
2004/10/29,16.8,16.9,16.5,16.5,466.0,7779.0,-1.1976,0.1508,256.0,-31.0,1.0,0.0,-30.0,29847.0,208.0,230.0,39.0,162.0,25.0,9.65,,
2004/11/01,17.6,17.6,16.6,16.7,1263.0,21445.0,1.2121,0.4088,483.0,-1.0,0.0,0.0,-1.0,29856.0,522.0,468.0,2.0,214.0,54.0,9.77,,
2004/11/02,15.8,16.9,15.8,16.9,2051.0,34128.0,1.1976,0.6638,433.0,-24.0,0.0,0.0,-24.0,29628.0,357.0,481.0,91.0,193.0,70.0,11.99,,
2004/11/03,16.9,17.1,16.7,17.0,1116.0,18931.0,0.5917,0.3612,416.0,0.0,0.0,-1.0,-1.0,29514.0,434.0,543.0,14.0,202.0,23.0,12.06,,
2004/11/04,17.2,17.2,16.7,16.7,633.0,10725.0,-1.7647,0.2049,290.0,-73.0,0.0,-2.0,-75.0,29623.0,376.0,251.0,16.0,196.0,10.0,11.84,,
2004/11/05,17.0,17.3,16.9,17.1,1887.0,32297.0,2.3952,0.6107,665.0,-32.0,0.0,1.0,-31.0,30083.0,988.0,518.0,10.0,274.0,88.0,12.13,,
2004/11/08,17.1,17.2,16.8,16.8,1065.0,18106.0,-1.7544,0.3447,315.0,-7.0,-1.0,0.0,-8.0,30359.0,599.0,320.0,18.0,255.0,0.0,11.91,,
2004/11/09,16.9,17.0,16.7,17.0,316.0,5347.0,1.1905,0.1023,154.0,0.0,0.0,0.0,0.0,30224.0,68.0,198.0,1.0,254.0,0.0,12.06,,
2004/11/10,17.0,17.1,16.8,16.8,604.0,10201.0,-1.1765,0.1955,192.0,0.0,0.0,0.0,0.0,30147.0,241.0,313.0,42.0,212.0,0.0,11.91,,
2004/11/11,16.8,16.9,16.6,16.9,307.0,5160.0,0.5952,0.0994,128.0,0.0,0.0,2.0,2.0,30092.0,110.0,165.0,0.0,222.0,10.0,11.99,,
2004/11/12,16.9,17.0,16.7,16.7,457.0,7693.0,-1.1834,0.1479,182.0,0.0,0.0,0.0,0.0,30147.0,167.0,102.0,42.0,180.0,0.0,11.84,,
2004/11/15,16.8,16.9,16.5,16.5,248.0,4138.0,-1.1976,0.0803,136.0,0.0,0.0,3.0,3.0,30137.0,94.0,93.0,3.0,178.0,1.0,11.7,,
2004/11/16,16.6,17.3,16.5,17.2,2544.0,43435.0,4.2424,0.8233,929.0,0.0,0.0,0.0,0.0,30467.0,1101.0,761.0,30.0,257.0,109.0,12.2,,
2004/11/17,17.2,17.7,17.0,17.6,3256.0,56902.0,2.3256,1.0538,876.0,68.0,0.0,0.0,68.0,30575.0,1037.0,928.0,80.0,179.0,2.0,12.48,,
2004/11/18,17.7,17.7,17.3,17.3,1683.0,29471.0,-1.7045,0.5447,555.0,94.0,-265.0,7.0,-164.0,30855.0,838.0,558.0,50.0,153.0,24.0,12.27,,
2004/11/19,17.4,17.5,17.2,17.2,736.0,12739.0,-0.578,0.2382,283.0,32.0,-1.0,0.0,31.0,30703.0,215.0,327.0,55.0,142.0,44.0,12.2,,
2004/11/22,17.0,17.0,16.6,16.6,1245.0,20905.0,-3.4884,0.4029,428.0,0.0,0.0,-9.0,-9.0,30556.0,525.0,672.0,28.0,114.0,0.0,11.77,,
2004/11/23,16.7,16.9,16.6,16.6,699.0,11696.0,0.0,0.2262,239.0,0.0,1.0,-4.0,-3.0,30502.0,252.0,306.0,23.0,102.0,11.0,11.77,,
2004/11/24,16.8,16.9,16.7,16.7,337.0,5665.0,0.6024,0.1091,163.0,0.0,0.0,0.0,0.0,30470.0,132.0,163.0,1.0,101.0,0.0,11.84,,
2004/11/25,16.8,16.9,16.6,16.6,410.0,6856.0,-0.5988,0.1327,168.0,0.0,0.0,0.0,0.0,30387.0,142.0,215.0,0.0,101.0,0.0,11.77,,
2004/11/26,16.4,16.7,15.9,16.0,1762.0,28725.0,-3.6145,0.5703,616.0,69.0,0.0,-7.0,62.0,30245.0,603.0,704.0,71.0,55.0,25.0,11.35,,
2004/11/29,16.1,16.4,15.9,16.1,1205.0,19403.0,0.625,0.39,346.0,21.0,1.0,-2.0,20.0,30186.0,335.0,376.0,18.0,65.0,28.0,11.42,,
2004/11/30,16.0,16.3,15.9,16.1,425.0,6838.0,0.0,0.1375,205.0,0.0,0.0,-2.0,-2.0,30159.0,120.0,147.0,1.0,64.0,0.0,11.42,,
2004/12/01,16.1,16.2,15.8,15.8,593.0,9491.0,-1.8634,0.1919,209.0,-27.0,1.0,-7.0,-33.0,30096.0,164.0,227.0,5.0,59.0,0.0,11.21,,
2004/12/02,16.1,16.2,15.9,16.0,413.0,6611.0,1.2658,0.1337,153.0,24.0,0.0,0.0,24.0,30175.0,192.0,102.0,4.0,56.0,1.0,11.35,,
2004/12/03,16.0,16.7,15.9,16.7,927.0,15125.0,4.375,0.3,319.0,-14.0,0.0,0.0,-14.0,29929.0,123.0,369.0,10.0,90.0,44.0,11.84,,
2004/12/06,16.5,16.7,16.2,16.7,694.0,11480.0,0.0,0.2246,236.0,77.0,0.0,-2.0,75.0,29936.0,247.0,230.0,23.0,67.0,0.0,11.84,,
2004/12/07,16.7,16.9,16.5,16.7,743.0,12383.0,0.0,0.2405,371.0,-40.0,0.0,-1.0,-41.0,29937.0,264.0,263.0,0.0,92.0,25.0,11.84,,
2004/12/08,16.5,16.6,16.3,16.3,238.0,3915.0,-2.3952,0.077,154.0,-17.0,0.0,-1.0,-18.0,29882.0,62.0,112.0,25.0,67.0,0.0,11.56,,
2004/12/09,16.5,16.6,16.3,16.3,502.0,8273.0,0.0,0.1625,199.0,-40.0,200.0,0.0,160.0,29766.0,84.0,185.0,1.0,65.0,4.0,11.56,,
2004/12/10,16.6,16.6,16.3,16.3,421.0,6917.0,0.0,0.1363,150.0,-3.0,0.0,-4.0,-7.0,29767.0,224.0,213.0,0.0,76.0,11.0,11.56,,
2004/12/13,16.4,16.7,16.3,16.3,836.0,13774.0,0.0,0.2706,271.0,-25.0,0.0,0.0,-25.0,29900.0,346.0,211.0,0.0,81.0,5.0,11.56,,
2004/12/14,16.6,16.6,16.3,16.4,661.0,10884.0,0.6135,0.2139,181.0,0.0,200.0,0.0,200.0,29835.0,157.0,208.0,4.0,77.0,0.0,11.63,,
2004/12/15,16.5,17.0,16.5,16.9,3702.0,62399.0,3.0488,1.1981,1196.0,0.0,200.0,0.0,200.0,30645.0,1564.0,754.0,4.0,90.0,17.0,11.99,,
2004/12/16,16.7,17.0,16.5,17.0,4078.0,68599.0,0.5917,1.3198,1308.0,0.0,0.0,-2.0,-2.0,31361.0,1496.0,771.0,26.0,170.0,106.0,12.06,,
2004/12/17,17.0,17.0,16.5,16.7,2158.0,36015.0,-1.7647,0.6984,837.0,-4.0,0.0,1.0,-3.0,31610.0,951.0,695.0,17.0,153.0,0.0,11.84,,
2004/12/20,16.5,16.6,16.3,16.3,959.0,15773.0,-2.3952,0.3104,295.0,0.0,0.0,1.0,1.0,31334.0,235.0,511.0,100.0,53.0,0.0,11.56,,
2004/12/21,16.3,16.5,16.2,16.2,761.0,12413.0,-0.6135,0.2463,302.0,0.0,0.0,0.0,0.0,31233.0,350.0,451.0,0.0,57.0,5.0,11.49,,
2004/12/22,16.5,16.5,16.2,16.3,564.0,9218.0,0.6173,0.1825,198.0,0.0,0.0,0.0,0.0,31192.0,219.0,260.0,5.0,61.0,9.0,11.56,,
2004/12/23,16.3,16.4,16.1,16.1,499.0,8094.0,-1.227,0.1615,230.0,0.0,0.0,0.0,0.0,31077.0,113.0,228.0,4.0,57.0,0.0,11.42,,
2004/12/24,16.1,16.3,16.1,16.2,747.0,12100.0,0.6211,0.2418,242.0,-4.0,-1.0,1.0,-4.0,31214.0,300.0,152.0,10.0,51.0,4.0,11.49,,
2004/12/27,16.2,16.2,16.0,16.0,283.0,4543.0,-1.2346,0.0916,156.0,0.0,0.0,0.0,0.0,31282.0,145.0,77.0,1.0,52.0,2.0,11.35,,
2004/12/28,15.8,16.1,15.8,16.1,1040.0,16590.0,0.625,0.3366,354.0,4.0,-1.0,0.0,3.0,31202.0,251.0,227.0,10.0,46.0,4.0,11.42,,
2004/12/29,16.2,16.6,16.1,16.3,4001.0,65819.0,1.2422,1.2949,745.0,24.0,0.0,1.0,25.0,31512.0,922.0,558.0,2.0,46.0,6.0,11.56,,
2004/12/30,16.5,16.6,16.2,16.3,1990.0,32629.0,0.0,0.644,401.0,-392.0,0.0,0.0,-392.0,31676.0,502.0,283.0,0.0,46.0,0.0,11.56,,
2004/12/31,16.4,16.5,16.3,16.3,1980.0,32473.0,0.0,0.6408,369.0,23.0,0.0,0.0,23.0,32042.0,619.0,248.0,0.0,76.0,30.0,11.56,,
2005/01/03,16.5,16.7,16.4,16.6,1460.0,24157.0,1.8405,0.4725,383.0,0.0,-1.0,522.0,521.0,31730.0,418.0,708.0,30.0,51.0,5.0,11.77,,
2005/01/04,16.7,16.7,16.2,16.3,585.0,9577.0,-1.8072,0.1893,219.0,0.0,0.0,120.0,120.0,31572.0,209.0,211.0,0.0,52.0,1.0,11.56,,
2005/01/05,16.2,16.4,16.1,16.2,558.0,9079.0,-0.6135,0.1806,190.0,0.0,0.0,50.0,50.0,31580.0,173.0,157.0,0.0,62.0,10.0,11.49,,
2005/01/06,16.2,16.3,16.1,16.2,560.0,9065.0,0.0,0.1812,180.0,15.0,0.0,0.0,15.0,31424.0,165.0,254.0,1.0,66.0,5.0,11.49,,
2005/01/07,16.4,16.4,15.9,16.0,899.0,14431.0,-1.2346,0.291,269.0,73.0,0.0,41.0,114.0,31175.0,306.0,518.0,15.0,51.0,0.0,11.35,,
2005/01/10,16.2,16.2,16.0,16.0,506.0,8146.0,0.0,0.1638,189.0,179.0,0.0,1.0,180.0,30971.0,61.0,241.0,5.0,67.0,21.0,11.35,,
2005/01/11,16.0,16.2,16.0,16.0,302.0,4858.0,0.0,0.0977,125.0,12.0,0.0,0.0,12.0,30882.0,68.0,118.0,10.0,68.0,11.0,11.35,,
2005/01/12,16.0,16.0,15.7,15.9,835.0,13241.0,-0.625,0.2702,290.0,0.0,0.0,0.0,0.0,30749.0,304.0,409.0,18.0,50.0,0.0,11.28,,
2005/01/13,15.9,16.0,14.85,15.9,2448.0,38045.0,0.0,0.7923,628.0,0.0,0.0,-1.0,-1.0,30043.0,576.0,1255.0,15.0,72.0,37.0,11.28,,
2005/01/14,15.5,15.8,15.5,15.7,776.0,12125.0,-1.2579,0.2511,283.0,55.0,0.0,0.0,55.0,29684.0,199.0,532.0,30.0,42.0,0.0,11.13,,
2005/01/17,15.9,16.2,15.7,15.8,788.0,12621.0,0.6369,0.255,264.0,0.0,0.0,0.0,0.0,29508.0,127.0,243.0,4.0,73.0,35.0,11.21,,
2005/01/18,16.0,16.0,15.7,15.8,514.0,8149.0,0.0,0.1664,162.0,0.0,-1.0,0.0,-1.0,29416.0,92.0,174.0,31.0,75.0,33.0,11.21,,
2005/01/19,15.8,15.8,15.3,15.5,743.0,11536.0,-1.8987,0.2405,303.0,0.0,0.0,0.0,0.0,29307.0,214.0,323.0,33.0,42.0,0.0,10.99,,
2005/01/20,15.1,15.8,15.1,15.5,546.0,8448.0,0.0,0.1767,226.0,-69.0,0.0,-1.0,-70.0,29200.0,106.0,88.0,5.0,38.0,1.0,10.99,,
2005/01/21,15.4,15.5,15.1,15.5,479.0,7347.0,0.0,0.155,189.0,0.0,-100.0,-1.0,-101.0,29204.0,123.0,81.0,5.0,49.0,16.0,10.99,,
2005/01/24,15.5,15.5,14.9,15.1,422.0,6391.0,-2.5806,0.1366,160.0,0.0,-100.0,0.0,-100.0,29164.0,108.0,110.0,16.0,33.0,0.0,10.71,,
2005/01/25,15.1,15.1,14.55,14.85,1204.0,17814.0,-1.6556,0.3897,351.0,0.0,-100.0,0.0,-100.0,28946.0,336.0,520.0,0.0,33.0,0.0,10.53,,
2005/01/26,14.85,14.95,14.7,14.85,934.0,13873.0,0.0,0.3023,300.0,0.0,-100.0,0.0,-100.0,29085.0,349.0,205.0,4.0,95.0,66.0,10.53,,
2005/01/27,14.8,14.85,14.5,14.5,1034.0,15124.0,-2.3569,0.3346,336.0,-15.0,-200.0,-1.0,-216.0,29238.0,442.0,245.0,4.0,91.0,0.0,10.28,,
2005/01/28,14.85,15.5,14.65,15.4,4884.0,74495.0,6.2069,1.5806,1304.0,84.0,0.0,-1.0,83.0,29004.0,950.0,1179.0,0.0,828.0,737.0,10.92,,
2005/01/31,15.4,16.2,15.4,15.9,5901.0,93356.0,3.2468,1.9098,1446.0,-150.0,0.0,-594.0,-744.0,29631.0,1615.0,987.0,269.0,691.0,132.0,11.28,,
2005/02/01,15.9,15.9,15.5,15.6,1277.0,19935.0,-1.8868,0.4133,388.0,0.0,0.0,-63.0,-63.0,29429.0,498.0,695.0,289.0,402.0,0.0,11.06,,
2005/02/02,15.5,15.8,15.3,15.6,2880.0,44839.0,0.0,0.9321,753.0,-158.0,0.0,-79.0,-237.0,29227.0,853.0,1050.0,43.0,390.0,31.0,11.06,,
2005/02/03,15.6,15.7,15.4,15.6,1188.0,18485.0,0.0,0.3845,348.0,0.0,0.0,0.0,0.0,28725.0,273.0,506.0,105.0,285.0,0.0,11.06,,
2005/02/14,15.8,15.9,15.5,15.7,932.0,14594.0,0.641,0.3016,302.0,0.0,0.0,11.0,11.0,28645.0,321.0,401.0,2.0,283.0,0.0,11.13,,
2005/02/15,15.7,15.8,15.5,15.5,574.0,8962.0,-1.2739,0.1858,216.0,-43.0,-4.0,0.0,-47.0,28731.0,308.0,204.0,0.0,283.0,0.0,10.99,,
2005/02/16,15.6,16.2,15.5,16.1,2952.0,47213.0,3.871,0.9554,805.0,0.0,-1.0,0.0,-1.0,28948.0,1159.0,937.0,1.0,325.0,43.0,11.42,,
2005/02/17,16.3,16.7,16.2,16.2,3146.0,51710.0,0.6211,1.0182,1077.0,-97.0,-1.0,-3.0,-101.0,29148.0,1481.0,1259.0,22.0,343.0,40.0,11.49,,
2005/02/18,16.3,16.7,16.3,16.3,2696.0,44295.0,0.6173,0.8725,612.0,0.0,-1.0,0.0,-1.0,29283.0,1567.0,1417.0,21.0,346.0,24.0,11.56,,
2005/02/21,16.3,16.7,16.3,16.3,2495.0,41155.0,0.0,0.8075,627.0,0.0,-1.0,-1.0,-2.0,29299.0,1044.0,963.0,0.0,352.0,6.0,11.56,,
2005/02/22,16.3,16.5,15.5,15.5,1273.0,20496.0,-4.908,0.412,427.0,-4.0,-3.0,-6.0,-13.0,29389.0,764.0,538.0,25.0,351.0,25.0,10.99,,
2005/02/23,15.5,16.5,15.5,16.5,4291.0,69600.0,6.4516,1.3887,1134.0,-24.0,-2.0,-2.0,-28.0,29694.0,2056.0,1724.0,8.0,513.0,174.0,11.7,,
2005/02/24,16.9,17.6,16.9,17.6,14787.0,257935.0,6.6667,4.7856,3466.0,-13.0,-2.0,-2.0,-17.0,30856.0,5809.0,4646.0,48.0,827.0,362.0,12.48,,
2005/02/25,17.9,17.9,17.2,17.4,7006.0,122867.0,-1.1364,2.2674,1863.0,-9.0,0.0,0.0,-9.0,30321.0,3064.0,3585.0,147.0,708.0,28.0,12.34,,
2005/03/01,17.6,17.6,17.1,17.15,2801.0,48561.0,-1.4368,0.9065,880.0,0.0,-1.0,-1.0,-2.0,30048.0,1232.0,1450.0,95.0,622.0,20.0,12.16,,
2005/03/02,17.1,17.5,17.1,17.1,3367.0,58266.0,-0.2915,1.0897,931.0,0.0,-2.0,0.0,-2.0,30214.0,1352.0,1183.0,27.0,612.0,24.0,12.13,,
2005/03/03,17.1,17.2,16.6,17.0,2737.0,45987.0,-0.5848,0.8858,802.0,0.0,0.0,0.0,0.0,30082.0,1263.0,1326.0,134.0,460.0,2.0,12.06,,
2005/03/04,17.0,17.1,16.7,16.8,2326.0,39396.0,-1.1765,0.7528,653.0,0.0,0.0,10.0,10.0,30128.0,1192.0,1122.0,56.0,424.0,20.0,11.91,,
2005/03/07,16.8,17.05,16.8,16.8,2150.0,36370.0,0.0,0.6958,566.0,0.0,0.0,4.0,4.0,30017.0,1133.0,1171.0,16.0,406.0,0.0,11.91,,
2005/03/08,16.85,17.3,16.85,16.95,4111.0,70410.0,0.8929,1.3305,1050.0,350.0,0.0,0.0,350.0,29614.0,1609.0,1956.0,6.0,448.0,48.0,12.02,,
2005/03/09,17.05,17.4,17.0,17.4,3518.0,60653.0,2.6549,1.1386,825.0,0.0,0.0,0.0,0.0,29786.0,1422.0,1243.0,16.0,447.0,17.0,12.34,,
2005/03/10,17.3,17.4,17.0,17.05,1974.0,33865.0,-2.0115,0.6389,661.0,-3.0,-2.0,2.0,-3.0,29919.0,926.0,790.0,22.0,431.0,6.0,12.09,,
2005/03/11,17.2,17.6,17.1,17.1,3728.0,64594.0,0.2933,1.2065,1002.0,-352.0,0.0,0.0,-352.0,30300.0,1574.0,1185.0,8.0,427.0,11.0,12.13,,
2005/03/14,17.0,17.1,16.7,16.7,2004.0,33767.0,-2.3392,0.6486,576.0,0.0,0.0,8.0,8.0,29865.0,875.0,1275.0,63.0,362.0,0.0,11.84,,
2005/03/15,16.9,16.9,16.0,16.0,2228.0,36460.0,-4.1916,0.7211,680.0,16.0,0.0,4.0,20.0,29443.0,959.0,1343.0,114.0,267.0,23.0,11.35,,
2005/03/16,16.0,16.2,15.8,15.8,1113.0,17799.0,-1.25,0.3602,413.0,0.0,0.0,0.0,0.0,29251.0,456.0,637.0,34.0,270.0,37.0,11.21,,
2005/03/17,15.7,16.05,15.7,15.95,853.0,13585.0,0.9494,0.2761,301.0,-90.0,0.0,0.0,-90.0,29149.0,255.0,273.0,2.0,276.0,8.0,11.31,,
2005/03/18,15.95,15.95,15.6,15.65,773.0,12164.0,-1.8809,0.2502,280.0,-12.0,0.0,0.0,-12.0,29179.0,314.0,281.0,37.0,239.0,0.0,11.1,,
2005/03/21,15.6,16.15,15.6,15.7,1258.0,20009.0,0.3195,0.4071,425.0,-10.0,0.0,0.0,-10.0,29150.0,484.0,441.0,6.0,233.0,0.0,11.13,,
2005/03/22,15.75,16.0,15.7,15.8,1070.0,16974.0,0.6369,0.3463,317.0,332.0,0.0,0.0,332.0,29019.0,376.0,487.0,20.0,330.0,117.0,11.21,,
2005/03/23,16.0,16.15,15.8,16.0,1017.0,16299.0,1.2658,0.3291,337.0,253.0,0.0,0.0,253.0,28815.0,202.0,405.0,110.0,237.0,17.0,11.35,,
2005/03/24,16.2,16.3,15.8,15.9,977.0,15693.0,-0.625,0.3162,312.0,0.0,0.0,0.0,0.0,28656.0,432.0,571.0,36.0,207.0,6.0,11.28,,
2005/03/25,15.8,16.0,15.8,15.85,575.0,9153.0,-0.3145,0.1861,201.0,0.0,0.0,0.0,0.0,28584.0,175.0,246.0,28.0,180.0,1.0,11.24,,
2005/03/28,16.1,16.5,16.1,16.4,2552.0,41699.0,3.47,0.8259,810.0,-4.0,0.0,0.0,-4.0,28507.0,846.0,898.0,10.0,181.0,11.0,11.63,,
2005/03/29,16.3,16.4,15.85,15.9,1169.0,18783.0,-3.0488,0.3783,376.0,16.0,0.0,0.0,16.0,28431.0,471.0,547.0,6.0,175.0,0.0,11.28,,
2005/03/30,15.9,16.0,15.65,15.7,1032.0,16292.0,-1.2579,0.334,326.0,44.0,0.0,1.0,45.0,28401.0,354.0,369.0,18.0,157.0,0.0,11.13,,
2005/03/31,15.9,16.0,15.75,15.8,655.0,10369.0,0.6369,0.212,224.0,4.0,0.0,0.0,4.0,28477.0,270.0,189.0,6.0,202.0,51.0,11.21,,
2005/04/01,15.95,15.95,15.7,15.95,742.0,11743.0,0.9494,0.2401,183.0,0.0,0.0,0.0,0.0,28304.0,148.0,315.0,70.0,132.0,0.0,11.31,,
2005/04/04,16.0,16.0,15.75,15.8,722.0,11479.0,-0.9404,0.2337,214.0,6.0,0.0,-22.0,-16.0,28186.0,237.0,350.0,70.0,62.0,0.0,11.21,,
2005/04/06,15.8,16.75,15.75,16.6,3316.0,54430.0,5.0633,1.0732,991.0,0.0,0.0,0.0,0.0,28587.0,1678.0,1243.0,23.0,39.0,0.0,11.77,,
2005/04/07,16.7,16.7,16.1,16.1,2720.0,44779.0,-3.012,0.8803,758.0,0.0,0.0,0.0,0.0,28536.0,1342.0,1388.0,39.0,0.0,0.0,11.42,,
2005/04/08,16.2,16.35,16.1,16.2,1044.0,16933.0,0.6211,0.3379,286.0,0.0,0.0,0.0,0.0,27799.0,0.0,715.0,0.0,0.0,0.0,11.49,,
2005/04/11,16.3,16.4,15.8,16.0,904.0,14478.0,-1.2346,0.2926,304.0,0.0,0.0,0.0,0.0,27316.0,0.0,460.0,0.0,0.0,0.0,11.35,,
2005/04/12,16.0,16.3,15.8,16.2,721.0,11574.0,1.25,0.2333,262.0,0.0,0.0,0.0,0.0,27024.0,0.0,213.0,0.0,0.0,0.0,11.49,,
2005/04/13,16.25,16.35,16.0,16.0,1378.0,22296.0,-1.2346,0.446,416.0,0.0,0.0,0.0,0.0,27482.0,1015.0,477.0,0.0,2.0,2.0,11.35,,
2005/04/14,15.85,16.1,15.85,15.9,858.0,13700.0,-0.625,0.2777,327.0,50.0,0.0,0.0,50.0,27366.0,377.0,466.0,0.0,8.0,6.0,11.28,,
2005/04/15,15.85,16.05,15.45,15.45,1250.0,19660.0,-2.8302,0.4045,448.0,4.0,0.0,-7.0,-3.0,26933.0,577.0,854.0,0.0,6.0,0.0,10.96,,
2005/04/18,15.3,15.3,14.4,15.0,2378.0,35223.0,-2.9126,0.7696,645.0,16.0,0.0,0.0,16.0,26070.0,801.0,1503.0,0.0,6.0,0.0,10.64,,
2005/04/19,14.85,15.0,14.7,14.7,1410.0,20914.0,-2.0,0.4563,417.0,0.0,1.0,0.0,1.0,26342.0,674.0,329.0,0.0,18.0,12.0,10.43,,
2005/04/20,14.8,14.9,14.25,14.25,1743.0,25344.0,-3.0612,0.5641,427.0,0.0,0.0,-1.0,-1.0,26428.0,1196.0,1087.0,0.0,33.0,15.0,10.11,,
2005/04/21,14.2,14.8,14.05,14.55,1464.0,21123.0,2.1053,0.4738,438.0,-113.0,1.0,1.0,-111.0,26527.0,916.0,774.0,5.0,63.0,35.0,10.32,,
2005/04/22,14.7,14.75,14.2,14.2,822.0,11933.0,-2.4055,0.266,277.0,3.0,0.0,-1.0,2.0,26502.0,383.0,305.0,0.0,315.0,252.0,10.07,,
2005/04/25,14.2,14.6,13.65,14.6,1182.0,16690.0,2.8169,0.3825,395.0,0.0,0.0,0.0,0.0,25993.0,226.0,626.0,68.0,269.0,22.0,10.35,,
2005/04/26,14.6,14.7,14.5,14.55,1172.0,17105.0,-0.3425,0.3793,350.0,-8.0,1.0,0.0,-7.0,26106.0,752.0,485.0,6.0,159.0,45.0,10.32,,
2005/04/27,14.6,15.05,14.6,14.8,2296.0,34065.0,1.7182,0.7431,617.0,30.0,0.0,0.0,30.0,25746.0,714.0,1057.0,30.0,286.0,157.0,10.5,,
2005/04/28,15.0,15.0,14.55,14.55,914.0,13444.0,-1.6892,0.2958,271.0,30.0,0.0,0.0,30.0,25824.0,441.0,353.0,110.0,176.0,0.0,10.32,,
2005/04/29,14.6,14.75,14.45,14.5,747.0,10905.0,-0.3436,0.2418,194.0,0.0,0.0,0.0,0.0,25908.0,353.0,265.0,110.0,71.0,5.0,10.28,,
2005/05/03,14.5,14.7,14.5,14.5,683.0,9977.0,0.0,0.221,196.0,0.0,0.0,0.0,0.0,25827.0,268.0,255.0,20.0,51.0,0.0,10.28,,
2005/05/04,14.55,14.7,14.35,14.4,438.0,6347.0,-0.6897,0.1418,151.0,-2.0,0.0,0.0,-2.0,25880.0,254.0,181.0,6.0,46.0,1.0,10.21,,
2005/05/05,14.6,15.2,14.5,15.2,1773.0,26547.0,5.5556,0.5738,484.0,0.0,0.0,0.0,0.0,25534.0,377.0,707.0,0.0,97.0,51.0,10.78,,
2005/05/06,15.4,15.4,15.0,15.1,1576.0,24059.0,-0.6579,0.5101,500.0,0.0,0.0,0.0,0.0,25869.0,703.0,357.0,37.0,61.0,1.0,0.0,,
2005/05/09,15.1,15.15,14.75,14.75,700.0,10417.0,-2.3179,0.2265,274.0,0.0,0.0,0.0,0.0,25931.0,353.0,291.0,13.0,48.0,0.0,0.0,,
2005/05/10,14.85,14.95,14.65,14.65,687.0,10172.0,-0.678,0.2223,228.0,-34.0,0.0,0.0,-34.0,26057.0,367.0,225.0,1.0,49.0,2.0,0.0,,
2005/05/11,14.6,14.7,14.4,14.4,717.0,10432.0,-1.7065,0.232,330.0,0.0,0.0,0.0,0.0,26121.0,303.0,238.0,13.0,40.0,4.0,0.0,,
2005/05/12,14.5,14.7,14.45,14.45,505.0,7365.0,0.3472,0.1634,172.0,0.0,0.0,0.0,0.0,26102.0,146.0,126.0,2.0,43.0,5.0,0.0,,
2005/05/13,14.4,14.6,14.4,14.5,684.0,9950.0,0.346,0.2214,212.0,0.0,0.0,2.0,2.0,26016.0,199.0,280.0,5.0,44.0,6.0,0.0,,
2005/05/16,14.5,14.55,14.25,14.25,628.0,9069.0,-1.7241,0.2032,176.0,0.0,0.0,0.0,0.0,25980.0,243.0,258.0,13.0,31.0,0.0,0.0,,
2005/05/17,14.3,14.35,14.05,14.05,778.0,11085.0,-1.4035,0.2518,207.0,13.0,0.0,0.0,13.0,25912.0,398.0,431.0,0.0,33.0,2.0,0.0,,
2005/05/18,14.15,14.2,14.0,14.0,813.0,11463.0,-0.3559,0.2631,237.0,0.0,0.0,0.0,0.0,25820.0,225.0,307.0,1.0,35.0,3.0,0.0,,
2005/05/19,14.15,14.4,14.05,14.35,958.0,13625.0,2.5,0.31,333.0,52.0,0.0,0.0,52.0,25700.0,202.0,295.0,8.0,32.0,5.0,0.0,,
2005/05/20,14.4,14.55,14.25,14.25,542.0,7798.0,-0.6969,0.1754,260.0,-41.0,0.0,-1.0,-42.0,25707.0,162.0,155.0,3.0,29.0,0.0,0.0,,
2005/05/23,14.5,14.7,14.35,14.35,1825.0,26558.0,0.7018,0.5906,604.0,7.0,0.0,0.0,7.0,25714.0,699.0,692.0,0.0,100.0,71.0,0.0,,
2005/05/24,14.5,14.55,14.2,14.2,575.0,8265.0,-1.0453,0.1861,240.0,0.0,0.0,0.0,0.0,25638.0,256.0,332.0,15.0,85.0,0.0,0.0,,
2005/05/25,14.2,14.35,14.0,14.0,783.0,11104.0,-1.4085,0.2534,295.0,-7.0,0.0,-1.0,-8.0,25513.0,374.0,470.0,20.0,80.0,15.0,0.0,,
2005/05/26,14.2,14.2,14.0,14.0,830.0,11674.0,0.0,0.2686,298.0,0.0,0.0,0.0,0.0,25424.0,313.0,343.0,8.0,73.0,1.0,0.0,,
2005/05/27,14.2,14.35,14.1,14.3,1162.0,16585.0,2.1429,0.3761,366.0,-22.0,0.0,0.0,-22.0,25762.0,744.0,404.0,22.0,61.0,10.0,0.0,,
2005/05/30,14.35,14.45,14.3,14.4,904.0,13003.0,0.6993,0.2926,286.0,0.0,0.0,0.0,0.0,25939.0,538.0,351.0,5.0,56.0,0.0,0.0,,
2005/05/31,14.45,14.65,14.4,14.45,1272.0,18504.0,0.3472,0.4117,427.0,0.0,0.0,0.0,0.0,26002.0,640.0,573.0,15.0,31.0,0.0,0.0,,
2005/06/01,14.55,14.8,14.5,14.7,1370.0,20136.0,1.7301,0.4434,454.0,0.0,0.0,0.0,0.0,26104.0,901.0,767.0,10.0,21.0,0.0,0.0,,
2005/06/02,14.9,15.35,14.9,15.1,3781.0,57240.0,2.7211,1.2237,894.0,0.0,-1.0,0.0,-1.0,26161.0,1842.0,1760.0,0.0,42.0,21.0,0.0,,
2005/06/03,15.7,15.95,15.55,15.65,4408.0,69302.0,3.6424,1.4266,1144.0,0.0,0.0,0.0,0.0,26670.0,2099.0,1586.0,5.0,61.0,24.0,0.0,,
2005/06/06,15.8,16.5,15.6,16.5,5484.0,87753.0,5.4313,1.7748,1300.0,-2.0,0.0,0.0,-2.0,27844.0,2871.0,1691.0,9.0,118.0,67.0,0.0,,
2005/06/07,16.5,16.5,16.0,16.4,3230.0,52297.0,-0.6061,1.0454,817.0,-6.0,-1.0,0.0,-7.0,28324.0,2016.0,1478.0,7.0,115.0,7.0,0.0,,
2005/06/08,16.2,17.15,16.2,16.8,9767.0,164709.0,2.439,3.161,2562.0,-2.0,0.0,0.0,-2.0,28600.0,4095.0,3815.0,7.0,176.0,68.0,0.0,,
2005/06/09,16.8,16.9,16.3,16.55,2631.0,43518.0,-1.4881,0.8515,777.0,0.0,-1.0,0.0,-1.0,28757.0,1393.0,1220.0,23.0,159.0,6.0,0.0,,
2005/06/10,16.7,17.3,16.55,16.85,7652.0,129627.0,1.8127,2.4765,1948.0,498.0,-1.0,0.0,497.0,29272.0,2823.0,2286.0,13.0,238.0,92.0,0.0,,
2005/06/13,16.85,17.5,16.65,17.4,9375.0,161789.0,3.2641,3.0341,2325.0,1.0,800.0,0.0,801.0,28789.0,3955.0,4437.0,15.0,344.0,126.0,0.0,,
2005/06/14,17.45,17.7,16.85,17.2,6062.0,104784.0,-1.1494,1.9619,1478.0,9.0,-2.0,0.0,7.0,28875.0,3199.0,3100.0,101.0,252.0,10.0,0.0,,
2005/06/15,17.35,17.6,16.95,17.15,7601.0,131745.0,-0.2907,2.46,2114.0,0.0,-2.0,0.0,-2.0,28993.0,3642.0,3524.0,12.0,309.0,70.0,0.0,,
2005/06/16,17.2,17.35,17.0,17.05,4473.0,76744.0,-0.5831,1.4476,1175.0,42.0,-1.0,466.0,507.0,28826.0,1860.0,1970.0,14.0,411.0,116.0,0.0,,
2005/06/17,17.15,17.5,17.0,17.0,4912.0,84805.0,-0.2933,1.5897,1153.0,0.0,-2.0,38.0,36.0,28540.0,1839.0,2112.0,78.0,369.0,36.0,0.0,,
2005/06/20,17.3,18.0,17.25,17.6,12551.0,221848.0,3.5294,4.062,3214.0,-27.0,-1.0,0.0,-28.0,29820.0,5571.0,4241.0,44.0,395.0,72.0,0.0,,
2005/06/21,17.6,18.0,17.25,17.25,6529.0,115372.0,-1.9886,2.113,1884.0,0.0,500.0,-2.0,498.0,29117.0,2800.0,3303.0,75.0,391.0,74.0,0.0,,
2005/06/22,17.35,18.15,17.25,18.0,8799.0,155969.0,4.3478,2.8477,1966.0,2726.0,149.0,-495.0,2380.0,28080.0,2933.0,3903.0,34.0,591.0,239.0,0.0,,
2005/06/23,18.1,18.7,17.85,18.1,10389.0,190000.0,0.5556,3.3623,2946.0,261.0,1999.0,3.0,2263.0,28145.0,3774.0,3708.0,110.0,585.0,109.0,0.0,,
2005/06/24,18.0,18.4,17.85,18.4,4451.0,80933.0,1.6575,1.4405,1340.0,330.0,199.0,8.0,537.0,28220.0,1791.0,1706.0,57.0,590.0,68.0,0.0,,
2005/06/27,18.2,19.65,17.8,18.05,6059.0,112914.0,-1.9022,1.9609,1464.0,2300.0,0.0,0.0,2300.0,27340.0,1379.0,2248.0,73.0,558.0,53.0,0.0,,
2005/06/28,18.45,18.45,17.8,18.05,7210.0,129717.0,0.0,2.3334,1479.0,16.0,-601.0,2105.0,1520.0,27873.0,1913.0,1279.0,63.0,503.0,8.0,0.0,,
2005/06/29,18.1,18.3,17.6,18.0,5144.0,92440.0,-0.277,1.6648,1490.0,-9.0,340.0,1.0,332.0,28176.0,2277.0,1974.0,71.0,433.0,1.0,0.0,,
2005/06/30,17.9,18.0,17.6,17.65,3987.0,70934.0,-1.9444,1.2903,827.0,0.0,50.0,-740.0,0.0,28515.0,2152.0,1790.0,22.0,411.0,0.0,0.0,,
2005/07/01,17.7,17.8,17.5,17.65,2645.0,46781.0,0.0,0.856,748.0,-109.0,300.0,-95.0,96.0,28505.0,844.0,828.0,19.0,411.0,19.0,0.0,,
2005/07/04,17.8,18.5,17.7,18.45,8297.0,151199.0,4.5326,2.6852,2499.0,-20.0,50.0,-101.0,-71.0,28868.0,3108.0,2745.0,29.0,491.0,109.0,0.0,,
2005/07/05,18.45,18.55,18.05,18.35,4245.0,77642.0,-0.542,1.3738,1134.0,-206.0,500.0,-278.0,16.0,28807.0,1733.0,1794.0,49.0,471.0,30.0,0.0,,
2005/07/06,18.4,19.6,18.4,19.2,20746.0,402001.0,4.6322,6.7142,3995.0,278.0,799.0,-105.0,972.0,29894.0,7636.0,6508.0,56.0,799.0,384.0,0.0,,
2005/07/07,19.3,19.65,18.85,19.5,11820.0,228647.0,1.5625,3.8254,2888.0,-5.0,662.0,1.0,658.0,28785.0,3509.0,4603.0,50.0,914.0,168.0,0.0,,
2005/07/08,19.5,20.5,19.25,20.4,18736.0,374415.0,4.6154,6.0637,5025.0,3265.0,-500.0,-289.0,2476.0,29456.0,5557.0,4881.0,54.0,1255.0,415.0,0.0,,
2005/07/11,21.4,21.6,20.55,21.0,22307.0,470750.0,2.9412,7.2194,6221.0,4266.0,-199.0,-181.0,3886.0,27271.0,6684.0,8869.0,178.0,1300.0,227.0,0.0,,
2005/07/12,21.0,21.2,20.55,21.0,7302.0,152118.0,0.0,2.3632,2033.0,377.0,1.0,0.0,378.0,27549.0,3465.0,3183.0,403.0,942.0,61.0,0.0,,
2005/07/13,21.0,21.75,20.55,21.0,13028.0,275625.0,0.0,4.2164,3398.0,274.0,-238.0,-299.0,-263.0,28821.0,5301.0,4030.0,108.0,883.0,49.0,0.0,,
2005/07/14,21.0,21.3,20.7,21.3,9293.0,195987.0,1.4286,3.0076,2434.0,2304.0,-262.0,-9.0,2033.0,27356.0,2182.0,3642.0,137.0,831.0,85.0,0.0,,
2005/07/15,21.3,21.65,20.7,20.7,7215.0,152554.0,-2.8169,2.335,2418.0,129.0,-200.0,-2.0,-73.0,29086.0,4322.0,2592.0,70.0,773.0,12.0,0.0,,
2005/07/19,20.8,20.9,20.55,20.7,4342.0,89789.0,0.0,1.4052,1117.0,106.0,-400.0,3.0,-291.0,28759.0,1530.0,1857.0,91.0,763.0,81.0,0.0,,
2005/07/20,20.9,21.4,20.6,20.6,8325.0,175116.0,-0.4831,2.6943,2380.0,-744.0,-600.0,-2.0,-1346.0,29815.0,3969.0,2910.0,53.0,759.0,52.0,0.0,,
2005/07/21,20.8,20.9,19.95,20.55,6251.0,127959.0,-0.2427,2.0231,1537.0,-81.0,-1350.0,-3.0,-1434.0,30449.0,3094.0,2437.0,117.0,649.0,7.0,0.0,,
2005/07/22,20.5,20.55,19.15,19.15,4573.0,91805.0,-6.8127,1.48,1073.0,144.0,-230.0,0.0,-86.0,29414.0,1618.0,2652.0,138.0,511.0,0.0,0.0,,
2005/07/25,19.35,19.45,18.95,19.3,3316.0,63826.0,0.7833,1.0732,897.0,13.0,0.0,0.0,13.0,29052.0,1722.0,1479.0,154.0,364.0,9.0,0.0,,
2005/07/26,19.3,20.35,19.3,20.1,6649.0,132903.0,4.1451,2.1519,1925.0,-150.0,1.0,0.0,-149.0,28866.0,2330.0,2516.0,4.0,536.0,176.0,0.0,,
2005/07/27,20.1,20.2,19.4,19.4,3862.0,76003.0,-3.4826,1.2499,1054.0,235.0,-100.0,2.0,137.0,28650.0,1785.0,2001.0,164.0,378.0,6.0,0.0,,
2005/07/28,19.6,20.4,19.6,20.35,11097.0,223717.0,4.8969,3.5914,2566.0,-1260.0,890.0,0.0,-370.0,29614.0,4400.0,3436.0,6.0,562.0,190.0,0.0,,
2005/07/29,20.95,20.95,19.8,19.8,6541.0,132535.0,-2.7027,2.1169,1338.0,0.0,1400.0,-2.0,1398.0,28891.0,2347.0,3070.0,113.0,482.0,39.0,0.0,,
2005/08/01,20.0,20.7,19.8,20.6,7327.0,149792.0,4.0404,2.3713,1619.0,-243.0,472.0,0.0,229.0,29233.0,2419.0,2077.0,5.0,534.0,57.0,0.0,,
2005/08/02,20.85,20.9,19.8,20.1,5576.0,112658.0,-2.4272,1.8046,1388.0,-242.0,769.0,4.0,531.0,28264.0,2219.0,3183.0,50.0,477.0,1.0,0.0,,
2005/08/03,20.6,20.6,20.15,20.35,5322.0,108520.0,1.2438,1.7224,1700.0,12.0,0.0,2.0,14.0,28155.0,2028.0,2136.0,27.0,502.0,52.0,0.0,,
2005/08/04,20.5,20.75,20.2,20.35,5745.0,117687.0,0.0,1.8593,1435.0,0.0,0.0,-4.0,-4.0,28044.0,2246.0,2356.0,72.0,439.0,10.0,0.0,,
2005/08/08,20.35,20.7,20.2,20.35,5692.0,116819.0,0.0,1.8421,1266.0,-7.0,-95.0,4.0,-98.0,28049.0,2530.0,2524.0,68.0,396.0,25.0,0.0,,
2005/08/09,20.35,20.75,20.35,20.5,4682.0,96081.0,0.7371,1.5153,1407.0,70.0,-306.0,2.0,-234.0,28549.0,1937.0,1437.0,29.0,370.0,4.0,0.0,,
2005/08/10,20.75,20.75,19.8,19.9,4204.0,84886.0,-2.9268,1.3606,1324.0,1.0,0.0,0.0,1.0,28646.0,2056.0,1959.0,46.0,322.0,0.0,0.0,,
2005/08/11,19.9,20.1,19.4,19.55,2655.0,52333.0,-1.7588,0.8593,792.0,5.0,0.0,0.0,5.0,27978.0,1020.0,1678.0,114.0,205.0,0.0,0.0,,
2005/08/12,19.6,20.0,19.0,19.2,2776.0,54099.0,-1.7903,0.8984,917.0,191.0,1.0,7.0,199.0,27773.0,984.0,1183.0,8.0,205.0,9.0,0.0,,
2005/08/15,19.2,19.2,18.55,18.6,2207.0,41497.0,-3.125,0.7143,615.0,-444.0,-90.0,0.0,-534.0,27545.0,650.0,877.0,20.0,191.0,6.0,0.0,,
2005/08/16,18.7,18.85,18.3,18.85,1778.0,32977.0,1.3441,0.5754,493.0,-66.0,0.0,0.0,-66.0,27087.0,563.0,1020.0,42.0,151.0,4.0,0.0,,
2005/08/17,18.6,19.1,18.5,18.5,1288.0,24151.0,-1.8568,0.4168,514.0,-64.0,0.0,-2.0,-66.0,27041.0,542.0,586.0,50.0,101.0,0.0,0.0,,
2005/08/18,18.7,18.95,18.6,18.7,1303.0,24447.0,1.0811,0.4217,365.0,-41.0,1.0,-3.0,-43.0,26712.0,372.0,681.0,98.0,3.0,0.0,0.0,,
2005/08/19,18.6,18.7,18.3,18.4,773.0,14299.0,-1.6043,0.2502,241.0,-47.0,0.0,0.0,-47.0,26257.0,0.0,455.0,0.0,0.0,0.0,0.0,,
2005/08/22,18.2,18.6,18.2,18.45,1433.0,26366.0,0.2717,0.4638,240.0,300.0,0.0,-1.0,299.0,25833.0,0.0,422.0,0.0,0.0,0.0,0.0,,
2005/08/23,18.55,18.75,18.3,18.4,3406.0,63139.0,-0.271,1.1023,802.0,299.0,0.0,50.0,349.0,24237.0,0.0,1596.0,0.0,0.0,0.0,0.0,,
2005/08/24,17.35,17.45,16.5,16.75,2455.0,41492.0,-3.5054,0.7516,697.0,0.0,0.0,-51.0,-51.0,24957.0,1197.0,475.0,0.0,46.0,46.0,0.0,,
2005/08/25,16.5,17.4,16.5,16.9,1667.0,28303.0,0.8955,0.5104,590.0,1.0,1.0,0.0,2.0,25030.0,641.0,568.0,0.0,98.0,52.0,0.0,,
2005/08/26,17.25,17.7,16.7,17.7,2461.0,42682.0,4.7337,0.7534,716.0,480.0,610.0,-1.0,1089.0,24952.0,807.0,880.0,0.0,149.0,51.0,0.0,,
2005/08/29,17.7,17.8,17.45,17.75,1666.0,29370.0,0.2825,0.51,419.0,0.0,300.0,0.0,300.0,24967.0,620.0,595.0,13.0,168.0,32.0,0.0,,
2005/08/30,17.95,17.95,17.45,17.95,1811.0,32073.0,1.1268,0.5544,455.0,0.0,281.0,0.0,281.0,24790.0,474.0,646.0,12.0,199.0,43.0,0.0,,
2005/08/31,17.95,17.95,17.2,17.7,1328.0,23334.0,-1.3928,0.4066,399.0,0.0,250.0,-19.0,231.0,24703.0,434.0,516.0,4.0,195.0,0.0,147.5,,
2005/09/02,17.85,18.6,17.7,18.6,3210.0,58499.0,5.0847,0.9827,930.0,0.0,-25.0,16.0,-9.0,25228.0,1401.0,861.0,2.0,280.0,97.0,155.0,1.69,0.0
2005/09/05,19.0,19.6,19.0,19.5,6674.0,129115.0,4.8387,2.0433,1670.0,5.0,24.0,0.0,29.0,26196.0,3454.0,2485.0,6.0,436.0,162.0,162.5,1.77,0.0
2005/09/06,20.85,20.85,20.85,20.85,4106.0,85620.0,6.9231,1.2571,1009.0,0.0,0.0,0.0,0.0,27639.0,3099.0,1642.0,0.0,521.0,85.0,173.75,1.89,0.0
2005/09/07,22.3,22.3,22.1,22.3,11703.0,260875.0,6.9544,3.5829,2282.0,105.0,887.0,0.0,992.0,30377.0,6321.0,3566.0,34.0,1504.0,1017.0,185.83,2.02,0.0
2005/09/08,22.0,22.8,21.9,22.1,25475.0,569687.0,-0.8969,7.7992,5948.0,530.0,998.0,421.0,1949.0,32466.0,10103.0,8014.0,493.0,1911.0,900.0,184.17,2.0,0.0
2005/09/09,22.35,23.25,22.1,22.45,27451.0,623031.0,1.5837,8.4042,6633.0,-249.0,549.0,-200.0,100.0,36305.0,9905.0,6066.0,310.0,3499.0,1901.0,187.08,2.04,0.0
2005/09/12,23.1,23.5,22.6,23.5,21043.0,483185.0,4.6771,6.4423,4780.0,177.0,60.0,498.0,735.0,37999.0,7328.0,5622.0,615.0,4958.0,2145.0,195.83,2.13,0.0
2005/09/13,23.5,23.75,23.2,23.5,13225.0,310884.0,0.0,4.0488,3243.0,-58.0,641.0,104.0,687.0,39269.0,6541.0,5271.0,475.0,5180.0,702.0,195.83,2.13,0.0
2005/09/14,23.5,23.5,22.9,23.1,7746.0,179210.0,-1.7021,2.3714,1960.0,-585.0,130.0,-75.0,-530.0,39834.0,4012.0,3447.0,1018.0,4191.0,29.0,192.5,2.09,0.0
2005/09/15,23.1,23.8,23.0,23.8,14836.0,347631.0,3.0303,4.5421,3663.0,-41.0,834.0,100.0,893.0,41460.0,6680.0,5044.0,539.0,5275.0,1625.0,198.33,2.16,0.0
2005/09/16,23.8,24.0,22.8,23.5,15715.0,370602.0,-1.2605,4.8112,3031.0,27.0,-58.0,19.0,-12.0,40254.0,7442.0,8640.0,1248.0,4252.0,242.0,195.83,2.13,0.0
2005/09/19,23.4,23.5,22.85,23.3,4892.0,113312.0,-0.8511,1.4977,1266.0,0.0,-19.0,60.0,41.0,39861.0,2824.0,3217.0,241.0,4018.0,13.0,194.17,2.11,0.0
2005/09/20,23.1,24.45,23.0,24.0,20258.0,482782.0,3.0043,6.202,4797.0,-12.0,70.0,120.0,178.0,40049.0,7977.0,7786.0,625.0,4538.0,1145.0,200.0,2.18,0.0
2005/09/21,24.0,24.4,23.6,23.6,17571.0,421931.0,-1.6667,5.3794,4063.0,19.0,150.0,-401.0,-232.0,39021.0,6938.0,7961.0,498.0,4277.0,242.0,196.67,2.14,0.0
2005/09/22,23.6,24.1,23.5,23.75,11390.0,270921.0,0.6356,3.4871,3195.0,225.0,1.0,-99.0,127.0,40645.0,5305.0,3670.0,331.0,4389.0,447.0,197.92,2.15,0.0
2005/09/23,23.8,23.95,22.2,22.7,10377.0,238865.0,-4.4211,3.1769,2710.0,-233.0,0.0,168.0,-65.0,41957.0,5267.0,3954.0,1372.0,3050.0,43.0,189.17,2.06,0.0
2005/09/26,22.9,23.05,22.2,22.85,7593.0,172792.0,0.6608,2.3246,1899.0,-5.0,-19.0,-1.0,-25.0,40136.0,2569.0,4390.0,510.0,2845.0,306.0,190.42,2.07,0.0
2005/09/27,23.0,24.2,23.0,24.2,19621.0,466086.0,5.9081,6.007,5351.0,32.0,1070.0,-368.0,734.0,38939.0,4793.0,5988.0,107.0,4316.0,1598.0,201.67,2.19,0.0
2005/09/28,24.2,24.55,23.95,24.3,12421.0,301546.0,0.4132,3.8027,3827.0,-8.0,200.0,-74.0,118.0,38995.0,4614.0,4526.0,384.0,4373.0,442.0,202.5,2.2,0.0
2005/09/29,24.4,25.2,24.3,25.0,14522.0,359708.0,2.8807,4.4459,4531.0,0.0,775.0,49.0,824.0,38772.0,4303.0,4524.0,260.0,4737.0,655.0,208.33,2.27,0.0
2005/09/30,25.4,25.4,24.55,24.95,10683.0,265853.0,-0.2,3.2706,2897.0,0.0,1100.0,-201.0,899.0,38608.0,4479.0,4643.0,441.0,4371.0,76.0,207.92,2.26,0.0
2005/10/03,25.2,26.3,24.75,26.3,15363.0,394132.0,5.4108,4.7034,4210.0,198.0,945.0,-50.0,1093.0,38401.0,5081.0,5227.0,295.0,5188.0,1125.0,219.17,2.38,0.0
2005/10/04,26.4,26.8,26.0,26.3,11602.0,306169.0,0.0,3.552,3943.0,-26.0,-1260.0,112.0,-1174.0,39128.0,4817.0,4101.0,296.0,5075.0,183.0,219.17,2.38,0.0
2005/10/05,26.1,28.0,26.1,27.8,23756.0,645410.0,5.7034,7.2729,6562.0,-35.0,1486.0,80.0,1531.0,39035.0,6304.0,6396.0,369.0,6446.0,1741.0,231.67,2.52,0.0
2005/10/06,27.5,28.5,27.3,28.35,18244.0,512163.0,1.9784,5.5854,5242.0,-4.0,1502.0,220.0,1718.0,39022.0,5623.0,5607.0,264.0,7515.0,1340.0,236.25,2.57,0.0
2005/10/07,28.25,28.45,27.85,28.05,7667.0,215909.0,-1.0582,2.3473,2487.0,1.0,600.0,126.0,727.0,37973.0,3199.0,4227.0,474.0,7135.0,112.0,233.75,2.54,0.0
2005/10/11,28.05,28.15,26.9,27.15,7235.0,198457.0,-3.2086,2.215,2336.0,0.0,-1135.0,56.0,-1079.0,37784.0,2843.0,3031.0,702.0,6452.0,51.0,226.25,2.46,0.0
2005/10/12,26.5,26.95,25.45,25.7,8732.0,228478.0,-5.3407,2.6733,2430.0,0.0,-530.0,220.0,-310.0,37301.0,3411.0,3893.0,1729.0,4713.0,0.0,214.17,2.33,0.0
2005/10/13,25.6,26.45,25.5,26.3,13279.0,346183.0,2.3346,4.0654,3985.0,31.0,-130.0,28.0,-71.0,36553.0,4441.0,5189.0,264.0,5060.0,611.0,219.17,2.38,0.0
2005/10/14,26.8,27.2,26.5,26.5,9724.0,261008.0,0.7605,2.977,3286.0,-346.0,-100.0,20.0,-426.0,37196.0,3641.0,2998.0,197.0,5353.0,490.0,220.83,2.4,0.0
2005/10/17,26.8,27.3,25.55,25.6,11084.0,293619.0,-3.3962,3.3934,3285.0,-681.0,720.0,63.0,102.0,36732.0,4743.0,5207.0,731.0,4857.0,236.0,213.33,2.32,0.0
2005/10/18,26.0,26.1,25.2,26.1,6765.0,174831.0,1.9531,2.0711,2159.0,-14.0,526.0,-100.0,412.0,35713.0,1674.0,2683.0,497.0,4793.0,438.0,217.5,2.37,0.0
2005/10/19,25.35,26.25,25.35,25.8,6379.0,165608.0,-1.1494,1.9529,1763.0,28.0,330.0,-101.0,257.0,35615.0,2988.0,3081.0,313.0,4616.0,137.0,215.0,2.34,0.0
2005/10/20,26.1,27.2,26.1,26.9,12466.0,333304.0,4.2636,3.8165,3814.0,-82.0,401.0,424.0,743.0,35516.0,4580.0,4675.0,121.0,5120.0,628.0,224.17,2.44,0.0
2005/10/21,26.6,27.6,26.6,27.0,10256.0,279198.0,0.3717,3.1399,3052.0,0.0,440.0,117.0,557.0,36038.0,4566.0,4039.0,188.0,5249.0,317.0,225.0,2.45,0.0
2005/10/24,27.1,27.5,26.1,26.5,8169.0,219822.0,-1.8519,2.5009,2154.0,0.0,465.0,-462.0,3.0,34430.0,2868.0,4031.0,351.0,5018.0,133.0,220.83,2.4,0.0
2005/10/25,27.1,27.2,24.75,26.2,10414.0,269021.0,-1.1321,3.1883,2994.0,0.0,240.0,-753.0,-513.0,33866.0,3843.0,4402.0,702.0,4440.0,131.0,218.33,2.38,0.0
2005/10/26,25.1,25.9,24.7,25.0,5323.0,133237.0,-4.5802,1.6296,1684.0,42.0,-19.0,13.0,36.0,32603.0,1722.0,2985.0,529.0,3910.0,0.0,208.33,2.27,0.0
2005/10/27,25.0,25.25,23.5,23.5,7734.0,189968.0,-6.0,2.3678,2375.0,40.0,0.0,11.0,51.0,33306.0,3546.0,2843.0,797.0,3404.0,295.0,195.83,2.13,0.0
2005/10/28,23.0,23.7,22.5,23.1,6854.0,157918.0,-1.7021,2.0984,1886.0,-17.0,-1945.0,-43.0,-2005.0,33281.0,2477.0,2123.0,995.0,2394.0,79.0,192.5,2.09,0.0
2005/10/31,23.4,24.3,23.3,24.05,6292.0,149881.0,4.1126,1.9263,2319.0,30.0,0.0,36.0,66.0,33011.0,1695.0,1965.0,269.0,2650.0,547.0,200.42,2.18,0.0
2005/11/01,24.4,24.45,23.65,23.65,4432.0,106760.0,-1.6632,1.3569,1767.0,9.0,-60.0,-18.0,-69.0,33042.0,1802.0,1766.0,227.0,2630.0,222.0,197.08,1.97,0.0
2005/11/02,23.9,24.95,23.9,24.95,8350.0,206139.0,5.4968,2.5564,2851.0,-82.0,195.0,-104.0,9.0,33005.0,2845.0,2878.0,141.0,3005.0,521.0,34.18,2.08,0.0
2005/11/03,25.3,25.3,24.2,24.25,6026.0,148866.0,-2.8056,1.8449,1888.0,-70.0,130.0,44.0,104.0,31768.0,2305.0,3532.0,260.0,2773.0,50.0,33.22,2.02,0.0
2005/11/04,24.7,25.2,24.3,24.4,6373.0,157264.0,0.6186,1.9511,2220.0,0.0,0.0,66.0,66.0,31839.0,2220.0,2144.0,105.0,2847.0,192.0,33.42,2.03,0.0
2005/11/07,24.5,24.7,24.0,24.0,2406.0,58283.0,-1.6393,0.7366,1018.0,0.0,30.0,-86.0,-56.0,31648.0,896.0,1087.0,145.0,2786.0,106.0,32.88,2.0,0.0
2005/11/08,24.4,24.45,23.7,24.0,3151.0,75799.0,0.0,0.9647,1085.0,0.0,10.0,-5.0,5.0,31851.0,1230.0,1020.0,232.0,2758.0,221.0,32.88,2.0,0.0
2005/11/09,24.0,24.65,23.8,24.55,5160.0,125714.0,2.2917,1.5797,1607.0,421.0,0.0,250.0,671.0,31463.0,1578.0,1960.0,278.0,2644.0,170.0,33.63,2.05,0.0
2005/11/10,24.9,25.5,24.85,24.9,7415.0,186497.0,1.4257,2.2701,2346.0,243.0,55.0,121.0,419.0,31386.0,2650.0,2727.0,200.0,2709.0,274.0,34.11,2.08,0.0
2005/11/11,25.2,25.35,24.75,25.1,5554.0,139154.0,0.8032,1.697,1708.0,-441.0,0.0,51.0,-390.0,31305.0,2170.0,2261.0,241.0,2588.0,121.0,34.38,2.09,0.0
2005/11/14,25.1,25.25,24.75,24.8,3259.0,81322.0,-1.1952,0.9958,1005.0,0.0,800.0,10.0,810.0,30579.0,1028.0,1754.0,97.0,2488.0,3.0,33.97,2.07,0.0
2005/11/15,25.0,25.1,24.4,24.4,3369.0,83087.0,-1.6129,1.0294,1056.0,0.0,639.0,-55.0,584.0,30433.0,1307.0,1453.0,63.0,2417.0,15.0,33.42,2.03,0.0
2005/11/16,24.5,24.95,24.45,24.65,4030.0,99697.0,1.0246,1.2314,1212.0,0.0,-156.0,-30.0,-186.0,29875.0,1395.0,1953.0,43.0,2530.0,169.0,33.77,2.05,0.0
2005/11/17,25.2,25.5,24.9,25.3,7047.0,178024.0,2.6369,2.1532,2292.0,41.0,250.0,120.0,411.0,30459.0,2688.0,2102.0,202.0,2513.0,185.0,34.66,2.11,0.0
2005/11/18,26.0,27.05,25.7,27.05,22372.0,600727.0,6.917,6.8358,4630.0,29.0,1345.0,24.0,1398.0,30773.0,7730.0,7411.0,174.0,3183.0,850.0,37.05,2.25,0.0
2005/11/21,27.4,27.4,26.4,26.55,8491.0,228311.0,-1.8484,2.5945,2724.0,64.0,0.0,170.0,234.0,31055.0,4543.0,4239.0,264.0,2959.0,55.0,36.37,2.21,0.0
2005/11/22,26.55,27.1,26.5,26.75,9533.0,255435.0,0.7533,2.9128,2386.0,227.0,845.0,-18.0,1054.0,32856.0,4315.0,2514.0,9.0,3249.0,326.0,36.64,2.23,0.0
2005/11/23,26.9,27.05,26.2,26.5,6021.0,160308.0,-0.9346,1.8397,1585.0,119.0,470.0,-15.0,574.0,32653.0,2187.0,2390.0,238.0,3022.0,49.0,36.3,2.21,0.0
2005/11/24,26.8,27.1,26.45,26.55,4945.0,132629.0,0.1887,1.511,1710.0,28.0,379.0,114.0,521.0,32426.0,1786.0,2013.0,62.0,3038.0,86.0,36.37,2.21,0.0
2005/11/25,26.95,27.3,26.7,27.1,8874.0,239925.0,2.0716,2.7115,2679.0,-214.0,-1.0,-177.0,-392.0,32799.0,3508.0,3133.0,221.0,2965.0,156.0,37.12,2.26,0.0
2005/11/28,27.4,28.0,26.95,28.0,10010.0,274058.0,3.321,3.0586,2917.0,232.0,6.0,-160.0,78.0,33376.0,4735.0,4123.0,114.0,3064.0,249.0,38.36,2.33,0.0
2005/11/29,27.8,28.5,27.2,27.2,15912.0,444984.0,-2.8571,4.862,3839.0,148.0,820.0,-152.0,816.0,33426.0,7573.0,7728.0,105.0,3069.0,120.0,37.26,2.27,0.0
2005/11/30,27.6,28.4,27.6,27.75,16520.0,462279.0,2.0221,5.0165,3826.0,289.0,94.0,-26.0,357.0,31450.0,4840.0,6807.0,20.0,3369.0,340.0,38.01,2.31,0.0
2005/12/01,28.0,28.15,27.75,27.75,7691.0,214861.0,0.0,2.3355,2272.0,76.0,1159.0,-6.0,1229.0,30286.0,2351.0,3515.0,96.0,3428.0,179.0,38.01,2.31,0.0
2005/12/02,28.1,29.2,27.8,29.0,22467.0,642812.0,4.5045,6.8224,5679.0,673.0,1811.0,123.0,2607.0,30980.0,8212.0,7518.0,163.0,4273.0,1028.0,39.73,2.42,0.0
2005/12/05,29.6,30.6,29.2,30.0,27205.0,812687.0,3.4483,8.2612,6825.0,-73.0,1026.0,165.0,1118.0,32409.0,8777.0,7348.0,240.0,5926.0,1893.0,41.1,2.5,0.0
2005/12/06,29.9,30.0,29.2,29.95,13355.0,395618.0,-0.1667,4.0554,3586.0,21.0,-108.0,1043.0,956.0,31826.0,4827.0,5410.0,388.0,5638.0,166.0,41.03,2.5,0.0
2005/12/07,29.95,29.95,28.7,28.8,6530.0,190554.0,-3.8397,1.9829,2174.0,-40.0,-605.0,74.0,-571.0,31191.0,2692.0,3326.0,526.0,5296.0,200.0,39.45,2.4,0.0
2005/12/08,28.8,29.4,28.5,28.6,5377.0,155380.0,-0.6944,1.6328,1866.0,28.0,-100.0,-253.0,-325.0,31349.0,2419.0,2261.0,198.0,5202.0,113.0,39.18,2.38,0.0
2005/12/09,28.85,29.5,28.2,29.5,8737.0,253450.0,3.1469,2.6531,2574.0,23.0,69.0,178.0,270.0,32413.0,3372.0,2281.0,100.0,5559.0,457.0,40.41,2.46,0.0
2005/12/12,30.0,30.0,29.3,29.5,6871.0,203260.0,0.0,2.0865,2141.0,-2.0,-330.0,-6.0,-338.0,33009.0,3447.0,2851.0,55.0,6200.0,696.0,40.41,2.46,0.0
2005/12/13,29.3,31.15,29.15,30.2,21642.0,658469.0,2.3729,6.5719,5826.0,0.0,317.0,4084.0,4401.0,32129.0,7233.0,8113.0,194.0,7604.0,1602.0,41.37,2.52,0.0
2005/12/14,30.6,30.8,29.8,29.8,8515.0,258351.0,-1.3245,2.5857,2521.0,-1.0,-269.0,941.0,671.0,31890.0,3659.0,3881.0,344.0,7356.0,96.0,40.82,2.48,0.0
2005/12/15,30.05,30.65,29.75,30.25,8615.0,261654.0,1.5101,2.6161,2526.0,313.0,-30.0,224.0,507.0,31911.0,3421.0,3415.0,47.0,7678.0,400.0,41.44,2.52,0.0
2005/12/16,30.55,31.35,30.45,30.65,13635.0,422417.0,1.3223,4.1405,3652.0,97.0,80.0,409.0,586.0,31352.0,5296.0,5854.0,173.0,8316.0,820.0,41.99,2.55,0.0
2005/12/19,31.2,31.3,30.8,31.0,6404.0,198882.0,1.1419,1.9447,2075.0,-1.0,-64.0,-103.0,-168.0,31905.0,3224.0,2685.0,57.0,8495.0,244.0,42.47,2.58,0.0
2005/12/20,31.0,31.3,30.4,30.4,9254.0,285331.0,-1.9355,2.8101,2569.0,-503.0,448.0,-359.0,-414.0,33013.0,4429.0,3276.0,303.0,8261.0,90.0,41.64,2.53,0.0
2005/12/21,30.8,31.1,30.3,30.8,9143.0,281261.0,1.3158,2.7764,2516.0,-2.0,-351.0,-941.0,-1294.0,34268.0,4833.0,3578.0,102.0,8382.0,230.0,42.19,2.57,0.0
2005/12/22,30.9,31.2,30.25,30.25,8789.0,270791.0,-1.7857,2.6689,2323.0,-92.0,449.0,-1131.0,-774.0,34165.0,3953.0,4051.0,182.0,8239.0,47.0,41.44,2.52,0.0
2005/12/23,30.3,30.6,30.15,30.2,8307.0,252089.0,-0.1653,2.5225,2510.0,-100.0,-880.0,-982.0,-1962.0,35047.0,4065.0,3163.0,221.0,8066.0,49.0,41.37,2.52,0.0
2005/12/26,30.4,30.55,30.1,30.1,8587.0,260217.0,-0.3311,2.6076,2200.0,-13.0,146.0,-753.0,-620.0,35978.0,3684.0,2752.0,206.0,7895.0,36.0,41.23,2.51,0.0
2005/12/27,30.2,30.4,29.5,29.5,6771.0,202432.0,-1.9934,2.0561,2253.0,150.0,-201.0,-198.0,-249.0,36762.0,3072.0,2277.0,541.0,7375.0,22.0,40.41,2.46,0.0
2005/12/28,29.3,31.55,29.0,31.55,28305.0,864784.0,6.9492,8.5952,7458.0,968.0,-1095.0,-1461.0,-1588.0,40226.0,10748.0,7284.0,371.0,9483.0,2479.0,43.22,2.63,0.0
2005/12/29,32.1,33.25,31.65,32.2,43962.0,1424104.0,2.0602,13.3497,9808.0,1456.0,2510.0,-52.0,3914.0,38355.0,13275.0,15128.0,1001.0,10439.0,1959.0,44.11,2.68,0.0
2005/12/30,32.65,33.0,32.0,32.3,24035.0,781378.0,0.3106,7.2964,5805.0,3.0,-89.0,718.0,632.0,40486.0,10254.0,8101.0,471.0,11032.0,1087.0,44.25,2.69,0.0
2006/01/02,31.6,32.9,31.6,32.7,19022.0,617369.0,1.2384,5.7746,4650.0,-3.0,3437.0,111.0,3545.0,40267.0,5973.0,6179.0,265.0,11694.0,963.0,44.79,2.73,0.0
2006/01/03,33.1,34.7,33.1,33.5,39064.0,1328709.0,2.4465,11.8589,8184.0,79.0,1610.0,6.0,1695.0,38780.0,12518.0,13942.0,391.0,18127.0,6875.0,45.89,2.79,0.0
2006/01/04,34.6,35.2,34.1,34.75,38647.0,1343391.0,3.7313,11.7323,8605.0,781.0,8143.0,-850.0,8074.0,39367.0,12586.0,11974.0,131.0,22813.0,4848.0,47.6,2.9,0.0
2006/01/05,35.5,35.5,33.6,34.15,24933.0,865506.0,-1.7266,7.5691,6096.0,-272.0,1647.0,-232.0,1143.0,38431.0,10609.0,11578.0,329.0,23514.0,1031.0,46.78,2.85,0.0
2006/01/06,33.8,33.95,32.15,32.5,16045.0,531002.0,-4.8316,4.8709,4538.0,91.0,-1210.0,-412.0,-1531.0,37669.0,7013.0,7469.0,1486.0,22017.0,0.0,44.52,2.71,0.0
2006/01/09,32.8,33.8,32.8,33.4,12182.0,406090.0,2.7692,3.6982,3387.0,250.0,649.0,-111.0,788.0,37116.0,3795.0,4330.0,81.0,23002.0,1068.0,45.75,2.78,0.0
2006/01/10,33.4,34.3,33.25,34.0,9101.0,308234.0,1.7964,2.7628,2661.0,1155.0,0.0,0.0,1155.0,36966.0,3856.0,4007.0,46.0,23775.0,819.0,46.58,2.83,0.0
2006/01/11,34.0,34.25,32.7,32.8,8757.0,291856.0,-3.5294,2.6584,2426.0,774.0,-41.0,-40.0,693.0,37076.0,3829.0,3719.0,423.0,23393.0,41.0,44.93,2.73,0.0
2006/01/12,33.0,33.25,31.6,31.7,7569.0,244844.0,-3.3537,2.294,2301.0,-1037.0,-100.0,-268.0,-1405.0,36450.0,3082.0,3708.0,524.0,22892.0,23.0,43.42,2.64,0.0
2006/01/13,31.7,32.4,31.5,32.2,7152.0,229019.0,1.5773,2.1676,1907.0,-224.0,370.0,1.0,147.0,37356.0,2627.0,1701.0,87.0,23183.0,378.0,44.11,2.68,0.0
2006/01/16,32.45,33.9,32.45,33.9,11860.0,395493.0,5.2795,3.5945,3267.0,-11.0,1460.0,150.0,1599.0,37374.0,4078.0,4060.0,74.0,24850.0,1741.0,46.44,2.83,0.0
2006/01/17,33.8,34.3,33.5,33.9,10979.0,372311.0,0.0,3.3274,2944.0,-135.0,130.0,265.0,260.0,36857.0,3749.0,4266.0,114.0,24467.0,237.0,46.44,2.83,0.0
2006/01/18,33.8,33.8,31.55,31.7,7463.0,242366.0,-6.4897,2.2618,2264.0,-75.0,0.0,-27.0,-102.0,35949.0,2691.0,3589.0,868.0,22619.0,0.0,43.42,2.64,0.0
2006/01/19,32.4,32.5,31.15,32.5,8954.0,286404.0,2.5237,2.7137,2510.0,-377.0,30.0,-25.0,-372.0,35172.0,3151.0,3925.0,315.0,21655.0,532.0,44.52,2.71,0.0
2006/01/20,33.0,33.5,32.4,32.5,9690.0,319632.0,0.0,2.9368,2670.0,-124.0,1015.0,109.0,1000.0,34503.0,3641.0,4145.0,54.0,15580.0,672.0,44.52,2.71,0.0
2006/01/23,31.6,32.3,31.2,31.2,4709.0,148426.0,-4.0,1.4272,1350.0,-1.0,0.0,-174.0,-175.0,32752.0,1502.0,3253.0,717.0,13231.0,0.0,42.74,2.6,0.0
2006/01/24,31.6,32.3,31.6,32.1,4518.0,144480.0,2.8846,1.3693,1202.0,40.0,385.0,0.0,425.0,31998.0,1239.0,1987.0,110.0,12067.0,178.0,43.97,2.68,0.0
2006/01/25,32.4,33.0,31.8,32.7,5635.0,182755.0,1.8692,1.6206,1770.0,-192.0,91.0,50.0,-51.0,31101.0,1635.0,2401.0,51.0,11925.0,476.0,44.79,2.73,0.0
2006/02/03,32.95,33.95,32.7,33.8,11033.0,370247.0,3.3639,3.173,3030.0,204.0,-1111.0,573.0,-334.0,32590.0,4202.0,2703.0,36.0,12491.0,1483.0,46.3,2.82,0.0
2006/02/06,36.15,36.15,35.0,35.0,27069.0,963451.0,3.5503,7.7849,6548.0,-166.0,-712.0,40.0,-838.0,36140.0,10848.0,7296.0,219.0,16852.0,4691.0,47.95,2.92,0.0
2006/02/07,35.0,35.5,34.5,34.9,12178.0,426688.0,-0.2857,3.5023,3770.0,-541.0,465.0,-313.0,-389.0,36584.0,5245.0,4801.0,199.0,16377.0,412.0,47.81,2.91,0.0
2006/02/08,34.9,35.3,34.2,35.3,8201.0,285101.0,1.1461,2.3586,2574.0,-10.0,-616.0,-100.0,-726.0,36667.0,3614.0,3529.0,188.0,16909.0,720.0,48.36,2.94,0.0
2006/02/09,35.7,35.85,34.5,35.2,18315.0,645687.0,-0.2833,5.2673,5199.0,-4.0,-1235.0,-20.0,-1259.0,39381.0,8843.0,6128.0,91.0,18131.0,1313.0,48.22,2.93,0.0
2006/02/10,35.2,36.0,34.55,34.8,18928.0,670459.0,-1.1364,5.4436,5277.0,145.0,-770.0,-96.0,-721.0,42814.0,9730.0,6294.0,321.0,20273.0,2682.0,47.67,2.9,0.0
2006/02/13,34.8,35.05,33.3,33.3,13111.0,446578.0,-4.3103,3.7707,3808.0,-207.0,-3920.0,-60.0,-4187.0,43152.0,5224.0,4886.0,1381.0,18926.0,145.0,45.62,2.78,0.0
2006/02/14,33.3,33.55,32.8,33.15,10780.0,357700.0,-0.4505,3.1003,3090.0,-666.0,-3125.0,-34.0,-3825.0,44212.0,4788.0,3716.0,407.0,18776.0,258.0,45.41,2.76,0.0
2006/02/15,33.15,33.85,33.0,33.1,12480.0,417315.0,-0.1508,3.5892,3962.0,-471.0,-157.0,16.0,-612.0,43918.0,4583.0,4872.0,318.0,18870.0,412.0,45.34,2.76,0.0
2006/02/16,33.2,33.85,33.2,33.25,8416.0,282095.0,0.4532,2.4204,2496.0,685.0,-375.0,505.0,815.0,43766.0,3546.0,3673.0,92.0,19062.0,286.0,45.55,2.77,0.0
2006/02/17,33.85,34.2,33.25,33.25,11978.0,403205.0,0.0,3.4448,3400.0,-20.0,-2732.0,25.0,-2727.0,45623.0,5344.0,3483.0,150.0,18945.0,434.0,45.55,2.77,0.0
2006/02/20,33.1,33.1,31.3,31.9,16850.0,538871.0,-4.0602,4.846,4393.0,632.0,-4923.0,-530.0,-4821.0,46719.0,6522.0,5426.0,1830.0,14158.0,0.0,43.7,2.66,0.0
2006/02/21,31.9,32.3,31.6,31.65,8812.0,281499.0,-0.7837,2.5343,2555.0,476.0,-244.0,-111.0,121.0,47768.0,3824.0,2770.0,125.0,13684.0,197.0,43.36,2.64,0.0
2006/02/22,31.7,32.05,30.65,30.65,9416.0,295514.0,-3.1596,2.708,2760.0,16.0,-665.0,50.0,-599.0,48842.0,4493.0,3315.0,689.0,12370.0,93.0,41.99,2.55,0.0
2006/02/23,30.65,31.0,28.55,28.6,16230.0,478657.0,-6.6884,4.6677,4358.0,200.0,-2148.0,-145.0,-2093.0,49673.0,5975.0,5137.0,2812.0,8754.0,13.0,39.18,2.38,0.0
2006/02/24,28.5,29.9,28.4,29.8,9955.0,292565.0,4.1958,2.863,3200.0,-200.0,685.0,-291.0,194.0,48967.0,2467.0,3054.0,186.0,7999.0,739.0,40.82,2.48,0.0
2006/02/27,29.9,31.05,29.55,30.1,13031.0,397317.0,1.0067,3.6375,3980.0,0.0,-1264.0,97.0,-1167.0,47684.0,4340.0,5482.0,197.0,7249.0,537.0,41.23,2.51,0.0
2006/03/01,30.2,31.25,30.2,31.1,8636.0,266987.0,3.3223,2.4107,2708.0,911.0,-160.0,164.0,915.0,46876.0,2537.0,3334.0,170.0,7495.0,416.0,42.6,2.59,0.0
2006/03/02,31.5,31.6,30.6,30.65,6292.0,195327.0,-1.4469,1.7564,2080.0,228.0,-265.0,160.0,123.0,46340.0,2547.0,3068.0,104.0,7369.0,196.0,41.99,2.55,0.0
2006/03/03,30.65,31.15,30.1,30.6,5209.0,159961.0,-0.1631,1.454,1924.0,196.0,-137.0,50.0,109.0,46367.0,2374.0,2339.0,140.0,7339.0,221.0,41.92,2.55,0.0
2006/03/06,31.0,31.05,30.55,30.95,7625.0,235097.0,1.1438,2.1285,2078.0,0.0,-3391.0,230.0,-3161.0,48191.0,3398.0,1564.0,111.0,7571.0,353.0,42.4,2.58,0.0
2006/03/07,30.8,30.8,29.85,29.9,5166.0,156399.0,-3.3926,1.442,1758.0,211.0,-1300.0,-30.0,-1119.0,48075.0,2250.0,2358.0,373.0,6925.0,0.0,40.96,2.49,0.0
2006/03/08,29.9,30.3,29.7,30.0,5970.0,179131.0,0.3344,1.6665,1639.0,0.0,-1141.0,-100.0,-1241.0,47723.0,1291.0,1663.0,339.0,6823.0,238.0,41.1,2.5,0.0
2006/03/09,30.3,30.4,29.8,29.85,2136.0,64030.0,-0.5,0.5962,927.0,21.0,0.0,0.0,21.0,47658.0,919.0,948.0,97.0,6760.0,34.0,40.89,2.49,0.0
2006/03/10,30.4,30.8,30.0,30.2,4758.0,144758.0,1.1725,1.3282,1859.0,0.0,0.0,65.0,65.0,47015.0,1097.0,1731.0,299.0,6763.0,302.0,41.37,2.52,0.0
2006/03/13,30.7,31.35,30.5,31.3,9142.0,283699.0,3.6424,2.5519,2493.0,161.0,0.0,926.0,1087.0,46731.0,2558.0,2838.0,97.0,6837.0,171.0,42.88,2.61,0.0
2006/03/14,31.25,31.4,30.35,30.35,5380.0,165274.0,-3.0351,1.5018,1710.0,-4.0,-151.0,79.0,-76.0,46915.0,2139.0,1955.0,179.0,6657.0,0.0,41.58,2.53,0.0
2006/03/15,30.6,31.0,30.25,30.7,7539.0,230530.0,1.1532,2.1044,1967.0,-124.0,-325.0,400.0,-49.0,47249.0,2196.0,1861.0,65.0,6809.0,217.0,42.05,2.56,0.0
2006/03/16,30.9,31.2,30.3,30.35,7769.0,239062.0,-1.1401,2.1687,2298.0,-99.0,-1121.0,300.0,-920.0,49016.0,4089.0,2322.0,170.0,6665.0,26.0,41.58,2.53,0.0
2006/03/17,30.35,30.5,29.9,30.05,4533.0,136589.0,-0.9885,1.2653,1372.0,0.0,-970.0,10.0,-960.0,49384.0,2361.0,1986.0,173.0,6369.0,50.0,41.16,2.5,0.0
2006/03/20,30.5,31.5,30.2,30.95,13466.0,418150.0,2.995,3.7589,4280.0,0.0,-374.0,198.0,-176.0,49693.0,5398.0,5089.0,547.0,5916.0,94.0,42.4,2.58,0.0
2006/03/21,31.45,31.45,30.3,30.35,5667.0,174774.0,-1.9386,1.5819,1885.0,-154.0,-300.0,-164.0,-618.0,49459.0,2901.0,3135.0,112.0,5629.0,27.0,41.58,2.53,0.0
2006/03/22,30.0,30.5,29.8,30.3,3450.0,104473.0,-0.1647,0.963,1087.0,0.0,230.0,-20.0,210.0,48791.0,1060.0,1728.0,405.0,5366.0,142.0,41.51,2.53,0.0
2006/03/23,30.5,30.85,30.1,30.1,7579.0,231257.0,-0.6601,2.1156,2018.0,6.0,-223.0,-656.0,-873.0,48665.0,2362.0,2481.0,610.0,5123.0,368.0,41.23,2.51,0.0
2006/03/24,30.3,30.5,29.65,29.75,4764.0,142830.0,-1.1628,1.3298,1495.0,424.0,-390.0,-200.0,-166.0,48384.0,1849.0,2128.0,221.0,4945.0,43.0,40.75,2.48,0.0
2006/03/27,30.05,30.5,29.85,30.5,4188.0,126194.0,2.521,1.169,1191.0,0.0,-110.0,-10.0,-120.0,46680.0,492.0,2196.0,691.0,4600.0,346.0,41.78,2.54,0.0
2006/03/28,30.5,30.65,30.25,30.4,2680.0,81601.0,-0.3279,0.7481,817.0,10.0,100.0,-50.0,60.0,46678.0,1292.0,1278.0,570.0,3945.0,26.0,41.64,2.53,0.0
2006/03/29,30.3,31.0,30.3,30.7,5237.0,161005.0,0.9868,1.4619,1615.0,0.0,90.0,281.0,371.0,46345.0,1852.0,2184.0,284.0,3679.0,19.0,42.05,2.56,0.0
2006/03/30,31.0,31.2,30.7,30.7,6826.0,211437.0,0.0,1.9054,2273.0,1.0,0.0,-437.0,-436.0,46551.0,3058.0,2852.0,191.0,3532.0,48.0,42.05,2.56,0.0
2006/03/31,30.85,31.75,30.75,31.25,14946.0,468938.0,1.7915,4.1655,3737.0,-117.0,329.0,100.0,312.0,45268.0,3784.0,5063.0,225.0,3405.0,99.0,42.81,2.6,0.0
2006/04/03,31.6,32.75,31.55,32.1,14399.0,464476.0,2.72,4.0131,4399.0,-15.0,410.0,907.0,1302.0,44481.0,4384.0,5159.0,288.0,3150.0,47.0,43.97,2.7,0.0
2006/04/04,32.3,32.5,31.55,31.65,7183.0,229275.0,-1.4019,2.0019,2005.0,-218.0,29.0,-150.0,-339.0,43599.0,2287.0,3169.0,1211.0,1939.0,0.0,43.96,2.66,0.0
2006/04/06,32.45,32.5,32.0,32.4,8886.0,286682.0,2.3697,2.4766,2645.0,50.0,300.0,-158.0,192.0,42354.0,2860.0,4098.0,1929.0,5.0,0.0,45.0,2.72,0.0
2006/04/07,32.5,32.5,31.5,31.8,5862.0,187178.0,-1.8519,1.6338,1459.0,-1303.0,178.0,235.0,-890.0,39751.0,0.0,2603.0,0.0,0.0,0.0,44.17,2.67,0.0
2006/04/10,31.7,32.6,31.5,31.8,4002.0,128635.0,0.0,1.1154,1257.0,1.0,-130.0,95.0,-34.0,38682.0,0.0,1067.0,0.0,0.0,0.0,44.17,2.67,0.0
2006/04/11,32.0,32.1,31.5,31.8,2293.0,72719.0,0.0,0.6391,889.0,0.0,0.0,229.0,229.0,37913.0,0.0,766.0,0.0,0.0,0.0,44.17,2.67,0.0
2006/04/12,31.5,32.15,31.5,31.9,7440.0,237067.0,0.3145,2.0736,1715.0,20.0,-100.0,68.0,-12.0,40629.0,4431.0,1715.0,0.0,2462.0,2462.0,44.31,2.68,0.0
2006/04/13,32.35,32.65,31.95,32.1,9892.0,320194.0,0.627,2.7528,2819.0,-55.0,750.0,860.0,1555.0,41153.0,3739.0,3190.0,3.0,2696.0,237.0,44.58,2.7,0.0
2006/04/14,32.6,33.4,32.3,32.3,17350.0,570551.0,0.6231,4.8282,4671.0,-546.0,320.0,-886.0,-1112.0,43623.0,7251.0,4778.0,40.0,3171.0,515.0,44.86,2.71,0.0
2006/04/17,32.6,32.8,32.1,32.1,8304.0,269168.0,-0.6192,2.3108,2030.0,149.0,-1300.0,190.0,-961.0,43408.0,2867.0,3082.0,73.0,3322.0,234.0,44.58,2.7,0.0
2006/04/18,32.15,32.4,31.7,32.0,4847.0,155084.0,-0.3115,1.3488,1267.0,0.0,-1140.0,-1.0,-1141.0,43965.0,2351.0,1791.0,209.0,3115.0,2.0,44.44,2.69,0.0
2006/04/19,32.4,32.9,31.85,32.0,11361.0,368613.0,0.0,3.1616,2809.0,150.0,-150.0,0.0,0.0,45226.0,5053.0,3552.0,22.0,3238.0,145.0,44.44,2.69,0.0
2006/04/20,32.2,32.55,31.8,32.05,6499.0,209070.0,0.1562,1.8085,1837.0,0.0,200.0,300.0,500.0,44239.0,1971.0,2956.0,52.0,3274.0,89.0,44.51,2.69,0.0
2006/04/21,32.15,33.2,32.1,32.5,14588.0,477081.0,1.4041,4.0596,4042.0,-26.0,40.0,349.0,363.0,45383.0,6548.0,5402.0,79.0,3671.0,476.0,45.14,2.73,0.0
2006/04/24,32.5,33.3,32.5,32.7,12129.0,399230.0,0.6154,3.3753,2908.0,0.0,0.0,71.0,71.0,45292.0,4277.0,4354.0,24.0,3829.0,182.0,45.42,2.75,0.0
2006/04/25,32.8,33.1,31.5,31.6,7687.0,246830.0,-3.3639,2.1391,2159.0,-280.0,0.0,-1300.0,-1580.0,45540.0,3493.0,3238.0,716.0,3117.0,11.0,43.89,2.66,0.0
2006/04/26,31.6,32.05,31.5,31.85,5903.0,187284.0,0.7911,1.6427,1639.0,84.0,-482.0,-159.0,-557.0,45456.0,2323.0,2407.0,59.0,3117.0,62.0,44.24,2.68,0.0
2006/04/27,32.0,33.0,31.85,31.95,10816.0,350943.0,0.314,3.0099,3095.0,-20.0,250.0,100.0,330.0,45638.0,3785.0,3593.0,86.0,3646.0,615.0,44.38,2.68,0.0
2006/04/28,32.7,32.9,31.85,32.0,13344.0,433255.0,0.1565,3.7134,2999.0,100.0,-395.0,-324.0,-619.0,46755.0,4410.0,3292.0,65.0,3834.0,253.0,44.44,2.69,0.0
2006/05/02,32.0,32.5,31.8,31.9,6620.0,212551.0,-0.3125,1.8422,1817.0,0.0,-110.0,-100.0,-210.0,46388.0,2830.0,3191.0,86.0,4032.0,285.0,44.31,2.68,0.0
2006/05/03,31.95,32.2,30.5,31.25,11516.0,357436.0,-2.0376,3.2047,3546.0,-100.0,-880.0,-779.0,-1759.0,45200.0,4377.0,5505.0,1045.0,3016.0,34.0,43.4,1.87,0.0
2006/05/04,31.25,31.25,30.5,30.5,7844.0,241266.0,-2.4,2.1828,2333.0,57.0,-625.0,-1.0,-569.0,45669.0,2731.0,2260.0,97.0,2935.0,16.0,11.55,1.82,0.0
2006/05/05,30.5,30.85,29.8,29.8,9102.0,275570.0,-2.2951,2.5329,2816.0,11.0,-824.0,2.0,-811.0,46297.0,3368.0,2730.0,423.0,2801.0,289.0,11.29,1.78,0.0
2006/05/08,30.0,30.3,29.1,29.25,8028.0,238180.0,-1.8456,2.234,2514.0,97.0,-519.0,-10.0,-432.0,47290.0,3169.0,1947.0,227.0,2771.0,201.0,11.08,1.75,0.0
2006/05/09,29.25,29.6,28.5,28.55,7944.0,230835.0,-2.3932,2.2107,2388.0,127.0,-266.0,0.0,-139.0,48569.0,2831.0,1531.0,297.0,2517.0,43.0,10.81,1.71,0.0
2006/05/10,28.55,28.8,28.0,28.0,6571.0,186400.0,-1.9264,1.8286,1815.0,124.0,-79.0,-1.0,44.0,49293.0,2454.0,1696.0,178.0,2374.0,35.0,10.61,1.67,0.0
2006/05/11,28.05,29.5,28.05,29.45,6910.0,198505.0,5.1786,1.9229,2226.0,73.0,75.0,1.0,149.0,49230.0,1928.0,1984.0,116.0,2321.0,64.0,11.16,1.76,0.0
2006/05/12,29.2,29.85,29.0,29.2,6776.0,198856.0,-0.8489,1.8856,1932.0,31.0,-1.0,1.0,31.0,50684.0,3744.0,2285.0,36.0,2409.0,124.0,11.06,1.74,0.0
2006/05/15,28.8,29.2,28.8,28.8,3364.0,97323.0,-1.3699,0.9361,1032.0,-1417.0,0.0,6.0,-1411.0,50882.0,1343.0,1132.0,80.0,2330.0,1.0,10.91,1.72,0.0
2006/05/16,28.9,29.0,28.3,28.3,4105.0,117393.0,-1.7361,1.1423,1109.0,-1568.0,-300.0,-1.0,-1869.0,50480.0,892.0,1290.0,20.0,2351.0,41.0,10.72,1.69,0.0
2006/05/17,28.45,28.85,28.15,28.8,9252.0,264505.0,1.7668,2.5747,2489.0,-1959.0,-600.0,90.0,-2469.0,52105.0,2740.0,1085.0,14.0,2596.0,260.0,10.91,1.72,0.0
2006/05/18,28.5,28.75,28.15,28.2,2983.0,84778.0,-2.0833,0.8301,990.0,0.0,0.0,2.0,2.0,51457.0,893.0,1416.0,294.0,2302.0,0.0,10.68,1.68,0.0
2006/05/19,28.25,28.6,28.25,28.3,2677.0,75998.0,0.3546,0.745,881.0,-1.0,-797.0,-1.0,-799.0,51694.0,1123.0,882.0,22.0,2311.0,31.0,10.72,1.69,0.0
2006/05/22,28.5,28.9,28.3,28.3,4104.0,117400.0,0.0,1.1421,1278.0,14.0,-300.0,-1.0,-287.0,51681.0,1687.0,1690.0,149.0,2180.0,18.0,10.72,1.69,0.0
2006/05/23,28.3,28.55,27.4,28.0,4055.0,113300.0,-1.0601,1.1284,1318.0,7.0,-600.0,71.0,-522.0,51137.0,1363.0,1906.0,91.0,2096.0,7.0,10.61,1.67,0.0
2006/05/24,28.0,28.25,26.65,27.0,4643.0,126840.0,-3.5714,1.2921,1492.0,9.0,0.0,136.0,145.0,50916.0,1404.0,1528.0,118.0,1981.0,3.0,10.23,1.61,0.0
2006/05/25,27.25,27.4,26.65,26.65,2405.0,64850.0,-1.2963,0.6693,757.0,0.0,0.0,45.0,45.0,50784.0,740.0,842.0,10.0,2018.0,47.0,10.09,1.59,0.0
2006/05/26,27.0,27.2,26.4,26.4,3868.0,103792.0,-0.9381,1.0764,982.0,0.0,118.0,80.0,198.0,50836.0,885.0,816.0,12.0,2028.0,22.0,10.0,1.58,0.0
2006/05/29,26.5,26.7,26.3,26.65,2321.0,61450.0,0.947,0.6459,589.0,3.0,-350.0,48.0,-299.0,50828.0,473.0,476.0,78.0,1958.0,8.0,10.09,1.59,0.0
2006/05/30,26.65,27.0,26.65,27.0,1796.0,48245.0,1.3133,0.4998,574.0,16.0,0.0,-1.0,15.0,50707.0,588.0,708.0,34.0,1936.0,12.0,10.23,1.61,0.0
2006/06/01,27.2,27.2,26.8,26.95,1727.0,46723.0,-0.1852,0.4806,594.0,-221.0,-28.0,0.0,-249.0,50968.0,851.0,588.0,23.0,1938.0,25.0,10.21,1.61,0.0
2006/06/02,27.0,27.1,26.6,27.1,2373.0,63822.0,0.5566,0.6604,695.0,-20.0,-340.0,-1.0,-361.0,51052.0,950.0,734.0,48.0,1896.0,6.0,10.27,1.62,0.0
2006/06/05,27.0,27.1,25.25,25.5,3618.0,93575.0,-5.9041,1.0068,945.0,96.0,0.0,319.0,415.0,50301.0,933.0,1659.0,113.0,1783.0,0.0,9.66,1.66,0.0
2006/06/06,25.0,25.6,23.8,25.1,4851.0,120680.0,-1.5686,1.3499,1272.0,-15.0,-799.0,202.0,-612.0,49114.0,1055.0,2178.0,174.0,1613.0,4.0,10.33,1.63,0.0
2006/06/07,24.9,24.95,23.35,23.7,4269.0,101845.0,-5.5777,1.188,1069.0,0.0,0.0,-469.0,-469.0,48831.0,854.0,1067.0,163.0,1450.0,0.0,9.75,1.54,0.0
2006/06/08,23.0,23.4,22.05,22.05,7223.0,161125.0,-6.962,2.01,1600.0,-14.0,-400.0,595.0,181.0,47219.0,2088.0,3626.0,218.0,1232.0,0.0,9.07,1.43,0.0
2006/06/09,22.05,22.1,21.1,22.05,6370.0,137678.0,0.0,1.7726,1526.0,-76.0,-350.0,-1297.0,-1723.0,47439.0,2235.0,1734.0,609.0,616.0,3.0,9.07,1.43,0.0
2006/06/12,22.0,22.65,21.6,22.55,3462.0,76379.0,2.2676,0.9634,992.0,-20.0,0.0,-651.0,-671.0,47057.0,1060.0,1271.0,2.0,607.0,8.0,9.28,1.47,0.0
2006/06/13,22.4,23.3,22.05,23.0,5933.0,135786.0,1.9956,1.651,1806.0,-40.0,-1.0,0.0,-41.0,47438.0,2129.0,1591.0,8.0,689.0,90.0,9.47,1.5,0.0
2006/06/14,23.0,23.4,22.9,23.2,2401.0,55521.0,0.8696,0.6682,779.0,-2.0,0.0,0.0,-2.0,47385.0,826.0,874.0,41.0,665.0,17.0,9.55,1.51,0.0
2006/06/15,23.4,23.4,22.7,22.8,1968.0,45323.0,-1.7241,0.5477,631.0,-40.0,0.0,0.0,-40.0,46945.0,558.0,877.0,27.0,643.0,5.0,9.38,1.48,0.0
2006/06/16,23.45,23.45,22.55,22.65,4794.0,110277.0,-0.6579,1.3341,1235.0,0.0,0.0,1.0,1.0,47806.0,1938.0,1061.0,69.0,619.0,45.0,9.32,1.47,0.0
2006/06/19,22.3,23.3,22.3,23.3,3846.0,87649.0,2.8698,1.0703,1100.0,68.0,40.0,0.0,108.0,46971.0,571.0,1387.0,60.0,585.0,26.0,9.59,1.52,0.0
2006/06/20,23.05,23.65,22.35,22.35,3700.0,84904.0,-4.0773,1.0296,1085.0,-67.0,20.0,-2.0,-49.0,47422.0,1373.0,917.0,56.0,536.0,7.0,9.2,1.45,0.0
2006/06/21,22.35,22.35,20.8,20.8,9042.0,190738.0,-6.9351,2.5162,2208.0,-61.0,-365.0,2.0,-424.0,47197.0,2944.0,3098.0,112.0,427.0,3.0,8.56,1.35,0.0
2006/06/22,20.85,22.0,20.3,22.0,7376.0,154947.0,5.7692,2.0526,2241.0,101.0,-10.0,-74.0,17.0,46938.0,1851.0,2008.0,4.0,627.0,204.0,9.05,1.43,0.0
2006/06/23,21.2,21.8,21.1,21.5,3224.0,69130.0,-2.2727,0.8972,1054.0,-56.0,0.0,3.0,-53.0,46850.0,1522.0,1515.0,123.0,504.0,0.0,8.85,1.4,0.0
2006/06/26,21.85,23.0,21.6,23.0,7016.0,157492.0,6.9767,1.9524,1888.0,152.0,0.0,0.0,152.0,47556.0,2937.0,2231.0,16.0,520.0,32.0,9.47,1.5,0.0
2006/06/27,23.3,23.8,23.05,23.1,8131.0,190533.0,0.4348,2.2627,2341.0,-200.0,-200.0,11.0,-389.0,47342.0,3301.0,3515.0,34.0,502.0,16.0,9.51,1.5,0.0
2006/06/28,23.0,23.3,22.75,23.2,2264.0,52113.0,0.4329,0.63,807.0,-28.0,0.0,-2.0,-30.0,47315.0,1062.0,1057.0,8.0,499.0,7.0,9.55,1.51,0.0
2006/06/29,23.5,23.5,23.0,23.0,2384.0,55337.0,-0.8621,0.6634,804.0,-8.0,0.0,-4.0,-12.0,47515.0,1053.0,833.0,17.0,478.0,7.0,9.47,1.5,0.0
2006/06/30,23.7,23.8,23.3,23.3,4414.0,103653.0,1.3043,1.2277,1236.0,11.0,0.0,0.0,11.0,48204.0,2126.0,1436.0,15.0,466.0,4.0,9.59,1.52,0.0
2006/07/03,23.3,23.5,22.8,22.95,2710.0,62429.0,-1.5021,0.7538,781.0,0.0,-300.0,0.0,-300.0,48573.0,1330.0,959.0,6.0,461.0,1.0,9.44,1.49,0.0
2006/07/04,23.05,23.5,22.95,23.1,4181.0,97414.0,0.6536,1.1629,1162.0,-12.0,-169.0,3.0,-178.0,49748.0,2346.0,1168.0,21.0,465.0,25.0,9.51,1.5,0.0
2006/07/05,23.0,23.15,22.7,22.75,2472.0,56600.0,-1.5152,0.6876,741.0,2.0,-50.0,-1.0,-49.0,49644.0,1025.0,1132.0,21.0,445.0,1.0,9.36,1.48,0.0
2006/07/06,22.7,23.0,22.55,22.75,1547.0,35279.0,0.0,0.4303,454.0,-47.0,0.0,-3.0,-50.0,49638.0,645.0,646.0,3.0,452.0,10.0,9.36,1.48,0.0
2006/07/07,22.75,22.85,22.45,22.5,1940.0,43849.0,-1.0989,0.5396,613.0,7.0,0.0,-7.0,0.0,49508.0,720.0,838.0,7.0,445.0,0.0,9.26,1.46,0.0
2006/07/10,22.4,22.5,22.2,22.45,1206.0,27034.0,-0.2222,0.3354,427.0,34.0,0.0,1.0,35.0,49595.0,586.0,448.0,20.0,430.0,5.0,9.24,1.46,0.0
2006/07/11,22.5,22.7,22.35,22.4,1258.0,28347.0,-0.2227,0.3499,479.0,-34.0,0.0,0.0,-34.0,49678.0,473.0,380.0,0.0,430.0,0.0,9.22,1.46,0.0
2006/07/12,22.4,22.75,22.25,22.25,1736.0,39075.0,-0.6696,0.4829,576.0,2.0,0.0,-1.0,1.0,49938.0,793.0,522.0,0.0,438.0,8.0,9.16,1.45,0.0
2006/07/13,22.25,22.45,22.2,22.3,1099.0,24507.0,0.2247,0.3057,360.0,28.0,-250.0,0.0,-222.0,50191.0,452.0,187.0,0.0,445.0,7.0,9.18,1.45,0.0
2006/07/14,22.1,22.15,21.7,21.7,1412.0,30936.0,-2.6906,0.3927,511.0,-6.0,0.0,0.0,-6.0,49748.0,425.0,822.0,24.0,421.0,0.0,8.93,1.41,0.0
2006/07/17,21.7,21.8,20.3,20.6,2404.0,50260.0,-5.0691,0.6687,758.0,17.0,1.0,0.0,18.0,49043.0,650.0,1350.0,54.0,367.0,0.0,8.48,1.34,0.0
2006/07/18,20.6,21.2,20.6,21.1,1786.0,37175.0,2.4272,0.4968,530.0,7.0,0.0,0.0,7.0,48793.0,647.0,880.0,5.0,367.0,5.0,8.68,1.37,0.0
2006/07/19,21.6,21.6,21.0,21.0,1321.0,28060.0,-0.4739,0.3674,458.0,-23.0,0.0,0.0,-23.0,48687.0,415.0,492.0,2.0,366.0,1.0,8.64,1.37,0.0
2006/07/20,21.5,21.6,21.3,21.4,2224.0,47697.0,1.9048,0.6186,646.0,1.0,0.0,0.0,1.0,49443.0,1199.0,441.0,12.0,362.0,8.0,8.81,1.39,0.0
2006/07/21,21.3,21.3,21.0,21.15,759.0,16054.0,-1.1682,0.2111,333.0,-83.0,0.0,0.0,-83.0,49522.0,262.0,183.0,8.0,354.0,0.0,8.7,1.38,0.0
2006/07/24,20.9,21.3,20.8,21.2,947.0,19955.0,0.2364,0.2634,410.0,-173.0,0.0,1.0,-172.0,49566.0,450.0,366.0,21.0,334.0,1.0,8.72,1.38,0.0
2006/07/25,21.5,21.9,21.45,21.5,2131.0,46175.0,1.4151,0.5927,927.0,-438.0,0.0,0.0,-438.0,49761.0,892.0,666.0,0.0,330.0,1.0,8.85,1.4,0.0
2006/07/26,21.8,21.8,21.4,21.45,2088.0,45030.0,-0.2326,0.5808,666.0,-523.0,0.0,0.0,-523.0,49760.0,611.0,559.0,234.0,96.0,0.0,8.83,1.4,0.0
2006/07/27,21.5,21.75,21.5,21.55,3809.0,82196.0,0.4662,1.0595,1029.0,-1425.0,0.0,0.0,-1425.0,50836.0,1930.0,853.0,17.0,79.0,0.0,8.87,1.4,0.0
2006/07/28,21.6,22.4,21.55,21.9,6773.0,148655.0,1.6241,1.8839,2168.0,-2845.0,0.0,0.0,-2845.0,52364.0,3121.0,1570.0,22.0,57.0,0.0,9.01,1.42,0.0
2006/07/31,22.15,22.15,21.75,21.8,2979.0,65412.0,-0.4566,0.8286,876.0,3.0,0.0,-1.0,2.0,51693.0,1144.0,1770.0,56.0,0.0,0.0,8.97,1.42,0.0
2006/08/01,22.0,22.1,21.8,21.85,2584.0,56768.0,0.2294,0.7187,645.0,485.0,0.0,0.0,485.0,50667.0,0.0,968.0,0.0,0.0,0.0,8.99,1.42,0.0
2006/08/02,22.0,22.05,21.85,22.0,4330.0,95059.0,0.6865,1.2044,851.0,504.0,0.0,101.0,605.0,49798.0,0.0,857.0,0.0,0.0,0.0,9.05,1.43,0.0
2006/08/03,22.2,22.95,22.15,22.95,13716.0,310586.0,4.3182,3.815,2937.0,2613.0,0.0,732.0,3345.0,45018.0,0.0,4775.0,0.0,0.0,0.0,9.44,1.49,0.0
2006/08/04,21.0,21.3,20.85,20.95,12708.0,267545.0,0.616,3.3843,3052.0,-670.0,0.0,-633.0,-1303.0,48920.0,5086.0,1184.0,0.0,144.0,144.0,8.62,1.43,0.0
2006/08/07,20.95,20.95,20.45,20.5,3092.0,63615.0,-2.148,0.8234,872.0,-1000.0,0.0,-200.0,-1200.0,49561.0,1297.0,646.0,61.0,83.0,0.0,8.84,1.4,0.0
2006/08/08,20.5,20.8,20.5,20.65,1946.0,40257.0,0.7317,0.5183,546.0,-34.0,-125.0,0.0,-159.0,49968.0,989.0,580.0,0.0,108.0,25.0,8.9,1.41,0.0
2006/08/09,20.65,20.9,20.55,20.75,2661.0,55115.0,0.4843,0.7087,772.0,-783.0,0.0,2.0,-781.0,50392.0,1013.0,581.0,5.0,104.0,1.0,8.94,1.41,0.0
2006/08/10,20.75,20.75,20.4,20.45,5393.0,110927.0,-1.4458,1.4362,1414.0,-1215.0,0.0,-1.0,-1216.0,50974.0,2019.0,1432.0,11.0,93.0,0.0,8.81,1.39,0.0
2006/08/11,20.45,20.95,20.4,20.65,6248.0,129186.0,0.978,1.6639,1684.0,-1340.0,-130.0,-1.0,-1471.0,52121.0,3097.0,1938.0,9.0,113.0,29.0,8.9,1.41,0.0
2006/08/14,20.65,21.05,20.65,20.8,3893.0,81328.0,0.7264,1.0368,1003.0,-800.0,0.0,20.0,-780.0,52146.0,1272.0,1236.0,7.0,161.0,55.0,8.97,1.42,0.0
2006/08/15,21.0,21.4,20.65,21.35,14731.0,311612.0,2.6442,3.9231,3461.0,-3693.0,0.0,10.0,-3683.0,54000.0,4772.0,2918.0,5.0,188.0,32.0,9.2,1.45,0.0
2006/08/16,21.8,21.85,21.35,21.35,10764.0,232151.0,0.0,2.8666,2841.0,-2345.0,0.0,100.0,-2245.0,54646.0,4804.0,4088.0,12.0,233.0,57.0,9.2,1.45,0.0
2006/08/17,21.7,21.85,21.2,21.2,8423.0,181511.0,-0.7026,2.2432,2116.0,-752.0,0.0,10.0,-742.0,55366.0,3700.0,2958.0,36.0,203.0,6.0,9.14,1.44,0.0
2006/08/18,21.2,21.45,20.8,20.85,3655.0,76885.0,-1.6509,0.9734,1081.0,7.0,0.0,0.0,7.0,55202.0,1685.0,1834.0,49.0,142.0,1.0,8.99,1.42,0.0
2006/08/21,20.85,20.9,19.5,19.5,5254.0,105796.0,-6.4748,1.3992,1629.0,60.0,0.0,-39.0,21.0,54448.0,2126.0,2810.0,56.0,86.0,0.0,8.41,1.33,0.0
2006/08/22,19.5,20.0,19.5,19.95,2182.0,43246.0,2.3077,0.5811,794.0,172.0,0.0,-1.0,171.0,54210.0,650.0,888.0,2.0,143.0,59.0,8.6,1.36,0.0
2006/08/23,20.0,20.55,19.4,20.55,4469.0,89337.0,3.0075,1.1902,1303.0,-14.0,0.0,200.0,186.0,54100.0,1067.0,1177.0,11.0,164.0,32.0,8.86,1.4,0.0
2006/08/24,20.9,21.2,20.75,20.85,6845.0,143730.0,1.4599,1.8229,2141.0,-208.0,150.0,0.0,-58.0,54249.0,2781.0,2622.0,25.0,231.0,92.0,8.99,1.42,0.0
2006/08/25,21.3,21.4,21.0,21.0,8085.0,171539.0,0.7194,2.1532,2222.0,-24.0,150.0,100.0,226.0,54428.0,3375.0,3179.0,14.0,447.0,230.0,9.05,1.5,0.0
2006/08/28,21.2,21.2,20.7,20.95,4675.0,97997.0,-0.2381,1.245,1115.0,-10.0,0.0,1.0,-9.0,54376.0,1616.0,1602.0,26.0,429.0,9.0,7.67,1.5,0.0
2006/08/29,21.2,21.35,20.9,20.95,4353.0,91844.0,0.0,1.1593,1050.0,57.0,54.0,3.0,114.0,53838.0,1209.0,1647.0,4.0,495.0,71.0,7.67,1.5,0.0
2006/08/30,21.0,21.45,21.0,21.15,6490.0,137731.0,0.9547,1.7284,1536.0,0.0,0.0,96.0,96.0,54100.0,2273.0,1919.0,43.0,475.0,25.0,7.75,1.51,0.0
2006/08/31,21.35,21.35,20.95,21.0,3224.0,68019.0,-0.7092,0.8586,822.0,46.0,0.0,0.0,46.0,54722.0,1714.0,1092.0,186.0,291.0,2.0,7.69,1.5,0.0
2006/09/01,21.05,21.4,20.8,21.4,3748.0,79175.0,1.9048,0.9982,958.0,185.0,0.0,-4.0,181.0,53673.0,719.0,1561.0,45.0,286.0,40.0,7.84,1.53,0.0
2006/09/04,21.5,22.2,21.45,21.6,8901.0,193641.0,0.9346,2.3705,2354.0,29.0,0.0,-89.0,-60.0,53509.0,3034.0,3193.0,39.0,452.0,205.0,7.91,1.55,0.0
2006/09/05,21.65,21.8,21.3,21.3,3484.0,74921.0,-1.3889,0.9278,942.0,-5.0,0.0,2.0,-3.0,53034.0,1392.0,1862.0,52.0,435.0,35.0,7.8,1.52,0.0
2006/09/06,21.4,21.8,21.3,21.45,3850.0,82932.0,0.7042,1.0253,1083.0,-104.0,0.0,0.0,-104.0,52602.0,1125.0,1557.0,3.0,551.0,119.0,7.86,1.54,0.0
2006/09/07,21.3,21.5,21.1,21.5,1644.0,34986.0,0.2331,0.4378,529.0,40.0,0.0,0.0,40.0,52114.0,413.0,861.0,87.0,459.0,0.0,7.88,1.54,0.0
2006/09/08,21.35,21.5,21.3,21.3,1656.0,35391.0,-0.9302,0.441,509.0,38.0,0.0,0.0,38.0,52116.0,726.0,715.0,102.0,367.0,10.0,7.8,1.52,0.0
2006/09/11,21.3,21.5,21.1,21.3,2815.0,60016.0,0.0,0.7497,816.0,0.0,0.0,0.0,0.0,51699.0,1216.0,1594.0,9.0,358.0,0.0,7.8,1.52,0.0
2006/09/12,21.3,21.3,20.75,20.8,2316.0,48527.0,-2.3474,0.6168,654.0,-15.0,0.0,0.0,-15.0,51294.0,691.0,1084.0,51.0,307.0,0.0,7.62,1.49,0.0
2006/09/13,21.0,21.05,20.55,20.55,1801.0,37309.0,-1.2019,0.4796,564.0,-21.0,0.0,-1.0,-22.0,51377.0,485.0,391.0,115.0,234.0,42.0,7.53,1.47,0.0
2006/09/14,20.55,20.7,19.55,19.85,4197.0,83801.0,-3.4063,1.1177,1373.0,7.0,0.0,-4.0,3.0,51177.0,1591.0,1786.0,30.0,127.0,2.0,7.27,1.42,0.0
2006/09/15,19.6,20.15,19.5,20.1,2070.0,41207.0,1.2594,0.5513,826.0,-34.0,0.0,-14.0,-49.0,51486.0,829.0,467.0,46.0,67.0,0.0,7.36,1.44,0.0
2006/09/18,20.5,20.9,20.3,20.85,3075.0,63415.0,3.7313,0.8189,1187.0,96.0,0.0,18.0,114.0,52092.0,1167.0,556.0,19.0,76.0,33.0,7.64,1.49,0.0
2006/09/19,20.9,20.9,20.65,20.75,1690.0,35070.0,-0.4796,0.4501,656.0,2.0,0.0,-13.0,-11.0,52363.0,819.0,465.0,3.0,72.0,0.0,7.6,1.49,0.0
2006/09/20,20.6,21.3,20.5,21.1,4993.0,105061.0,1.6867,1.3297,1323.0,-5.0,0.0,-20.0,-25.0,51455.0,533.0,1409.0,9.0,142.0,80.0,7.73,1.51,0.0
2006/09/21,21.1,21.3,20.95,21.0,1695.0,35788.0,-0.4739,0.4514,658.0,-27.0,0.0,0.0,-27.0,51422.0,534.0,550.0,33.0,129.0,20.0,7.69,1.5,0.0
2006/09/22,20.9,21.45,20.8,21.45,3694.0,78474.0,2.1429,0.9838,1015.0,67.0,0.0,0.0,67.0,51269.0,1708.0,1690.0,44.0,89.0,5.0,7.86,1.54,0.0
2006/09/25,21.8,22.3,21.75,22.15,11718.0,258328.0,3.2634,3.1207,3575.0,-40.0,-200.0,0.0,-240.0,51391.0,4214.0,4092.0,4.0,305.0,220.0,8.11,1.59,0.0
2006/09/26,22.3,22.35,21.6,21.6,4506.0,98629.0,-2.4831,1.2,1405.0,-36.0,-50.0,0.0,-86.0,50833.0,1751.0,2286.0,58.0,250.0,3.0,7.91,1.55,0.0
2006/09/27,21.7,21.85,21.55,21.7,2607.0,56515.0,0.463,0.6943,829.0,0.0,0.0,0.0,0.0,50420.0,715.0,1127.0,28.0,363.0,142.0,7.95,1.55,0.0
2006/09/28,21.7,21.7,21.2,21.3,2409.0,51522.0,-1.8433,0.6416,750.0,-27.0,0.0,0.0,-27.0,50064.0,728.0,1067.0,151.0,218.0,6.0,7.8,1.52,0.0
2006/09/29,21.3,21.6,21.3,21.6,1388.0,29819.0,1.4085,0.3696,514.0,-10.0,-162.0,0.0,-172.0,50103.0,420.0,344.0,115.0,219.0,116.0,7.91,1.55,0.0
2006/10/02,21.9,21.95,21.6,21.75,2147.0,46876.0,0.6944,0.5718,809.0,-28.0,0.0,4.0,-24.0,50101.0,883.0,863.0,12.0,224.0,17.0,7.97,1.56,0.0
2006/10/03,21.75,21.95,21.55,21.85,3284.0,71694.0,0.4598,0.8746,1094.0,14.0,0.0,0.0,14.0,50119.0,1019.0,999.0,0.0,255.0,31.0,8.0,1.56,0.0
2006/10/04,22.0,22.05,21.65,21.65,2130.0,46558.0,-0.9153,0.5673,721.0,-12.0,-1.0,-1.0,-14.0,49766.0,663.0,1015.0,4.0,301.0,50.0,7.93,1.55,0.0
2006/10/05,21.85,21.9,21.65,21.65,2487.0,54139.0,0.0,0.6623,732.0,36.0,0.0,19.0,55.0,50057.0,993.0,687.0,1.0,307.0,7.0,7.93,1.55,0.0
2006/10/11,21.9,21.9,21.7,21.75,2045.0,44579.0,0.4619,0.5446,609.0,4.0,-58.0,0.0,-54.0,49884.0,604.0,729.0,2.0,572.0,267.0,7.97,1.56,0.0
2006/10/12,21.8,21.95,21.65,21.65,2486.0,54304.0,-0.4598,0.6621,765.0,18.0,0.0,0.0,18.0,49762.0,1012.0,1064.0,5.0,700.0,133.0,7.93,1.55,0.0
2006/10/13,21.8,22.35,21.8,22.05,6151.0,136184.0,1.8476,1.6381,1747.0,-6.0,0.0,0.0,-6.0,49590.0,2422.0,2514.0,7.0,722.0,30.0,8.08,1.58,0.0
2006/10/14,22.2,22.75,22.05,22.5,6938.0,155897.0,2.0408,1.8477,2027.0,300.0,-2.0,50.0,348.0,49595.0,3130.0,3095.0,50.0,745.0,73.0,8.24,1.61,0.0
2006/10/16,22.7,23.3,22.55,23.05,11119.0,255875.0,2.4444,2.9612,2625.0,-10.0,-135.0,-48.0,-193.0,50020.0,3135.0,2686.0,18.0,827.0,100.0,8.44,1.65,0.0
2006/10/17,23.05,23.05,22.55,22.55,3111.0,70668.0,-2.1692,0.8285,1058.0,-34.0,0.0,59.0,25.0,50114.0,1383.0,1248.0,14.0,813.0,0.0,8.26,1.61,0.0
2006/10/18,22.3,22.4,22.05,22.15,2665.0,59115.0,-1.7738,0.7097,801.0,-24.0,0.0,-20.0,-44.0,49967.0,1082.0,1226.0,56.0,754.0,0.0,8.11,1.59,0.0
2006/10/19,22.15,22.35,22.0,22.15,1768.0,39229.0,0.0,0.4708,617.0,25.0,-113.0,-9.0,-97.0,49796.0,549.0,720.0,52.0,708.0,6.0,8.11,1.59,0.0
2006/10/20,22.35,22.9,22.2,22.65,3613.0,81725.0,2.2573,0.9622,1148.0,122.0,0.0,2.0,124.0,49846.0,1274.0,1219.0,0.0,769.0,61.0,8.3,1.62,0.0
2006/10/23,22.95,23.75,22.85,23.5,12288.0,287843.0,3.7528,3.2725,3927.0,-461.0,0.0,-4.0,-465.0,50569.0,3906.0,3184.0,45.0,1389.0,670.0,8.61,1.68,0.0
2006/10/24,23.6,23.75,23.2,23.3,6267.0,147125.0,-0.8511,1.669,1794.0,-421.0,0.0,15.0,-406.0,51038.0,2559.0,2090.0,142.0,1356.0,111.0,8.53,1.67,0.0
2006/10/25,23.3,23.6,23.25,23.3,4024.0,94069.0,0.0,1.0717,1094.0,713.0,0.0,18.0,731.0,51380.0,1979.0,1627.0,6.0,1362.0,12.0,8.53,1.67,0.0
2006/10/26,23.5,24.25,23.5,23.7,10517.0,251394.0,1.7167,2.8008,3404.0,10.0,0.0,-71.0,-61.0,51689.0,3605.0,3276.0,2.0,2045.0,685.0,8.68,1.7,0.0
2006/10/27,24.1,24.2,23.65,23.7,5584.0,133073.0,0.0,1.4871,1722.0,236.0,0.0,16.0,252.0,51051.0,2159.0,2796.0,13.0,2042.0,10.0,8.68,1.7,0.0
2006/10/30,23.6,23.6,23.25,23.3,2757.0,64514.0,-1.6878,0.7342,835.0,9.0,0.0,-3.0,6.0,50292.0,692.0,1451.0,489.0,1553.0,0.0,9.07,1.67,0.0
2006/10/31,23.4,23.55,23.2,23.25,2157.0,50296.0,-0.2146,0.5744,700.0,-247.0,0.0,-3.0,-250.0,50344.0,801.0,749.0,196.0,1374.0,17.0,9.05,1.67,0.0
2006/11/01,23.25,23.5,23.2,23.2,1742.0,40651.0,-0.2151,0.4639,582.0,6.0,0.0,-2.0,4.0,50314.0,679.0,639.0,46.0,1331.0,3.0,9.03,1.66,0.0
2006/11/02,23.2,23.25,22.7,22.95,3311.0,75979.0,-1.0776,0.8818,958.0,22.0,0.0,0.0,22.0,50058.0,1091.0,1342.0,357.0,974.0,0.0,8.93,1.65,0.0
2006/11/03,23.0,23.2,22.85,23.1,2813.0,64914.0,0.6536,0.7696,882.0,89.0,0.0,23.0,112.0,50012.0,1184.0,1230.0,109.0,866.0,1.0,8.99,1.66,0.0
2006/11/06,22.0,22.9,22.0,22.4,2965.0,66535.0,-3.0303,0.8112,952.0,105.0,0.0,-2.0,103.0,49447.0,610.0,1168.0,174.0,692.0,0.0,8.72,1.61,0.0
2006/11/07,22.5,23.05,22.5,22.8,2596.0,59339.0,1.7857,0.7103,918.0,-27.0,0.0,0.0,-27.0,49740.0,934.0,631.0,13.0,754.0,75.0,8.87,1.64,0.0
2006/11/08,23.0,23.1,22.5,22.55,2374.0,54067.0,-1.0965,0.6495,848.0,-134.0,0.0,-60.0,-194.0,49498.0,664.0,892.0,50.0,704.0,0.0,8.77,1.62,0.0
2006/11/09,22.9,23.05,22.55,22.55,3161.0,72183.0,0.0,0.8649,912.0,-32.0,0.0,18.0,-14.0,49505.0,1228.0,1142.0,1.0,807.0,104.0,8.77,1.62,0.0
2006/11/10,22.6,23.0,22.55,22.9,2038.0,46499.0,1.5521,0.5576,727.0,0.0,0.0,1.0,1.0,49470.0,823.0,858.0,1.0,833.0,28.0,8.91,1.64,0.0
2006/11/13,23.1,23.35,22.8,23.25,3540.0,81926.0,1.5284,0.9686,1147.0,-17.0,0.0,0.0,-17.0,49104.0,952.0,1278.0,0.0,1045.0,212.0,9.05,1.67,0.0
2006/11/14,23.5,23.85,23.25,23.75,9007.0,213073.0,2.1505,2.4643,2369.0,331.0,0.0,0.0,331.0,49335.0,2656.0,2425.0,5.0,1500.0,470.0,9.24,1.7,0.0
2006/11/15,23.85,23.9,23.3,23.35,4478.0,105398.0,-1.6842,1.2252,1333.0,291.0,0.0,36.0,327.0,48768.0,1692.0,2179.0,165.0,1335.0,0.0,9.09,1.68,0.0
2006/11/16,23.4,24.5,23.3,24.3,12240.0,293562.0,4.0685,3.3489,3234.0,-21.0,0.0,-21.0,-42.0,50276.0,4989.0,3481.0,7.0,1953.0,629.0,9.46,1.74,0.0
2006/11/17,24.5,24.7,23.8,23.8,15286.0,372397.0,-2.0576,4.1823,3541.0,-129.0,-1.0,0.0,-130.0,50974.0,5629.0,4931.0,253.0,2004.0,304.0,9.26,1.71,0.0
2006/11/20,23.8,23.9,23.4,23.4,3977.0,93801.0,-1.6807,1.0881,1138.0,22.0,1.0,0.0,23.0,49678.0,789.0,2031.0,407.0,1547.0,0.0,9.11,1.68,0.0
2006/11/21,23.5,24.1,23.45,23.9,7596.0,181160.0,2.1368,2.0783,1677.0,7.0,0.0,335.0,342.0,51425.0,3339.0,1592.0,1.0,1759.0,213.0,9.3,1.71,0.0
2006/11/22,24.4,24.85,24.15,24.45,16180.0,397307.0,2.3013,4.4269,4144.0,1.0,0.0,0.0,1.0,51943.0,6316.0,5793.0,130.0,2031.0,402.0,9.51,1.75,0.0
2006/11/23,24.6,25.15,24.35,24.4,11156.0,276213.0,-0.2045,3.0523,2946.0,-104.0,0.0,-9.0,-113.0,52408.0,5245.0,4764.0,7.0,2079.0,56.0,9.49,1.75,0.0
2006/11/24,24.6,24.75,24.25,24.7,6060.0,148805.0,1.2295,1.658,1582.0,35.0,0.0,-16.0,19.0,52389.0,2426.0,2443.0,2.0,2079.0,2.0,9.61,1.77,7.33
2006/11/27,24.8,24.9,24.3,24.3,5246.0,128834.0,-1.6194,1.4353,1434.0,-9.0,0.0,-1.0,-10.0,51669.0,1950.0,2470.0,6.0,2073.0,0.0,9.46,1.74,7.45
2006/11/28,24.2,24.7,24.15,24.7,5157.0,126420.0,1.6461,1.411,1373.0,25.0,0.0,0.0,25.0,51419.0,1933.0,2178.0,1.0,2104.0,32.0,9.61,1.77,7.33
2006/11/29,24.9,25.2,24.6,24.7,15113.0,378176.0,0.0,4.135,2885.0,16.0,0.0,-169.0,-153.0,53398.0,5703.0,3724.0,5.0,2222.0,123.0,9.61,1.77,7.33
2006/11/30,24.7,24.95,24.4,24.6,4759.0,117140.0,-0.4049,1.3021,1194.0,-40.0,0.0,0.0,-40.0,53084.0,2012.0,2121.0,106.0,2231.0,115.0,9.57,1.76,7.36
2006/12/01,24.9,24.9,24.5,24.55,3723.0,91626.0,-0.2033,1.0186,1141.0,36.0,0.0,12.0,48.0,52798.0,1485.0,1759.0,3.0,2243.0,15.0,9.55,1.76,7.37
2006/12/04,24.7,24.75,24.35,24.5,3467.0,84951.0,-0.2037,0.9486,930.0,5.0,0.0,4.0,9.0,52649.0,1130.0,1273.0,80.0,2173.0,10.0,9.53,1.76,7.39
2006/12/05,24.6,24.75,24.05,24.05,3948.0,96112.0,-1.8367,1.0802,1073.0,91.0,0.0,10.0,101.0,51633.0,1009.0,1915.0,117.0,2056.0,0.0,9.36,1.68,7.53
2006/12/06,24.1,24.35,23.95,24.1,2932.0,70709.0,0.2079,0.8022,814.0,61.0,0.0,1.0,62.0,50898.0,864.0,1587.0,207.0,1867.0,19.0,9.13,1.68,7.51
2006/12/07,24.1,24.1,23.7,23.7,4143.0,98871.0,-1.6598,1.1335,1208.0,174.0,0.0,-19.0,155.0,50441.0,1482.0,1936.0,228.0,1639.0,0.0,8.98,1.66,7.64
2006/12/08,23.6,23.85,23.6,23.85,1767.0,41963.0,0.6329,0.4835,631.0,41.0,0.0,1.0,42.0,50126.0,431.0,669.0,14.0,1648.0,23.0,9.03,1.67,7.59
2006/12/11,23.8,23.95,23.65,23.7,1534.0,36474.0,-0.6289,0.4197,533.0,0.0,0.0,-21.0,-21.0,50157.0,525.0,432.0,27.0,1641.0,20.0,8.98,1.66,7.64
2006/12/12,23.7,23.9,23.4,23.4,2506.0,59084.0,-1.2658,0.6856,731.0,0.0,0.0,11.0,11.0,49632.0,537.0,1062.0,361.0,1280.0,0.0,8.86,1.63,7.74
2006/12/13,23.45,23.65,23.25,23.3,1920.0,44922.0,-0.4274,0.5253,632.0,-21.0,0.0,-15.0,-36.0,49413.0,448.0,656.0,66.0,1246.0,32.0,8.83,1.63,7.77
2006/12/14,23.35,23.6,23.3,23.55,1470.0,34561.0,1.073,0.4022,474.0,3.0,0.0,0.0,3.0,49259.0,511.0,659.0,1.0,1245.0,0.0,8.92,1.64,7.69
2006/12/15,23.7,23.9,23.6,23.6,1756.0,41674.0,0.2123,0.4804,566.0,-69.0,0.0,0.0,-69.0,49066.0,577.0,768.0,13.0,1246.0,14.0,8.94,1.65,7.67
2006/12/18,23.65,23.95,23.6,23.7,1912.0,45559.0,0.4237,0.5231,621.0,-43.0,-1.0,0.0,-44.0,49304.0,795.0,531.0,2.0,1395.0,151.0,8.98,1.66,7.64
2006/12/19,23.95,24.2,23.85,23.95,2809.0,67496.0,1.0549,0.7685,923.0,-49.0,0.0,0.0,-49.0,48975.0,845.0,1024.0,10.0,1488.0,103.0,9.07,1.67,7.56
2006/12/20,24.0,24.1,23.8,23.8,1937.0,46267.0,-0.6263,0.53,692.0,-50.0,0.0,0.0,-50.0,48629.0,571.0,917.0,0.0,1489.0,1.0,9.02,1.66,7.61
2006/12/21,24.0,24.0,23.65,23.65,2179.0,51808.0,-0.6303,0.5962,684.0,13.0,0.0,-14.0,-1.0,48599.0,754.0,782.0,61.0,1428.0,0.0,8.96,1.65,7.65
2006/12/22,24.2,25.3,24.1,25.0,28789.0,715729.0,5.7082,7.8767,6276.0,415.0,0.0,114.0,529.0,51846.0,8706.0,5402.0,91.0,2063.0,726.0,9.47,1.75,7.24
2006/12/25,24.9,24.9,24.6,24.8,6289.0,155626.0,-0.8,1.7207,1756.0,74.0,0.0,0.0,74.0,51435.0,2777.0,3165.0,333.0,1730.0,0.0,9.39,1.73,7.3
2006/12/26,24.8,25.1,24.45,25.05,8345.0,206595.0,1.0081,2.2832,2033.0,204.0,1.0,-163.0,42.0,51151.0,2728.0,2999.0,55.0,1735.0,60.0,9.49,1.75,7.23
2006/12/27,25.2,25.8,24.8,25.2,19908.0,507730.0,0.5988,5.4469,4654.0,-473.0,0.0,-1.0,-474.0,52450.0,6574.0,5237.0,0.0,1966.0,232.0,9.55,1.76,7.18
2006/12/28,25.4,25.4,24.65,24.65,8362.0,207681.0,-2.1825,2.2879,1913.0,86.0,0.0,48.0,134.0,54762.0,4190.0,1869.0,231.0,1735.0,0.0,9.34,1.72,7.34
2006/12/29,24.55,24.8,24.55,24.6,3657.0,90197.0,-0.2028,1.0005,1095.0,-24.0,0.0,-7.0,-31.0,54765.0,1377.0,1278.0,57.0,1678.0,0.0,9.32,1.72,7.36
2007/01/02,24.6,24.95,24.5,24.65,3519.0,87086.0,0.2033,0.9628,1167.0,37.0,0.0,-23.0,14.0,54783.0,1386.0,1332.0,39.0,1648.0,9.0,9.34,1.72,7.34
2007/01/03,24.7,24.9,24.35,24.35,3590.0,88076.0,-1.217,0.9822,1159.0,51.0,-165.0,-11.0,-125.0,54444.0,951.0,1275.0,122.0,1526.0,0.0,9.22,1.7,7.43
2007/01/04,24.35,24.95,24.35,24.55,4017.0,99038.0,0.8214,1.099,1416.0,33.0,0.0,1.0,34.0,54576.0,1657.0,1454.0,0.0,1564.0,38.0,9.3,1.71,7.37
2007/01/05,24.75,25.25,24.75,25.15,13330.0,333616.0,2.444,3.647,3253.0,-42.0,0.0,0.0,-42.0,55331.0,5631.0,4820.0,1.0,1725.0,162.0,9.53,1.76,7.2
2007/01/08,25.4,25.9,25.0,25.1,14821.0,376819.0,-0.1988,4.055,3770.0,-59.0,0.0,199.0,140.0,54068.0,6173.0,7416.0,50.0,1884.0,209.0,9.51,1.75,7.21
2007/01/09,25.5,25.9,25.3,25.6,12277.0,314130.0,1.992,3.359,2932.0,-104.0,0.0,-1.0,-105.0,54946.0,5930.0,5048.0,5.0,2431.0,552.0,9.7,1.79,7.07
2007/01/10,25.5,25.5,25.1,25.15,3822.0,96489.0,-1.7578,1.0457,1249.0,3.0,0.0,-17.0,-14.0,54275.0,1214.0,1883.0,92.0,2339.0,0.0,9.53,1.76,7.2
2007/01/11,25.05,25.3,24.35,24.45,6498.0,160793.0,-2.7833,1.7778,1800.0,123.0,1.0,-2.0,122.0,52836.0,2098.0,3532.0,707.0,1632.0,0.0,9.26,1.71,7.4
2007/01/12,24.5,25.25,24.5,24.9,5249.0,130903.0,1.8405,1.4361,1294.0,893.0,656.0,3.0,1552.0,52124.0,1300.0,2004.0,97.0,1715.0,180.0,9.43,1.74,7.27
2007/01/15,25.3,25.85,25.05,25.5,11053.0,282592.0,2.4096,3.0241,2811.0,2156.0,0.0,107.0,2263.0,52422.0,4286.0,3979.0,20.0,2148.0,453.0,9.66,1.78,7.1
2007/01/16,25.7,25.95,25.35,25.45,7648.0,196543.0,-0.1961,2.0925,1887.0,5.0,1001.0,450.0,1456.0,51585.0,3001.0,3538.0,43.0,2171.0,66.0,9.64,1.78,7.11
2007/01/17,25.75,26.25,25.6,26.1,13508.0,351965.0,2.554,3.6957,3649.0,-64.0,230.0,165.0,331.0,52843.0,5558.0,4300.0,101.0,2305.0,236.0,9.89,1.82,6.93
2007/01/18,26.1,26.2,25.8,26.1,6248.0,162602.0,0.0,1.7094,1789.0,-4.0,0.0,-55.0,-59.0,52584.0,3120.0,3375.0,92.0,2223.0,10.0,9.89,1.82,6.93
2007/01/19,26.45,26.45,26.0,26.0,6372.0,166758.0,-0.3831,1.7434,1426.0,57.0,0.0,-272.0,-215.0,51942.0,2148.0,2790.0,6.0,2277.0,62.0,9.85,1.82,6.96
2007/01/22,26.4,26.9,26.2,26.45,9180.0,244194.0,1.7308,2.5116,2325.0,1128.0,0.0,-51.0,1077.0,51517.0,3645.0,4058.0,12.0,2470.0,205.0,10.02,1.85,6.84
2007/01/23,26.8,27.25,26.6,26.65,6979.0,187636.0,0.7561,1.9094,1991.0,-82.0,200.0,-60.0,58.0,51088.0,2440.0,2851.0,10.0,2574.0,114.0,10.09,1.86,6.79
2007/01/24,26.95,27.1,26.35,26.7,5950.0,159210.0,0.1876,1.6279,1555.0,1000.0,0.0,0.0,1000.0,49955.0,1760.0,2887.0,104.0,2489.0,20.0,10.11,1.86,6.78
2007/01/25,26.75,27.2,26.7,26.7,5817.0,156846.0,0.0,1.5915,1596.0,1001.0,0.0,45.0,1046.0,49742.0,1856.0,2035.0,3.0,2670.0,184.0,10.11,1.86,6.78
2007/01/26,26.6,26.9,26.3,26.3,3536.0,93974.0,-1.4981,0.9674,1079.0,20.0,-200.0,-42.0,-222.0,48745.0,914.0,1867.0,181.0,2515.0,26.0,9.96,1.84,6.88
2007/01/29,26.4,26.7,26.1,26.15,2511.0,66087.0,-0.5703,0.687,800.0,-64.0,0.0,-1.0,-65.0,48332.0,702.0,1060.0,29.0,2587.0,101.0,9.91,1.83,6.92
2007/01/30,26.3,26.6,26.1,26.1,2628.0,69057.0,-0.1912,0.719,797.0,4.0,0.0,29.0,33.0,47952.0,837.0,1215.0,47.0,2550.0,11.0,9.89,1.82,6.93
2007/01/31,26.3,26.5,25.8,25.9,2529.0,66002.0,-0.7663,0.6919,787.0,-19.0,0.0,45.0,26.0,47993.0,1059.0,968.0,221.0,2330.0,1.0,9.81,1.81,6.99
2007/02/01,26.1,26.2,25.7,26.0,2272.0,58894.0,0.3861,0.6216,585.0,301.0,0.0,0.0,301.0,47682.0,792.0,1097.0,138.0,2194.0,2.0,9.85,1.82,6.96
2007/02/02,26.2,26.45,25.9,25.9,3767.0,98805.0,-0.3846,1.0305,933.0,152.0,0.0,30.0,182.0,47656.0,1003.0,1004.0,3.0,2197.0,6.0,9.81,1.81,6.99
2007/02/05,26.0,26.3,25.85,25.85,2436.0,63433.0,-0.1931,0.6664,697.0,100.0,0.0,100.0,200.0,46985.0,636.0,1300.0,7.0,2225.0,35.0,9.79,1.81,7.0
2007/02/06,25.85,26.0,25.5,25.95,5166.0,133194.0,0.3868,1.4133,1232.0,116.0,-50.0,1.0,67.0,47685.0,2069.0,1308.0,117.0,2334.0,226.0,9.83,1.81,6.97
2007/02/07,26.5,26.9,26.25,26.3,8240.0,219136.0,1.3487,2.2542,2196.0,70.0,0.0,186.0,256.0,48152.0,3045.0,2482.0,5.0,2608.0,329.0,9.96,1.84,6.88
2007/02/08,26.6,27.7,26.45,27.0,16709.0,453502.0,2.6616,4.5711,4762.0,960.0,0.0,618.0,1578.0,48562.0,5679.0,5232.0,143.0,2868.0,403.0,10.23,1.89,6.7
2007/02/09,27.0,27.4,26.6,26.9,8009.0,216952.0,-0.3704,2.191,2111.0,-468.0,300.0,-50.0,-218.0,47954.0,2474.0,2974.0,169.0,2714.0,15.0,10.19,1.88,6.73
2007/02/12,26.75,26.9,26.5,26.5,2862.0,76268.0,-1.487,0.783,853.0,-3.0,0.0,-10.0,-13.0,47556.0,1273.0,1517.0,157.0,2555.0,0.0,10.04,1.85,6.83
2007/02/13,26.5,26.9,26.5,26.6,3280.0,87645.0,0.3774,0.8973,763.0,-36.0,1446.0,0.0,1410.0,46418.0,562.0,1647.0,76.0,2494.0,15.0,10.08,1.86,6.8
2007/02/14,26.75,26.85,26.6,26.6,2389.0,63781.0,0.0,0.6536,672.0,-28.0,0.0,-2.0,-30.0,45571.0,742.0,1473.0,20.0,2482.0,8.0,10.08,1.86,6.8
2007/02/26,27.2,27.9,27.0,27.7,9561.0,262768.0,4.1353,2.6156,2197.0,-40.0,0.0,161.0,121.0,46522.0,4544.0,3562.0,6.0,2835.0,359.0,10.49,1.93,6.53
2007/02/27,28.0,29.6,28.0,29.6,22373.0,649717.0,6.8592,6.1206,5556.0,403.0,-150.0,180.0,433.0,48903.0,8735.0,6345.0,85.0,3648.0,898.0,11.21,2.07,6.11
2007/03/01,29.0,30.75,29.0,30.35,20050.0,599709.0,2.5338,5.4851,5948.0,1073.0,600.0,1229.0,2902.0,49041.0,6114.0,5965.0,124.0,4444.0,929.0,11.5,2.12,5.96
2007/03/02,30.75,31.7,30.3,31.7,17538.0,546069.0,4.4481,4.7979,4988.0,769.0,2597.0,163.0,3529.0,48781.0,4768.0,5021.0,223.0,5145.0,925.0,12.01,2.21,5.71
2007/03/03,31.7,32.6,31.1,31.5,16831.0,535978.0,-0.6309,4.6045,4277.0,1300.0,2250.0,-254.0,3296.0,48634.0,5593.0,5740.0,123.0,5473.0,456.0,11.93,2.2,5.75
2007/03/05,31.5,32.4,29.8,30.95,21524.0,677338.0,-1.746,5.8884,4839.0,298.0,1720.0,-475.0,1543.0,51181.0,8800.0,6243.0,817.0,5790.0,1135.0,11.72,2.16,5.85
2007/03/06,30.95,32.8,30.9,32.6,22440.0,716969.0,5.3312,6.139,5602.0,-18.0,1500.0,1992.0,3474.0,53019.0,6784.0,4946.0,190.0,7380.0,1781.0,12.35,2.28,5.55
2007/03/07,34.85,34.85,33.4,34.7,57058.0,1967298.0,6.4417,15.6095,9969.0,7692.0,12708.0,45.0,20445.0,43472.0,8985.0,18502.0,276.0,11129.0,4025.0,13.14,2.42,5.22
2007/03/08,35.0,35.7,34.1,34.3,24067.0,842690.0,-1.1527,6.5841,6438.0,-1278.0,250.0,-390.0,-1418.0,48420.0,11061.0,6113.0,591.0,11015.0,482.0,12.99,2.4,5.28
2007/03/09,34.2,34.85,33.55,34.2,12928.0,442291.0,-0.2915,3.5367,3750.0,1029.0,0.0,71.0,1100.0,49662.0,5037.0,3781.0,629.0,10286.0,118.0,12.95,2.39,5.29
2007/03/12,34.5,35.6,34.3,34.5,17972.0,629167.0,0.8772,4.9166,4607.0,409.0,3000.0,531.0,3940.0,47467.0,5836.0,8031.0,371.0,10347.0,432.0,13.07,2.41,5.25
2007/03/13,34.7,35.2,34.1,34.35,11675.0,405190.0,-0.4348,3.194,2953.0,-567.0,758.0,150.0,341.0,47134.0,4966.0,5291.0,353.0,10123.0,244.0,13.01,2.4,5.27
2007/03/14,34.0,34.3,33.65,33.7,9140.0,310108.0,-1.8923,2.5005,2107.0,1396.0,250.0,-575.0,1071.0,46826.0,3023.0,3331.0,559.0,9336.0,0.0,12.77,2.35,5.37
2007/03/15,33.9,35.6,33.9,35.6,20343.0,709062.0,5.638,5.5653,5038.0,1971.0,767.0,1015.0,3753.0,47892.0,7000.0,5931.0,158.0,9762.0,588.0,13.48,2.49,5.08
2007/03/16,36.4,36.8,35.0,35.0,21081.0,759673.0,-1.6854,5.7672,5481.0,-959.0,-360.0,339.0,-980.0,48075.0,10318.0,10135.0,277.0,9023.0,109.0,13.26,2.44,5.17
2007/03/19,35.0,35.2,34.15,34.25,12491.0,432600.0,-2.1429,3.4172,3245.0,-107.0,-160.0,-175.0,-442.0,48750.0,5254.0,4579.0,416.0,8320.0,55.0,12.97,2.39,5.28
2007/03/20,34.35,34.95,34.15,34.25,7479.0,258054.0,0.0,2.046,1975.0,1346.0,-200.0,55.0,1201.0,48700.0,2850.0,2900.0,147.0,8086.0,121.0,12.97,2.39,5.28
2007/03/21,34.8,35.2,34.5,34.65,8883.0,309649.0,1.1679,2.4301,2278.0,1780.0,0.0,-399.0,1381.0,48170.0,2997.0,3524.0,85.0,7645.0,103.0,13.13,2.42,5.22
2007/03/22,35.2,35.25,34.55,34.55,5352.0,186620.0,-0.2886,1.4642,1555.0,320.0,-80.0,-88.0,152.0,48115.0,2233.0,2288.0,636.0,5790.0,35.0,13.09,2.41,5.24
2007/03/23,34.6,35.0,34.55,34.65,3607.0,125246.0,0.2894,0.9868,1228.0,5.0,0.0,97.0,102.0,47883.0,1248.0,1470.0,554.0,5128.0,35.0,13.13,2.42,5.22
2007/03/26,34.95,37.05,34.8,37.05,24376.0,879660.0,6.9264,6.6686,6979.0,-85.0,-130.0,147.0,-68.0,51433.0,10293.0,6743.0,363.0,5031.0,266.0,14.03,2.59,4.89
2007/03/27,37.05,37.05,35.5,35.6,15749.0,572057.0,-3.9136,4.3085,4081.0,-181.0,-350.0,-367.0,-898.0,51017.0,7622.0,8036.0,1148.0,3882.0,1.0,13.48,2.49,5.08
2007/03/28,35.55,36.3,35.3,36.0,7585.0,270701.0,1.1236,2.075,2141.0,-520.0,-350.0,-104.0,-974.0,51620.0,3463.0,2856.0,604.0,3340.0,62.0,13.64,2.51,5.03
2007/03/29,35.75,37.3,35.7,36.25,15117.0,554381.0,0.6944,4.1356,3906.0,-88.0,-356.0,-677.0,-1121.0,53255.0,7479.0,5844.0,392.0,3000.0,52.0,13.73,2.53,4.99
2007/03/30,36.9,37.3,36.4,36.6,12664.0,466272.0,0.9655,3.4283,3219.0,111.0,-130.0,103.0,84.0,52100.0,4823.0,5818.0,446.0,2521.0,45.0,13.86,2.56,4.95
2007/04/02,37.0,38.0,36.75,37.5,13055.0,487116.0,2.459,3.5342,3043.0,-389.0,-490.0,-58.0,-937.0,52876.0,6219.0,5341.0,677.0,1831.0,0.0,14.2,2.62,4.83
2007/04/03,38.0,40.0,37.05,40.0,22565.0,865087.0,6.6667,6.1086,5548.0,62.0,0.0,-679.0,-617.0,54378.0,11815.0,10311.0,1790.0,1.0,0.0,15.15,2.79,4.53
2007/04/04,39.9,39.9,38.3,38.6,11744.0,456702.0,-3.5,3.1793,3988.0,269.0,0.0,50.0,319.0,48277.0,0.0,6101.0,1.0,0.0,0.0,14.62,2.7,4.69
2007/04/09,38.6,39.1,37.5,37.75,9311.0,353906.0,-2.2021,2.5206,2849.0,175.0,-1150.0,-400.0,-1375.0,44575.0,0.0,3691.0,0.0,0.0,0.0,14.3,2.64,4.79
2007/04/10,37.75,38.8,37.2,38.7,9507.0,359593.0,2.5166,2.5737,3067.0,144.0,-1800.0,116.0,-1540.0,42079.0,0.0,2496.0,0.0,0.0,0.0,14.66,2.7,4.68
2007/04/11,38.8,39.8,38.8,39.5,22195.0,872422.0,2.0672,6.0085,5895.0,-1021.0,-250.0,-551.0,-1822.0,47638.0,9927.0,4368.0,0.0,1615.0,1615.0,14.96,2.76,4.58
2007/04/12,39.5,39.95,38.9,39.5,14833.0,585319.0,0.0,4.0155,3855.0,-378.0,-74.0,-465.0,-917.0,49956.0,6590.0,4272.0,170.0,2502.0,1057.0,14.96,2.76,4.58
2007/04/13,39.5,39.6,38.5,38.5,9666.0,378020.0,-2.5316,2.6167,2695.0,109.0,-958.0,-10.0,-859.0,51422.0,5205.0,3689.0,161.0,2495.0,155.0,14.58,2.69,4.7
2007/04/14,38.7,39.6,38.3,39.5,9831.0,382675.0,2.5974,2.6614,2900.0,27.0,-800.0,0.0,-773.0,53393.0,4428.0,2457.0,64.0,2953.0,525.0,14.96,2.76,4.58
2007/04/16,39.5,39.65,38.7,38.7,7226.0,282610.0,-2.0253,1.9562,2234.0,9.0,0.0,-6.0,3.0,53757.0,3515.0,3151.0,113.0,2859.0,19.0,14.66,2.7,4.68
2007/04/17,38.95,39.2,37.7,37.8,7884.0,302244.0,-2.3256,2.1343,2084.0,45.0,96.0,-907.0,-766.0,53879.0,3213.0,3090.0,176.0,3120.0,440.0,14.32,2.64,4.79
2007/04/18,38.0,38.65,37.8,38.55,4125.0,158033.0,1.9841,1.1167,1360.0,-26.0,0.0,294.0,268.0,53851.0,1252.0,1280.0,196.0,3241.0,317.0,14.6,2.69,4.7
2007/04/19,38.5,38.8,38.15,38.3,5137.0,197917.0,-0.6485,1.3907,1336.0,38.0,480.0,-130.0,388.0,53684.0,1594.0,1761.0,120.0,3522.0,401.0,14.51,2.67,4.73
2007/04/20,38.5,39.3,38.3,38.6,9785.0,379940.0,0.7833,2.6489,2184.0,-47.0,300.0,175.0,428.0,56405.0,4585.0,1803.0,98.0,3512.0,90.0,14.62,2.7,4.69
2007/04/23,39.7,39.8,38.9,39.2,12280.0,483521.0,1.5544,3.3244,2694.0,62.0,300.0,-1046.0,-684.0,56744.0,5968.0,5629.0,28.0,3827.0,343.0,14.85,2.74,4.62
2007/04/24,39.65,40.8,39.3,40.55,16669.0,667458.0,3.4439,4.5125,4937.0,100.0,152.0,872.0,1124.0,59412.0,7897.0,5224.0,317.0,4494.0,985.0,15.36,2.83,4.46
2007/04/25,40.8,41.55,40.3,40.4,18795.0,769142.0,-0.3699,5.088,5034.0,-99.0,845.0,282.0,1028.0,61200.0,8683.0,6895.0,108.0,4576.0,190.0,15.3,2.43,4.48
2007/04/26,41.1,41.2,40.1,40.1,12958.0,526610.0,-0.7426,3.5079,3594.0,16.0,-140.0,-868.0,-992.0,61309.0,6509.0,6184.0,278.0,4459.0,161.0,12.57,2.41,4.51
2007/04/27,40.2,40.6,39.85,39.85,6009.0,241575.0,-0.6234,1.6267,1772.0,-481.0,-50.0,-47.0,-578.0,60414.0,2455.0,3294.0,195.0,4337.0,74.0,12.49,2.4,4.54
2007/04/30,40.0,40.2,38.7,39.2,5549.0,218084.0,-1.6311,1.498,1533.0,-39.0,0.0,100.0,61.0,60166.0,2242.0,2430.0,292.0,4062.0,17.0,12.29,2.36,4.62
2007/05/02,39.6,39.9,39.2,39.2,4091.0,161350.0,0.0,1.1044,1232.0,223.0,0.0,19.0,242.0,59797.0,1526.0,1635.0,61.0,4264.0,263.0,12.29,2.36,4.85
2007/05/03,39.5,39.75,38.1,38.6,5319.0,206118.0,-1.5306,1.4359,1608.0,206.0,-50.0,39.0,195.0,59033.0,1920.0,2658.0,201.0,4109.0,46.0,12.1,2.32,4.92
2007/05/04,38.8,40.3,38.8,40.0,10720.0,426550.0,3.6269,2.894,2825.0,-460.0,-970.0,570.0,-860.0,60659.0,5280.0,3650.0,35.0,4320.0,248.0,12.54,2.41,4.75
2007/05/07,41.0,41.0,40.0,40.3,8542.0,346443.0,0.75,2.306,2333.0,-9.0,0.0,397.0,388.0,60567.0,3650.0,3616.0,44.0,4344.0,68.0,12.63,2.43,4.71
2007/05/08,40.4,40.5,39.55,39.55,5574.0,222365.0,-1.861,1.5048,1567.0,485.0,-350.0,3.0,138.0,59118.0,2091.0,3140.0,71.0,4273.0,1.0,12.4,2.38,4.8
2007/05/09,39.7,39.9,39.25,39.25,4102.0,162104.0,-0.7585,1.1074,1198.0,3.0,0.0,-119.0,-116.0,58157.0,1381.0,2340.0,50.0,4262.0,39.0,12.3,2.36,4.84
2007/05/10,39.65,40.45,39.5,39.65,8684.0,347293.0,1.0191,2.3443,2437.0,1064.0,199.0,252.0,1515.0,57353.0,2497.0,3301.0,61.0,4243.0,42.0,12.43,2.39,4.79
2007/05/11,39.45,41.2,39.45,40.45,13647.0,554066.0,2.0177,3.6842,3840.0,-131.0,250.0,524.0,643.0,57405.0,4509.0,4454.0,37.0,4540.0,334.0,12.68,2.44,4.7
2007/05/14,41.2,42.6,40.9,42.0,23412.0,978955.0,3.8319,6.3203,6629.0,1151.0,1435.0,371.0,2957.0,56851.0,8222.0,8504.0,73.0,5005.0,538.0,13.17,2.53,4.52
2007/05/15,42.0,43.35,42.0,42.3,16817.0,718687.0,0.7143,4.5399,4994.0,2101.0,1455.0,460.0,4016.0,55565.0,4868.0,6154.0,55.0,5440.0,490.0,13.26,2.55,4.49
2007/05/16,42.8,43.9,42.65,43.65,16754.0,726616.0,3.1915,4.5229,5044.0,263.0,1775.0,-42.0,1996.0,56079.0,6159.0,5325.0,36.0,6425.0,1021.0,13.68,2.63,4.35
2007/05/17,44.1,44.9,43.85,44.9,20829.0,924888.0,2.8637,5.623,5620.0,407.0,480.0,12.0,899.0,53208.0,4427.0,7298.0,290.0,7079.0,944.0,14.08,2.7,4.23
2007/05/18,45.0,45.3,43.75,44.2,12057.0,533385.0,-1.559,3.2549,3565.0,-14.0,-310.0,132.0,-192.0,54119.0,6326.0,5415.0,456.0,6651.0,28.0,13.86,2.66,4.3
2007/05/21,44.9,45.8,44.1,45.8,14687.0,661469.0,3.6199,4.0618,4241.0,-586.0,-200.0,-338.0,-1124.0,54180.0,4687.0,4618.0,127.0,7064.0,540.0,14.36,2.76,4.15
2007/05/22,46.0,46.8,45.2,45.5,13888.0,640804.0,-0.655,3.8408,4085.0,5.0,550.0,170.0,725.0,52950.0,4929.0,6154.0,269.0,7044.0,249.0,14.26,2.74,4.18
2007/05/23,45.8,46.5,45.15,46.0,10702.0,491366.0,1.0989,2.9597,3401.0,-404.0,420.0,75.0,91.0,52391.0,3229.0,3773.0,115.0,7192.0,263.0,14.42,2.77,4.13
2007/05/24,46.1,46.4,45.6,46.0,6358.0,292112.0,0.0,1.7583,2094.0,-41.0,220.0,334.0,513.0,51648.0,1947.0,2690.0,134.0,7124.0,66.0,14.42,2.77,4.13
2007/05/25,45.55,46.8,45.55,46.2,6277.0,290531.0,0.4348,1.7359,2124.0,193.0,-560.0,85.0,-282.0,51978.0,2376.0,2046.0,198.0,7096.0,170.0,14.48,2.78,4.11
2007/05/28,46.5,46.8,46.05,46.35,7158.0,332181.0,0.3247,1.9796,1925.0,15.0,-130.0,-118.0,-233.0,50582.0,1698.0,3073.0,124.0,7049.0,77.0,14.53,2.79,4.1
2007/05/29,46.35,46.6,44.55,44.65,8783.0,399488.0,-3.6677,2.429,2496.0,-63.0,-1025.0,8.0,-1080.0,49514.0,3656.0,4720.0,636.0,6426.0,13.0,14.0,2.69,4.26
2007/05/30,44.65,45.85,44.65,45.5,6355.0,287794.0,1.9037,1.7575,2016.0,127.0,-210.0,-13.0,-96.0,49263.0,2327.0,2577.0,72.0,6874.0,520.0,14.26,2.74,4.18
2007/05/31,46.0,46.5,45.6,46.5,5972.0,275281.0,2.1978,1.6516,1703.0,130.0,-50.0,-72.0,8.0,50136.0,2998.0,2112.0,145.0,6828.0,99.0,14.58,2.8,4.09
2007/06/01,46.7,49.5,46.7,49.5,18229.0,883531.0,6.4516,5.0413,4983.0,173.0,580.0,507.0,1260.0,49006.0,5356.0,6486.0,428.0,7087.0,687.0,15.52,2.98,3.84
2007/06/04,50.5,51.5,49.6,49.8,12290.0,618303.0,0.6061,3.3989,3812.0,186.0,541.0,484.0,1211.0,48017.0,4337.0,5326.0,100.0,7187.0,200.0,15.61,3.0,3.82
2007/06/05,50.0,51.4,49.75,51.2,14114.0,716309.0,2.8112,3.9033,3621.0,30.0,910.0,-102.0,838.0,46909.0,4069.0,5173.0,72.0,7421.0,307.0,16.05,3.08,3.71
2007/06/06,51.0,51.4,50.1,50.6,9447.0,481028.0,-1.1719,2.6126,2617.0,966.0,536.0,-49.0,1453.0,44838.0,2547.0,4618.0,146.0,7290.0,15.0,15.86,3.05,3.75
2007/06/07,50.4,53.0,50.4,52.9,11411.0,592845.0,4.5455,3.1558,3836.0,-1339.0,1328.0,-247.0,-258.0,45145.0,3458.0,3147.0,126.0,7592.0,431.0,16.58,3.18,3.59
2007/06/08,52.5,56.6,52.3,55.0,16412.0,900873.0,3.9698,4.5388,4876.0,-923.0,1339.0,-122.0,294.0,44328.0,4963.0,5777.0,106.0,7793.0,307.0,17.24,3.31,3.45
2007/06/11,55.6,56.9,54.9,55.0,11938.0,666351.0,0.0,3.3015,3766.0,136.0,110.0,-291.0,-45.0,44861.0,4547.0,4006.0,118.0,7881.0,209.0,17.24,3.31,3.45
2007/06/12,55.1,55.9,53.8,54.3,6760.0,368100.0,-1.2727,1.8695,2510.0,-11.0,-75.0,72.0,-14.0,44061.0,2432.0,3232.0,260.0,7629.0,14.0,17.02,3.27,3.5
2007/06/13,54.3,54.6,53.4,53.5,5260.0,283163.0,-1.4733,1.4547,1976.0,182.0,-388.0,285.0,79.0,44264.0,2279.0,2076.0,190.0,7452.0,13.0,16.77,3.22,3.55
2007/06/14,54.0,54.5,52.5,52.8,6077.0,324122.0,-1.3084,1.6806,2236.0,-49.0,-150.0,-73.0,-272.0,44480.0,2667.0,2400.0,139.0,7327.0,15.0,16.55,3.18,3.6
2007/06/15,53.0,53.8,52.6,53.0,5771.0,306589.0,0.3788,1.596,1941.0,322.0,-150.0,-187.0,-15.0,45310.0,2520.0,1673.0,108.0,7269.0,50.0,16.61,3.19,3.58
2007/06/20,54.4,54.4,53.0,53.0,8186.0,440863.0,0.0,2.2639,2545.0,-104.0,-100.0,-198.0,-402.0,44616.0,3276.0,3967.0,57.0,7298.0,86.0,16.61,3.19,3.58
2007/06/21,53.5,54.0,52.5,53.7,5230.0,279188.0,1.3208,1.4464,1793.0,883.0,153.0,35.0,1071.0,43935.0,1469.0,2150.0,88.0,7264.0,168.0,16.83,3.23,3.54
2007/06/22,54.1,55.3,53.5,55.0,7348.0,401621.0,2.4209,2.0321,2653.0,18.0,246.0,33.0,297.0,44306.0,3003.0,2526.0,78.0,5581.0,106.0,17.24,3.31,3.45
2007/06/23,56.0,58.4,55.6,57.7,14461.0,831441.0,4.9091,3.9993,4341.0,-772.0,591.0,-717.0,-898.0,44643.0,5781.0,5444.0,121.0,3334.0,167.0,18.09,3.47,3.29
2007/06/25,58.0,59.9,57.1,58.5,13223.0,775893.0,1.3865,3.6569,3630.0,-572.0,1227.0,-339.0,316.0,45810.0,5183.0,4016.0,47.0,3265.0,92.0,18.34,3.52,3.25
2007/06/26,58.4,59.2,57.5,58.5,10352.0,604518.0,0.0,2.8629,2472.0,-1674.0,2075.0,-46.0,355.0,45122.0,2815.0,3498.0,146.0,2870.0,110.0,18.34,3.52,3.25
2007/06/27,58.5,59.5,57.8,58.1,6936.0,407449.0,-0.6838,1.9182,1946.0,-886.0,1200.0,-254.0,60.0,45320.0,2451.0,2252.0,77.0,2617.0,30.0,18.21,3.5,3.27
2007/06/28,58.5,59.3,57.4,57.4,6379.0,371683.0,-1.2048,1.7641,1942.0,66.0,430.0,-78.0,418.0,45067.0,2488.0,2741.0,100.0,2528.0,19.0,17.99,3.46,3.31
2007/06/29,57.9,58.0,56.6,57.0,7433.0,424933.0,-0.6969,2.0236,1910.0,-68.0,288.0,62.0,282.0,44783.0,2521.0,2766.0,62.0,2472.0,6.0,17.87,3.43,3.33
2007/07/02,57.0,58.4,56.7,57.5,6464.0,371964.0,0.8772,1.7598,1804.0,-576.0,-679.0,-7.0,-1262.0,45082.0,2256.0,1951.0,77.0,2930.0,535.0,18.03,3.46,3.3
2007/07/03,58.2,58.4,57.6,58.0,5049.0,293091.0,0.8696,1.3746,1463.0,16.0,370.0,179.0,565.0,44889.0,2316.0,2274.0,59.0,2942.0,71.0,18.18,3.49,3.28
2007/07/04,58.4,58.5,55.6,57.6,11877.0,678639.0,-0.6897,3.2335,2980.0,-1195.0,-745.0,-635.0,-2575.0,46106.0,5484.0,4267.0,391.0,2554.0,4.0,18.06,3.42,3.3
2007/07/05,59.0,61.5,59.0,59.6,15109.0,908986.0,3.4722,4.1135,4455.0,-943.0,518.0,-116.0,-541.0,47116.0,6719.0,5683.0,122.0,2596.0,168.0,18.4,3.54,3.19
2007/07/06,59.6,59.6,57.5,58.2,8654.0,506170.0,-2.349,2.3561,2857.0,137.0,209.0,-179.0,167.0,44726.0,2684.0,4667.0,603.0,1993.0,0.0,17.96,3.46,3.26
2007/07/09,57.5,57.8,56.5,57.1,12069.0,689051.0,-1.89,3.2858,3632.0,-788.0,140.0,193.0,-455.0,44163.0,4133.0,4644.0,104.0,1889.0,0.0,17.62,3.39,3.33
2007/07/10,57.1,57.1,55.6,55.9,12718.0,714195.0,-2.1016,3.4625,3462.0,169.0,-1407.0,173.0,-1065.0,44741.0,5189.0,4610.0,168.0,1720.0,0.0,17.25,3.32,3.4
2007/07/11,55.5,57.4,55.3,56.3,11758.0,663992.0,0.7156,3.2011,3471.0,580.0,-2081.0,99.0,-1402.0,45511.0,4954.0,4154.0,70.0,1672.0,22.0,17.38,3.34,3.37
2007/07/12,57.3,57.4,56.1,57.0,7790.0,442105.0,1.2433,2.1208,2322.0,-854.0,-470.0,80.0,-1244.0,45779.0,3417.0,3147.0,18.0,1693.0,41.0,17.59,3.38,3.33
2007/07/13,57.7,57.8,56.1,56.1,6077.0,344995.0,-1.5789,1.6545,2039.0,71.0,-30.0,25.0,66.0,46126.0,2815.0,2446.0,99.0,1626.0,34.0,17.31,3.33,3.39
2007/07/16,56.1,56.6,55.5,55.5,8673.0,486034.0,-1.0695,2.3612,2341.0,-353.0,-385.0,86.0,-652.0,46928.0,2999.0,2210.0,97.0,1597.0,68.0,17.13,3.3,3.42
2007/07/17,56.0,56.5,55.3,56.2,5084.0,285004.0,1.2613,1.3841,1624.0,744.0,-110.0,310.0,944.0,46485.0,1182.0,1610.0,76.0,1630.0,111.0,17.35,3.34,3.38
2007/07/18,56.3,58.0,56.1,57.4,10247.0,587234.0,2.1352,2.7898,3590.0,67.0,850.0,378.0,1295.0,46249.0,3586.0,3822.0,131.0,1637.0,138.0,17.72,3.41,3.31
2007/07/19,58.0,58.3,57.0,57.0,6337.0,365279.0,-0.6969,1.7253,1990.0,40.0,859.0,-103.0,796.0,45118.0,1700.0,2809.0,86.0,1673.0,123.0,17.59,3.38,3.33
2007/07/20,57.5,60.2,57.2,60.0,16492.0,969553.0,5.2632,4.49,5009.0,67.0,120.0,-147.0,40.0,46467.0,7477.0,5984.0,257.0,1507.0,91.0,18.52,3.56,3.17
2007/07/23,60.3,64.2,60.0,64.2,27272.0,1728938.0,7.0,7.4249,6549.0,-1357.0,1470.0,348.0,461.0,49638.0,11349.0,8167.0,76.0,1720.0,298.0,19.81,3.81,2.96
2007/07/24,65.0,68.0,64.4,64.5,22833.0,1495938.0,0.4673,6.2163,6631.0,-1937.0,3372.0,272.0,1707.0,49632.0,8423.0,8423.0,167.0,1662.0,113.0,19.91,3.83,2.95
2007/07/25,69.0,69.0,65.0,65.2,25954.0,1732235.0,1.0853,7.066,7611.0,-995.0,561.0,-310.0,-744.0,48492.0,8398.0,9523.0,270.0,1568.0,187.0,20.12,3.87,2.91
2007/07/26,65.5,65.5,60.7,60.7,19306.0,1196899.0,-6.9018,5.2561,6285.0,38.0,-452.0,-129.0,-543.0,49944.0,8113.0,6660.0,342.0,1219.0,0.0,18.73,3.6,3.13
2007/07/27,58.7,60.7,57.0,58.3,10130.0,597493.0,-3.9539,2.7579,3161.0,-47.0,-740.0,-83.0,-870.0,49237.0,3633.0,4307.0,93.0,1116.0,0.0,17.99,3.46,3.26
2007/07/30,58.0,60.0,57.6,57.6,9705.0,568535.0,-1.2007,2.6422,2825.0,-57.0,-2549.0,45.0,-2561.0,50055.0,3395.0,2848.0,106.0,1072.0,49.0,17.78,3.42,3.3
2007/07/31,59.4,61.6,58.8,61.6,18211.0,1111864.0,6.9444,4.9484,4588.0,-373.0,-3169.0,-234.0,-3776.0,49986.0,5384.0,5127.0,129.0,1045.0,115.0,19.01,3.66,3.08
2007/08/01,60.9,61.7,58.8,58.8,9358.0,564495.0,-4.5455,2.5428,3020.0,-415.0,-1913.0,532.0,-1796.0,49586.0,3425.0,3820.0,66.0,978.0,0.0,18.15,3.49,3.23
2007/08/02,59.8,60.9,55.2,57.0,9819.0,568532.0,-3.0612,2.6681,2840.0,6.0,-1619.0,202.0,-1411.0,48872.0,3408.0,4122.0,168.0,816.0,6.0,17.59,3.38,3.33
2007/08/03,57.9,59.5,57.6,58.5,4792.0,280758.0,2.6316,1.3021,1921.0,-171.0,383.0,47.0,259.0,48436.0,1832.0,2243.0,33.0,840.0,57.0,18.06,3.47,3.25
2007/08/06,57.1,59.5,57.1,58.9,4786.0,280675.0,0.6838,1.3005,1767.0,-320.0,615.0,2.0,297.0,48315.0,1384.0,1494.0,66.0,825.0,51.0,18.18,3.5,3.23
2007/08/07,60.9,60.9,58.8,59.1,3987.0,237434.0,0.3396,1.0834,1541.0,-202.0,392.0,31.0,221.0,48098.0,1309.0,1525.0,13.0,874.0,62.0,18.24,3.51,3.21
2007/08/08,59.6,61.4,59.6,61.0,8565.0,519507.0,3.2149,2.3273,2924.0,-525.0,285.0,435.0,195.0,47883.0,3000.0,3210.0,97.0,805.0,28.0,18.83,3.62,3.11
2007/08/09,62.4,63.9,61.5,62.5,17146.0,1079972.0,2.459,4.659,5691.0,-2179.0,670.0,692.0,-817.0,47891.0,6377.0,6274.0,9.0,839.0,48.0,19.29,3.71,3.04
2007/08/10,60.5,62.5,60.5,61.6,8050.0,494352.0,-1.44,2.1874,2605.0,-67.0,535.0,137.0,605.0,47812.0,2988.0,3067.0,70.0,769.0,0.0,19.01,3.66,3.08
2007/08/13,62.0,62.6,60.5,60.5,5242.0,321425.0,-1.7857,1.4244,1820.0,7.0,122.0,99.0,228.0,47371.0,2199.0,2360.0,51.0,703.0,0.0,18.67,3.59,3.07
2007/08/14,61.2,61.8,60.0,60.6,3454.0,209908.0,0.1653,0.9385,1299.0,582.0,0.0,175.0,757.0,46591.0,849.0,1623.0,48.0,660.0,6.0,18.7,3.6,3.07
2007/08/15,60.1,60.5,57.0,57.5,7074.0,412537.0,-5.1155,1.9222,2356.0,1718.0,0.0,-617.0,1101.0,45234.0,1940.0,3269.0,221.0,424.0,0.0,17.75,3.41,3.23
2007/08/16,56.6,57.5,53.5,53.5,12918.0,703900.0,-6.9565,3.5101,2944.0,1467.0,2.0,-90.0,1379.0,45540.0,3886.0,3521.0,252.0,172.0,0.0,16.51,3.18,3.48
2007/08/17,53.0,55.5,52.8,54.1,7922.0,428085.0,1.1215,2.1526,2592.0,215.0,100.0,-145.0,170.0,45316.0,3267.0,3456.0,168.0,0.0,0.0,16.7,3.21,3.44
2007/08/20,57.7,57.7,56.0,57.7,5545.0,315981.0,6.6543,1.5067,1744.0,430.0,404.0,-146.0,688.0,43548.0,0.0,1758.0,0.0,0.0,0.0,17.81,3.43,3.22
2007/08/21,57.7,57.7,55.6,56.1,5969.0,337574.0,-2.773,1.6219,1714.0,2137.0,-425.0,-8.0,1704.0,41067.0,0.0,2481.0,0.0,0.0,0.0,17.31,3.33,3.32
2007/08/22,55.5,56.4,54.5,55.0,6151.0,340834.0,-1.9608,1.6714,1964.0,861.0,4.0,155.0,1020.0,38293.0,0.0,2763.0,0.0,0.0,0.0,16.98,3.27,3.38
2007/08/23,53.5,53.9,52.4,53.1,12824.0,683135.0,3.5173,3.2862,2739.0,-4893.0,-104.0,-635.0,-5632.0,44790.0,7117.0,620.0,0.0,43.0,43.0,16.39,3.41,3.5
2007/08/24,53.0,55.5,52.5,54.2,11204.0,606366.0,2.0716,2.8711,3362.0,-2113.0,738.0,490.0,-885.0,44158.0,2819.0,3401.0,10.0,379.0,346.0,18.13,3.48,3.43
2007/08/27,55.5,55.9,54.6,55.0,5880.0,325389.0,1.476,1.5068,1984.0,-1.0,1.0,83.0,83.0,44351.0,2500.0,2307.0,16.0,462.0,99.0,18.39,3.53,3.38
2007/08/28,54.9,57.3,54.6,57.1,7236.0,405924.0,3.8182,1.8542,2386.0,-34.0,420.0,411.0,797.0,44198.0,2584.0,2686.0,20.0,530.0,88.0,19.1,3.6,3.26
2007/08/29,56.0,59.4,56.0,59.3,16543.0,963357.0,3.8529,4.2392,6003.0,424.0,548.0,-524.0,448.0,45507.0,5558.0,4249.0,25.0,742.0,237.0,15.94,3.74,3.14
2007/08/30,60.0,61.7,60.0,60.5,15090.0,918703.0,2.0236,3.8669,4168.0,-2369.0,4100.0,81.0,1812.0,44302.0,3360.0,4565.0,52.0,797.0,107.0,16.26,3.82,3.07
2007/08/31,61.2,64.7,60.8,64.7,24003.0,1533400.0,6.9421,6.1508,6886.0,121.0,6236.0,-123.0,6234.0,43274.0,6473.0,7499.0,96.0,1146.0,445.0,17.39,4.08,2.87
2007/09/03,65.1,68.5,64.7,68.2,19795.0,1320055.0,5.4096,5.0725,6629.0,484.0,3856.0,-19.0,4321.0,42146.0,5637.0,6765.0,117.0,1455.0,429.0,18.33,4.31,2.73
2007/09/04,68.7,68.7,65.0,66.0,9609.0,640746.0,-3.2258,2.4623,3605.0,1081.0,125.0,63.0,1269.0,41957.0,4184.0,4373.0,306.0,1159.0,10.0,17.74,4.17,2.82
2007/09/05,67.2,68.4,66.1,66.4,11353.0,765366.0,0.6061,2.9092,3587.0,997.0,755.0,-144.0,1608.0,42358.0,4731.0,4330.0,59.0,1295.0,197.0,17.85,4.19,2.8
2007/09/06,66.8,67.6,66.0,66.5,6184.0,412919.0,0.1506,1.5847,2247.0,-63.0,972.0,19.0,928.0,42226.0,2086.0,2216.0,127.0,1276.0,121.0,17.88,4.2,2.8
2007/09/07,67.1,67.5,65.0,65.0,10575.0,701952.0,-2.2556,2.7099,3480.0,440.0,956.0,47.0,1443.0,41395.0,3487.0,4318.0,148.0,1168.0,48.0,17.47,4.1,2.86
2007/09/10,63.7,64.7,63.1,63.5,6307.0,402855.0,-2.3077,1.6162,2422.0,-74.0,-836.0,-45.0,-955.0,41244.0,2408.0,2557.0,269.0,886.0,0.0,17.07,4.01,2.93
2007/09/11,64.0,65.5,63.7,64.9,5582.0,360048.0,2.2047,1.4304,2194.0,187.0,392.0,-9.0,570.0,40834.0,1808.0,2216.0,31.0,926.0,71.0,17.45,4.1,2.87
2007/09/12,65.4,65.6,63.9,64.0,6151.0,396782.0,-1.3867,1.5762,2240.0,543.0,-575.0,22.0,-10.0,40786.0,1948.0,1985.0,40.0,889.0,3.0,17.2,4.04,2.91
2007/09/13,64.5,65.4,64.1,64.5,4188.0,270693.0,0.7813,1.0732,1704.0,916.0,-120.0,41.0,837.0,40640.0,1563.0,1694.0,22.0,950.0,86.0,17.34,4.07,2.88
2007/09/14,65.0,68.0,65.0,66.7,12741.0,852883.0,3.4109,3.2649,5012.0,435.0,201.0,491.0,1127.0,41379.0,5103.0,4364.0,25.0,1119.0,194.0,17.93,4.21,2.79
2007/09/17,67.5,67.7,66.0,66.3,4606.0,307486.0,-0.5997,1.1803,2016.0,366.0,-50.0,-9.0,307.0,40677.0,1538.0,2240.0,117.0,1017.0,15.0,17.82,4.19,2.81
2007/09/19,67.8,67.8,63.6,63.6,7159.0,467136.0,-4.0724,1.8345,2861.0,-16.0,94.0,-599.0,-521.0,40696.0,3299.0,3280.0,168.0,862.0,13.0,17.1,4.02,2.92
2007/09/20,64.2,65.1,62.2,62.8,4389.0,279825.0,-1.2579,1.1247,1774.0,45.0,0.0,-666.0,-621.0,40279.0,1564.0,1971.0,66.0,844.0,59.0,16.88,3.96,2.96
2007/09/21,62.8,65.8,62.7,65.8,6178.0,394632.0,4.7771,1.5831,2327.0,239.0,-576.0,191.0,-146.0,41155.0,2271.0,1390.0,62.0,880.0,111.0,17.69,4.15,2.83
2007/09/26,66.4,66.8,65.1,65.1,3767.0,247266.0,-1.0638,0.9653,1396.0,135.0,-602.0,436.0,-31.0,41060.0,1535.0,1630.0,46.0,839.0,5.0,17.5,4.11,2.86
2007/09/27,65.2,66.5,65.1,65.6,6714.0,441077.0,0.768,1.7205,2075.0,32.0,-2242.0,680.0,-1530.0,41205.0,2362.0,2214.0,11.0,903.0,75.0,17.63,4.14,2.84
2007/09/28,66.0,68.5,65.7,67.3,16112.0,1086223.0,2.5915,4.1288,5679.0,590.0,22.0,418.0,1030.0,41939.0,6049.0,5315.0,14.0,1025.0,136.0,18.09,4.25,2.76
2007/09/29,67.8,68.1,66.6,67.1,5272.0,354207.0,-0.2972,1.351,1998.0,1.0,-61.0,-53.0,-113.0,42484.0,2504.0,1959.0,148.0,878.0,12.0,18.04,4.24,2.77
2007/10/01,67.8,70.0,67.7,68.8,12510.0,863594.0,2.5335,3.2057,4871.0,-480.0,1619.0,343.0,1482.0,42363.0,4393.0,4514.0,6.0,972.0,110.0,18.49,4.34,2.7
2007/10/02,69.0,70.6,68.3,69.7,10076.0,699828.0,1.3081,2.582,4366.0,1.0,10.0,427.0,438.0,42252.0,4394.0,4505.0,39.0,1016.0,85.0,18.74,4.4,2.67
2007/10/03,69.8,71.0,65.2,66.9,15512.0,1055158.0,-4.0172,3.975,5940.0,247.0,-476.0,-611.0,-840.0,42255.0,6759.0,6727.0,183.0,820.0,18.0,17.98,4.22,2.78
2007/10/04,67.0,67.8,65.7,67.0,7975.0,532880.0,0.1495,2.0436,2874.0,1733.0,-1199.0,-333.0,201.0,42628.0,2588.0,2215.0,23.0,849.0,53.0,18.01,4.23,2.78
2007/10/05,67.6,68.0,66.5,67.0,6663.0,448458.0,0.0,1.7074,2438.0,2828.0,-401.0,-157.0,2270.0,41435.0,1523.0,2716.0,20.0,968.0,143.0,18.01,4.23,2.78
2007/10/08,68.2,69.0,67.1,67.3,6142.0,417853.0,0.4478,1.5739,2237.0,1705.0,-78.0,-89.0,1537.0,40931.0,1838.0,2342.0,30.0,994.0,58.0,18.09,4.25,2.76
2007/10/09,67.8,68.5,67.1,68.3,4389.0,297790.0,1.4859,1.1247,1689.0,1289.0,59.0,89.0,1437.0,40265.0,943.0,1609.0,36.0,1024.0,66.0,18.36,4.31,2.72
2007/10/11,68.5,68.8,67.6,68.4,3814.0,260273.0,0.1464,0.9773,1581.0,1529.0,5.0,-71.0,1463.0,39438.0,947.0,1774.0,4.0,1033.0,13.0,18.39,4.32,2.72
2007/10/12,68.8,69.2,67.6,67.6,4353.0,298132.0,-1.1696,1.1155,1780.0,42.0,100.0,-16.0,126.0,39792.0,1919.0,1551.0,24.0,1011.0,19.0,18.17,4.27,2.75
2007/10/15,68.1,68.5,67.0,67.0,2533.0,170846.0,-0.8876,0.6491,1016.0,288.0,-442.0,47.0,-107.0,39489.0,618.0,920.0,50.0,949.0,7.0,18.01,4.23,2.78
2007/10/16,67.0,68.7,67.0,68.0,4310.0,293135.0,1.4925,1.1045,1651.0,1111.0,0.0,585.0,1696.0,38901.0,1103.0,1655.0,18.0,1005.0,86.0,18.28,4.29,2.74
2007/10/17,68.1,69.5,68.1,68.1,5133.0,352621.0,0.1471,1.3153,2000.0,93.0,-200.0,-227.0,-334.0,39453.0,1823.0,1271.0,14.0,1085.0,95.0,18.31,4.3,2.73
2007/10/18,68.0,68.3,67.0,67.3,6466.0,435945.0,-1.1747,1.6569,2359.0,-43.0,-1735.0,-49.0,-1827.0,40282.0,2744.0,1915.0,185.0,897.0,0.0,18.09,4.25,2.76
2007/10/19,68.2,68.3,66.5,66.7,5527.0,372078.0,-0.8915,1.4163,2174.0,247.0,-1058.0,-180.0,-991.0,40703.0,2157.0,1736.0,25.0,885.0,15.0,17.93,4.21,2.79
2007/10/22,64.6,66.1,64.6,65.4,5566.0,363248.0,-1.949,1.4263,2141.0,967.0,-1432.0,-416.0,-881.0,40276.0,1649.0,2076.0,100.0,783.0,0.0,17.58,4.13,2.84
2007/10/23,67.5,68.2,66.3,67.6,6180.0,416459.0,3.3639,1.5836,2283.0,806.0,-129.0,248.0,925.0,40118.0,2047.0,2202.0,9.0,886.0,112.0,18.17,4.27,2.75
2007/10/24,68.0,68.5,66.8,67.0,3935.0,265755.0,-0.8876,1.0084,1446.0,929.0,-320.0,-12.0,597.0,39422.0,1087.0,1778.0,11.0,880.0,5.0,18.01,4.23,2.78
2007/10/25,67.8,68.8,67.3,67.6,10481.0,715523.0,0.8955,2.6858,2973.0,-2931.0,387.0,219.0,-2325.0,41507.0,4074.0,1989.0,20.0,1027.0,172.0,18.17,4.27,2.75
2007/10/26,67.3,67.9,65.8,66.6,7607.0,506092.0,-1.4793,1.9493,2485.0,861.0,-2640.0,-378.0,-2157.0,41007.0,1888.0,2388.0,85.0,942.0,0.0,17.9,4.2,2.79
2007/10/29,66.8,67.2,64.2,64.9,12190.0,796106.0,-2.5526,3.1237,4210.0,784.0,-5541.0,-37.0,-4793.0,42144.0,3841.0,2704.0,75.0,939.0,82.0,17.45,4.1,2.87
2007/10/30,65.3,65.8,63.9,64.1,6667.0,431391.0,-1.2327,1.7084,2312.0,380.0,-2930.0,5.0,-2545.0,42640.0,2011.0,1515.0,95.0,885.0,41.0,17.23,3.64,2.9
2007/10/31,64.5,65.5,64.0,65.4,5403.0,350923.0,2.0281,1.3845,2006.0,1393.0,-53.0,19.0,1359.0,42841.0,1414.0,1208.0,44.0,1372.0,535.0,13.94,3.72,2.84
2007/11/01,65.6,65.8,64.1,64.3,5770.0,374365.0,-1.682,1.4786,1746.0,1705.0,-970.0,-1458.0,-723.0,42940.0,1689.0,1585.0,38.0,1382.0,48.0,13.71,3.66,2.89
2007/11/02,63.8,64.5,62.9,63.1,4290.0,272125.0,-1.8663,1.0993,1718.0,464.0,-55.0,-181.0,228.0,41552.0,1094.0,2482.0,185.0,1193.0,2.0,13.45,3.59,2.95
2007/11/05,63.5,64.4,63.0,64.4,2996.0,190951.0,2.0602,0.7677,1428.0,-4.0,-55.0,-108.0,-167.0,41846.0,1204.0,892.0,26.0,1391.0,224.0,13.73,3.66,2.89
2007/11/06,65.2,65.2,64.1,64.1,3614.0,234001.0,-0.4658,0.9261,1415.0,-3.0,124.0,-293.0,-172.0,41720.0,1155.0,1281.0,36.0,1390.0,36.0,13.67,3.64,2.9
2007/11/07,64.9,65.0,62.3,62.3,5908.0,375353.0,-2.8081,1.5139,2051.0,-47.0,-384.0,-336.0,-767.0,41925.0,1825.0,1618.0,163.0,1150.0,45.0,13.28,3.54,2.99
2007/11/08,60.5,60.7,58.0,58.0,8287.0,483725.0,-6.9021,2.1236,2476.0,32.0,-180.0,16.0,-132.0,42986.0,2739.0,1651.0,88.0,1062.0,0.0,12.37,3.3,3.21
2007/11/09,56.6,57.4,54.0,55.4,16115.0,880395.0,-4.4828,4.1295,4339.0,121.0,-1364.0,-367.0,-1610.0,44403.0,5099.0,3675.0,127.0,933.0,0.0,11.81,3.15,3.36
2007/11/12,52.6,54.8,52.4,53.6,4954.0,265831.0,-3.2491,1.2695,1955.0,127.0,1.0,-360.0,-232.0,43591.0,1566.0,2372.0,358.0,574.0,0.0,11.43,3.05,3.47
2007/11/13,54.2,57.0,53.1,57.0,6727.0,369303.0,6.3433,1.7238,2250.0,421.0,1771.0,-13.0,2179.0,41198.0,1377.0,3441.0,7.0,786.0,219.0,12.15,3.24,3.26
2007/11/14,59.0,59.5,58.0,58.3,6129.0,359318.0,2.2807,1.5706,2118.0,-301.0,464.0,534.0,697.0,41172.0,2018.0,2039.0,42.0,456.0,74.0,12.43,3.31,3.19
2007/11/15,58.0,59.4,57.2,58.5,3308.0,193564.0,0.3431,0.8477,1255.0,231.0,1031.0,-2.0,1260.0,40973.0,901.0,1100.0,50.0,350.0,65.0,12.47,3.33,3.18
2007/11/16,57.1,58.7,57.1,58.1,2646.0,153193.0,-0.6838,0.678,912.0,-153.0,9.0,27.0,-117.0,40809.0,765.0,886.0,33.0,319.0,2.0,12.39,3.3,3.2
2007/11/19,58.4,59.0,56.3,56.3,1843.0,105778.0,-3.0981,0.4723,892.0,4.0,0.0,-2.0,2.0,40415.0,637.0,1031.0,8.0,324.0,13.0,12.0,3.2,3.3
2007/11/20,54.3,57.5,54.2,57.5,2292.0,127588.0,2.1314,0.5873,990.0,58.0,101.0,-251.0,-92.0,40514.0,740.0,632.0,64.0,302.0,42.0,12.26,3.27,3.23
2007/11/21,57.5,57.7,55.1,55.1,1816.0,102961.0,-4.1739,0.4654,865.0,119.0,-2.0,9.0,126.0,40218.0,544.0,834.0,16.0,304.0,18.0,11.75,3.13,3.38
2007/11/22,54.2,55.8,54.2,55.0,2188.0,120462.0,-0.1815,0.5607,814.0,-2.0,-166.0,-93.0,-261.0,40478.0,845.0,584.0,17.0,332.0,46.0,11.73,3.13,3.38
2007/11/23,55.5,55.5,52.4,52.8,3521.0,188171.0,-4.0,0.9023,1587.0,69.0,-399.0,-307.0,-637.0,40744.0,1413.0,1104.0,15.0,200.0,4.0,11.26,3.0,3.52
2007/11/26,54.8,54.8,51.8,52.5,3838.0,201965.0,-0.5682,0.9835,1334.0,381.0,-1000.0,100.0,-519.0,41494.0,1338.0,577.0,9.0,345.0,154.0,11.19,2.98,3.54
2007/11/27,51.5,51.6,48.85,49.9,6376.0,316880.0,-4.9524,1.6339,2141.0,147.0,-1183.0,-45.0,-1081.0,41114.0,2267.0,2623.0,101.0,244.0,0.0,10.64,2.84,3.73
2007/11/28,50.2,50.4,48.55,48.55,3377.0,167141.0,-2.7054,0.8654,1372.0,282.0,0.0,-317.0,-35.0,41311.0,1190.0,989.0,43.0,249.0,48.0,10.35,2.76,3.83
2007/11/29,51.9,51.9,51.9,51.9,3771.0,195751.0,6.9001,0.9663,1059.0,-667.0,10.0,2.0,-655.0,41221.0,1574.0,1653.0,4.0,305.0,60.0,11.07,2.95,3.58
2007/11/30,52.9,55.5,52.9,55.5,9921.0,537727.0,6.9364,2.5368,3358.0,-920.0,509.0,150.0,-261.0,40818.0,2825.0,3228.0,47.0,473.0,215.0,11.83,3.16,3.35
2007/12/03,56.5,57.4,55.6,56.8,5537.0,314262.0,2.3423,1.4158,2090.0,-253.0,29.0,113.0,-111.0,39990.0,1180.0,2008.0,57.0,611.0,195.0,12.11,3.23,3.27
2007/12/04,56.8,57.0,55.8,56.9,5588.0,315199.0,0.1761,1.4288,1833.0,316.0,-530.0,59.0,-155.0,40395.0,2223.0,1797.0,122.0,527.0,39.0,12.13,3.23,3.27
2007/12/05,56.0,56.4,54.5,55.5,9192.0,509747.0,-2.4605,2.3504,3203.0,415.0,-2583.0,11.0,-2157.0,42097.0,3303.0,1546.0,87.0,437.0,0.0,11.83,3.16,3.35
2007/12/06,56.0,56.2,53.2,53.4,11144.0,606661.0,-3.7838,2.8495,3782.0,21.0,-2486.0,-40.0,-2505.0,42616.0,3652.0,3057.0,93.0,346.0,5.0,11.39,3.04,3.48
2007/12/07,54.1,54.8,53.6,53.6,4628.0,250215.0,0.3745,1.1834,1751.0,-22.0,-1680.0,237.0,-1465.0,42939.0,1442.0,1115.0,40.0,493.0,187.0,11.43,3.05,3.47
2007/12/10,53.4,53.5,51.9,51.9,3596.0,188956.0,-3.1716,0.9195,1383.0,38.0,-522.0,-338.0,-822.0,42702.0,973.0,1205.0,88.0,405.0,0.0,11.07,2.95,3.58
2007/12/11,52.3,52.8,51.9,52.8,2068.0,108204.0,1.7341,0.5288,1027.0,282.0,-138.0,-21.0,123.0,42484.0,590.0,803.0,20.0,410.0,25.0,11.26,3.0,3.52
2007/12/12,52.0,52.2,51.0,51.7,2742.0,141484.0,-2.0833,0.7011,1197.0,168.0,-875.0,-136.0,-843.0,42493.0,1015.0,814.0,22.0,388.0,0.0,11.02,2.94,3.6
2007/12/13,51.8,52.8,49.7,49.9,3510.0,180213.0,-3.4816,0.8975,1592.0,-64.0,300.0,-89.0,147.0,42448.0,1137.0,1178.0,43.0,397.0,52.0,10.64,2.84,3.73
2007/12/14,51.0,51.0,48.7,50.8,4268.0,213335.0,1.8036,1.0913,1870.0,-199.0,32.0,-69.0,-236.0,42306.0,1465.0,1579.0,89.0,391.0,83.0,10.83,2.89,3.66
2007/12/17,50.0,51.3,48.0,48.2,4003.0,199008.0,-5.1181,1.0236,1586.0,-214.0,-261.0,-1.0,-476.0,41848.0,1313.0,1760.0,70.0,338.0,17.0,10.28,2.74,3.86
2007/12/18,48.3,51.5,47.25,51.0,11119.0,560887.0,5.8091,2.8431,3270.0,-759.0,835.0,210.0,286.0,40223.0,2363.0,3825.0,35.0,813.0,510.0,10.87,2.9,3.65
2007/12/19,51.0,52.5,50.5,52.3,6308.0,326126.0,2.549,1.6129,2304.0,-509.0,610.0,68.0,168.0,40022.0,2291.0,2475.0,67.0,872.0,126.0,11.15,2.97,3.56
2007/12/20,52.3,52.8,50.2,50.8,3621.0,186884.0,-2.8681,0.9259,1450.0,-18.0,21.0,101.0,104.0,39564.0,1388.0,1730.0,75.0,829.0,33.0,10.83,2.89,3.66
2007/12/21,51.3,52.2,50.8,51.5,3372.0,173751.0,1.378,0.8622,1372.0,-75.0,209.0,-2.0,132.0,39526.0,1167.0,1195.0,30.0,908.0,109.0,10.98,2.93,3.61
2007/12/24,52.3,53.5,52.2,52.8,7140.0,378103.0,2.5243,1.8257,2219.0,357.0,20.0,128.0,505.0,38917.0,2015.0,2608.0,112.0,898.0,103.0,11.26,3.0,3.52
2007/12/25,52.8,53.4,52.1,52.1,3269.0,172721.0,-1.3258,0.8359,1160.0,3.0,48.0,6.0,57.0,38502.0,814.0,1229.0,46.0,1063.0,211.0,11.11,2.96,3.57
2007/12/26,52.3,53.0,52.0,52.3,2989.0,156980.0,0.3839,0.7643,1189.0,60.0,64.0,0.0,124.0,38351.0,871.0,1016.0,43.0,1249.0,229.0,11.15,2.97,3.56
2007/12/27,52.3,53.8,52.3,52.8,3802.0,202555.0,0.956,0.9722,1511.0,341.0,47.0,182.0,570.0,38181.0,1262.0,1430.0,91.0,1330.0,176.0,11.26,3.0,3.52
2007/12/28,52.6,54.5,52.5,54.2,5278.0,283523.0,2.6515,1.3496,2048.0,256.0,-129.0,-35.0,92.0,38267.0,1858.0,1772.0,95.0,1295.0,60.0,11.56,3.08,3.43
2007/12/31,54.2,54.8,53.6,53.7,2954.0,159439.0,-0.9225,0.7547,1129.0,-324.0,95.0,129.0,-100.0,38511.0,1166.0,922.0,109.0,1187.0,1.0,11.45,3.05,3.46
2008/01/02,53.7,55.1,53.2,53.8,6338.0,344689.0,0.1862,1.6194,2068.0,380.0,-50.0,90.0,420.0,37477.0,1425.0,2419.0,134.0,1159.0,106.0,11.47,3.06,3.46
2008/01/03,52.6,53.2,52.2,52.5,2249.0,118295.0,-2.4164,0.5746,884.0,15.0,-440.0,6.0,-419.0,37518.0,1069.0,1028.0,95.0,1064.0,0.0,11.19,2.98,3.54
2008/01/04,52.5,53.1,51.5,51.8,2566.0,134306.0,-1.3333,0.6556,969.0,149.0,-87.0,17.0,79.0,37712.0,1068.0,868.0,44.0,1045.0,25.0,11.04,2.94,3.59
2008/01/07,50.0,50.2,48.4,48.6,4691.0,229791.0,-6.1776,1.1986,1702.0,-255.0,-355.0,-28.0,-638.0,37119.0,1167.0,1750.0,103.0,942.0,0.0,10.36,2.76,3.83
2008/01/08,48.0,48.6,47.5,47.6,5337.0,256329.0,-2.0576,1.3636,1638.0,-987.0,-1633.0,-517.0,-3137.0,38209.0,2058.0,927.0,117.0,838.0,13.0,10.15,2.71,3.91
2008/01/09,46.3,47.2,45.0,47.0,5222.0,241071.0,-1.2605,1.3342,1951.0,-263.0,-53.0,-414.0,-730.0,38862.0,2077.0,1410.0,332.0,506.0,0.0,10.02,2.67,3.96
2008/01/10,48.2,49.0,47.7,47.9,4965.0,240166.0,1.9149,1.2686,1693.0,165.0,1328.0,26.0,1519.0,38269.0,1286.0,1873.0,43.0,499.0,36.0,10.21,2.72,3.88
2008/01/11,49.15,49.9,48.6,48.85,4097.0,202292.0,1.9833,1.0468,1612.0,-38.0,1497.0,-11.0,1448.0,37895.0,1281.0,1651.0,6.0,542.0,49.0,10.42,2.78,3.81
2008/01/14,49.0,49.8,47.2,47.6,2758.0,132624.0,-2.5589,0.7047,1254.0,-355.0,31.0,24.0,-300.0,38470.0,1203.0,626.0,28.0,515.0,2.0,10.15,2.71,3.91
2008/01/15,48.4,50.9,47.7,50.9,8177.0,406303.0,6.9328,2.0892,2953.0,240.0,-288.0,14.0,-34.0,38532.0,2898.0,2836.0,137.0,512.0,134.0,10.85,2.89,3.65
2008/01/16,49.7,51.5,49.6,51.2,9190.0,467443.0,0.5894,2.3481,3059.0,2260.0,1785.0,-71.0,3974.0,37011.0,1754.0,3251.0,69.0,579.0,136.0,10.92,2.91,3.63
2008/01/17,52.2,53.4,50.0,51.2,7825.0,403531.0,0.0,1.9993,2882.0,939.0,313.0,32.0,1284.0,37160.0,2195.0,1940.0,23.0,628.0,72.0,10.92,2.91,3.63
2008/01/18,49.7,52.0,49.3,51.5,2831.0,143585.0,0.5859,0.7233,1290.0,-249.0,1.0,70.0,-178.0,37054.0,751.0,825.0,110.0,543.0,25.0,10.98,2.93,3.61
2008/01/21,50.5,51.8,50.1,50.1,2390.0,121525.0,-2.7184,0.6106,1195.0,-334.0,21.0,12.0,-301.0,36862.0,778.0,960.0,59.0,500.0,16.0,10.68,2.85,3.71
2008/01/22,46.6,47.9,46.6,46.6,3804.0,178160.0,-6.986,0.9719,1459.0,-126.0,-240.0,-27.0,-393.0,35876.0,1097.0,2062.0,14.0,485.0,0.0,9.94,2.65,3.99
2008/01/23,45.8,47.9,44.6,44.8,4783.0,217522.0,-3.8627,1.2221,1736.0,-331.0,100.0,-168.0,-399.0,35609.0,1463.0,1688.0,46.0,482.0,43.0,9.55,2.55,4.15
2008/01/24,46.4,46.4,41.8,43.0,4753.0,206268.0,-4.0179,1.2144,1820.0,-23.0,-18.0,-7.0,-48.0,35585.0,1807.0,1638.0,63.0,493.0,74.0,9.17,2.44,4.33
2008/01/25,44.0,46.0,44.0,46.0,4229.0,191287.0,6.9767,1.0805,1615.0,197.0,-52.0,152.0,297.0,35335.0,1174.0,1379.0,8.0,652.0,167.0,9.81,2.62,4.04
2008/01/28,45.6,45.6,43.4,43.4,3431.0,152030.0,-5.6522,0.8766,1090.0,-79.0,-590.0,96.0,-573.0,35247.0,876.0,924.0,79.0,573.0,0.0,9.25,2.47,4.29
2008/01/29,44.4,44.65,43.3,43.75,3015.0,132127.0,0.8065,0.7703,1322.0,17.0,-257.0,-81.0,-321.0,35208.0,699.0,677.0,3.0,623.0,58.0,9.33,2.49,4.25
2008/01/30,43.9,44.8,43.8,44.2,1585.0,70283.0,1.0286,0.405,666.0,54.0,0.0,-104.0,-50.0,34945.0,301.0,483.0,29.0,620.0,26.0,9.42,2.51,4.21
2008/01/31,44.4,44.9,43.6,44.8,3397.0,150635.0,1.3575,0.8679,988.0,1940.0,0.0,-54.0,1886.0,34517.0,464.0,892.0,34.0,634.0,48.0,9.55,2.55,4.15
2008/02/01,45.6,45.8,45.0,45.3,1999.0,90889.0,1.1161,0.5107,894.0,-95.0,516.0,-98.0,323.0,33980.0,431.0,808.0,3.0,641.0,15.0,9.66,2.58,4.11
2008/02/12,42.5,44.0,42.15,42.15,3059.0,130804.0,-6.9536,0.7816,932.0,-87.0,-721.0,-11.0,-819.0,34078.0,579.0,471.0,49.0,592.0,0.0,8.99,2.4,4.41
2008/02/13,41.85,41.85,39.2,39.2,10520.0,418683.0,-6.9988,2.6879,3296.0,1261.0,-1271.0,106.0,96.0,34148.0,2690.0,2522.0,28.0,564.0,0.0,8.36,2.23,4.74
2008/02/14,40.0,41.8,39.7,41.4,8500.0,345608.0,5.6122,2.1718,2921.0,657.0,1439.0,-72.0,2024.0,34740.0,2348.0,1691.0,9.0,1078.0,523.0,8.83,2.35,4.49
2008/02/15,40.5,41.5,39.7,41.4,5666.0,230550.0,0.0,1.4477,1835.0,18.0,-214.0,187.0,-9.0,35203.0,1594.0,1081.0,119.0,965.0,6.0,8.83,2.35,4.49
2008/02/18,41.8,42.0,40.8,41.5,5919.0,244921.0,0.2415,1.5123,2457.0,-394.0,-100.0,-170.0,-664.0,36185.0,2328.0,1340.0,24.0,1341.0,400.0,8.85,2.36,4.48
2008/02/19,41.5,44.4,41.0,44.4,9763.0,424308.0,6.988,2.4945,3232.0,-416.0,725.0,-342.0,-33.0,36846.0,3739.0,3049.0,196.0,1276.0,131.0,9.47,2.52,4.19
2008/02/20,44.7,45.5,43.2,43.5,9229.0,410992.0,-2.027,2.358,3212.0,-64.0,1795.0,-86.0,1645.0,37361.0,3574.0,3057.0,81.0,1282.0,87.0,9.28,2.47,4.28
2008/02/21,44.6,45.95,44.0,45.05,6973.0,315099.0,3.5632,1.7816,2392.0,30.0,100.0,163.0,293.0,37759.0,2919.0,2516.0,67.0,1270.0,55.0,9.61,2.56,4.13
2008/02/22,44.8,46.0,44.3,45.05,4175.0,188421.0,0.0,1.0667,1556.0,-135.0,160.0,1.0,26.0,37283.0,1216.0,1691.0,33.0,1315.0,78.0,9.61,2.56,4.13
2008/02/25,46.0,46.0,45.0,45.05,4561.0,206966.0,0.0,1.1653,1438.0,-34.0,-10.0,40.0,-4.0,36935.0,1529.0,1877.0,54.0,1302.0,41.0,9.61,2.56,4.13
2008/02/26,45.4,45.6,43.9,44.1,3482.0,155404.0,-2.1088,0.8897,1433.0,26.0,150.0,-6.0,170.0,36328.0,1136.0,1731.0,37.0,1271.0,6.0,9.4,2.51,4.22
2008/02/27,44.6,45.6,44.5,45.05,5098.0,230439.0,2.1542,1.3025,1711.0,-16.0,432.0,17.0,433.0,35938.0,1395.0,1755.0,75.0,1223.0,28.0,9.61,2.56,4.13
2008/02/29,45.0,46.2,44.7,45.75,4074.0,186463.0,1.5538,1.0409,1566.0,475.0,80.0,7.0,562.0,35440.0,1374.0,1871.0,18.0,1248.0,43.0,9.75,2.6,4.07
2008/03/03,44.0,44.6,43.5,43.9,3221.0,141678.0,-4.0437,0.823,1097.0,-3.0,-3.0,-224.0,-230.0,35045.0,893.0,1286.0,116.0,1132.0,0.0,9.36,2.5,4.24
2008/03/04,44.0,45.85,43.9,45.25,7131.0,321383.0,3.0752,1.822,2136.0,97.0,-760.0,353.0,-310.0,35993.0,2820.0,1872.0,50.0,1167.0,85.0,9.65,2.57,4.11
2008/03/05,45.75,46.95,45.25,45.65,10045.0,463531.0,0.884,2.5665,2888.0,-26.0,-1999.0,225.0,-1800.0,36438.0,3401.0,2952.0,49.0,1160.0,42.0,9.73,2.6,4.07
2008/03/06,46.1,48.8,45.95,48.8,16121.0,767477.0,6.9003,4.1189,5057.0,227.0,-1220.0,585.0,-408.0,35986.0,4192.0,4640.0,67.0,1308.0,215.0,10.41,2.77,3.81
2008/03/07,48.5,50.6,48.0,49.0,14400.0,711347.0,0.4098,3.6792,4616.0,-2233.0,-280.0,1211.0,-1302.0,36271.0,4407.0,4122.0,109.0,2029.0,830.0,10.45,2.79,3.8
2008/03/10,49.45,49.45,45.6,45.7,12810.0,598727.0,-6.7347,3.273,4073.0,-4407.0,-1693.0,44.0,-6056.0,38492.0,4001.0,1778.0,777.0,1252.0,0.0,9.74,2.6,4.07
2008/03/11,42.55,43.2,42.55,42.55,21370.0,910095.0,-6.8928,5.4601,5962.0,-993.0,-5582.0,-784.0,-7358.0,41906.0,6036.0,2584.0,175.0,1076.0,0.0,9.07,2.42,4.37
2008/03/12,43.0,43.3,41.75,41.75,17125.0,727730.0,-1.8801,4.3755,6050.0,-2938.0,-680.0,-536.0,-4154.0,44241.0,4980.0,2639.0,115.0,1223.0,262.0,8.9,2.37,4.46
2008/03/13,41.8,42.35,41.0,41.1,6251.0,260918.0,-1.5569,1.5971,2511.0,-1010.0,-50.0,-107.0,-1167.0,44692.0,2194.0,1731.0,107.0,1209.0,93.0,8.76,2.34,4.53
2008/03/14,41.3,41.7,40.5,40.9,4573.0,187412.0,-0.4866,1.1684,1755.0,-283.0,-281.0,-123.0,-687.0,44095.0,1079.0,1661.0,86.0,1182.0,60.0,8.72,2.33,4.55
2008/03/17,40.6,40.6,39.1,39.7,3711.0,147415.0,-2.934,0.9482,1565.0,-121.0,-367.0,-68.0,-556.0,43968.0,1046.0,1153.0,322.0,858.0,0.0,8.46,2.26,4.69
2008/03/18,40.0,40.45,39.4,40.1,2940.0,117579.0,1.0076,0.7512,1252.0,-156.0,0.0,-156.0,-312.0,43932.0,996.0,1019.0,45.0,922.0,109.0,8.55,2.28,4.64
2008/03/19,41.0,41.0,39.7,39.7,4162.0,167927.0,-0.9975,1.0634,1503.0,-125.0,-1455.0,90.0,-1490.0,44460.0,1492.0,874.0,91.0,852.0,21.0,8.46,2.26,4.69
2008/03/20,39.4,40.2,39.4,39.6,2386.0,94697.0,-0.2519,0.6096,1121.0,135.0,0.0,-8.0,127.0,43973.0,854.0,1199.0,39.0,820.0,7.0,8.44,2.25,4.7
2008/03/21,40.3,40.7,39.9,40.6,4453.0,179900.0,2.5253,1.1377,1752.0,315.0,-582.0,63.0,-204.0,43384.0,1063.0,1635.0,29.0,811.0,20.0,8.66,2.31,4.58
2008/03/24,43.0,43.0,41.3,41.65,9077.0,380921.0,2.5862,2.3192,2891.0,655.0,-1900.0,47.0,-1198.0,43569.0,2382.0,2193.0,72.0,768.0,32.0,8.88,2.37,4.47
2008/03/25,42.3,42.35,41.7,41.85,9874.0,414518.0,0.4802,2.5228,2975.0,-4389.0,-1100.0,75.0,-5414.0,44718.0,2426.0,1257.0,23.0,761.0,16.0,8.92,2.38,4.44
2008/03/26,41.65,41.85,40.5,40.85,6167.0,252557.0,-2.3895,1.5757,2108.0,-774.0,-299.0,47.0,-1026.0,45869.0,2587.0,1395.0,15.0,745.0,0.0,8.71,2.32,4.55
2008/03/27,40.7,41.5,40.3,41.25,2958.0,121657.0,0.9792,0.7558,1449.0,200.0,-2.0,-4.0,194.0,45631.0,906.0,1126.0,55.0,696.0,6.0,8.8,2.35,4.51
2008/03/28,41.25,41.5,40.85,41.3,1938.0,79866.0,0.1212,0.4952,990.0,-434.0,1.0,0.0,-433.0,45511.0,551.0,660.0,22.0,675.0,1.0,8.81,2.35,4.5
2008/03/31,41.5,41.8,41.1,41.4,2645.0,109500.0,0.2421,0.6758,1079.0,-166.0,-801.0,4.0,-963.0,45610.0,771.0,665.0,20.0,661.0,6.0,8.83,2.35,8.94
2008/04/01,41.8,42.0,41.5,41.5,4967.0,207356.0,0.2415,1.2691,1916.0,-2297.0,-99.0,2.0,-2394.0,46252.0,1613.0,902.0,298.0,363.0,0.0,8.85,2.36,8.92
2008/04/02,42.0,42.2,41.75,42.05,4938.0,207643.0,1.3253,1.2617,2134.0,-1135.0,4.0,1.0,-1130.0,45609.0,1552.0,1417.0,323.0,44.0,4.0,8.97,2.39,8.8
2008/04/03,42.3,43.05,41.95,43.0,6050.0,256311.0,2.2592,1.5458,2347.0,-273.0,-199.0,0.0,-472.0,45958.0,1992.0,1597.0,29.0,14.0,0.0,9.21,2.45,8.6
2008/04/07,43.4,43.5,42.7,43.1,6782.0,291345.0,0.2326,1.7328,2303.0,-1157.0,-350.0,-5.0,-1512.0,45598.0,1791.0,2112.0,13.0,0.0,0.0,9.23,2.46,8.58
2008/04/08,44.0,44.3,43.25,43.25,6971.0,304472.0,0.348,1.7811,2555.0,-1102.0,0.0,363.0,-739.0,43265.0,0.0,2154.0,0.0,0.0,0.0,9.26,2.47,8.55
2008/04/09,43.05,43.45,41.9,42.3,6269.0,265885.0,-2.1965,1.6017,2565.0,-1439.0,-199.0,190.0,-1448.0,42397.0,0.0,837.0,0.0,0.0,0.0,9.06,2.41,8.75
2008/04/10,41.95,42.5,41.95,42.5,4973.0,209860.0,0.4728,1.2706,2194.0,-1879.0,0.0,5.0,-1874.0,41970.0,0.0,421.0,0.0,0.0,0.0,9.1,2.42,8.71
2008/04/11,43.1,44.0,42.85,43.8,14157.0,615744.0,3.0588,3.6171,4984.0,-2129.0,2211.0,121.0,203.0,46186.0,6428.0,2211.0,0.0,8.0,8.0,9.38,2.5,8.44
2008/04/14,43.4,44.2,43.3,43.9,9274.0,406721.0,0.2283,2.3695,2831.0,-93.0,989.0,6.0,902.0,46228.0,2510.0,2466.0,6.0,24.0,22.0,9.4,2.5,8.43
2008/04/15,44.1,44.85,43.9,44.3,8056.0,358204.0,0.9112,2.0583,2781.0,250.0,1199.0,22.0,1471.0,46133.0,2901.0,2985.0,1.0,31.0,9.0,9.49,2.53,8.35
2008/04/16,45.0,45.0,43.9,44.0,6423.0,283796.0,-0.6772,1.6411,2335.0,-29.0,92.0,1.0,64.0,46091.0,2596.0,2632.0,8.0,22.0,0.0,9.42,2.51,8.41
2008/04/17,44.8,44.8,44.0,44.0,7107.0,315822.0,0.0,1.8158,2294.0,693.0,1001.0,-53.0,1641.0,44806.0,2032.0,3257.0,0.0,31.0,9.0,9.42,2.51,8.41
2008/04/18,44.5,44.5,43.55,43.8,3624.0,159054.0,-0.4545,0.9259,1457.0,35.0,-1.0,-2.0,32.0,44047.0,1079.0,1835.0,9.0,33.0,11.0,9.38,2.5,8.44
2008/04/21,44.2,44.65,44.0,44.4,4621.0,204890.0,1.3699,1.1807,1557.0,103.0,151.0,-31.0,223.0,44290.0,1789.0,1474.0,17.0,23.0,7.0,9.51,2.53,8.33
2008/04/22,44.6,45.3,44.5,44.8,7167.0,322436.0,0.9009,1.8312,2465.0,-17.0,0.0,-452.0,-469.0,43688.0,2155.0,2692.0,2.0,29.0,8.0,9.59,2.56,8.26
2008/04/23,45.0,45.15,44.3,45.05,5455.0,244741.0,0.558,1.3938,1729.0,73.0,1.0,6.0,80.0,42203.0,845.0,2304.0,7.0,24.0,2.0,9.65,2.57,8.21
2008/04/24,45.15,45.6,44.85,45.0,5806.0,263232.0,-0.111,1.4834,1959.0,17.0,1.0,-7.0,11.0,41090.0,964.0,2066.0,0.0,39.0,15.0,9.64,2.4,8.22
2008/04/25,45.1,45.2,44.05,44.5,6221.0,276383.0,-1.1111,1.5895,1940.0,-7.0,0.0,2.0,-5.0,40352.0,1632.0,2363.0,9.0,30.0,0.0,8.46,2.38,8.31
2008/04/28,44.1,45.0,44.05,44.55,3728.0,166737.0,0.1124,0.9525,1426.0,41.0,2.0,3.0,46.0,39413.0,277.0,1088.0,1.0,44.0,15.0,9.17,2.38,8.31
2008/04/29,44.6,45.55,44.6,45.2,5644.0,255484.0,1.459,1.442,1590.0,6.0,1.0,0.0,7.0,38220.0,895.0,2087.0,15.0,38.0,9.0,9.3,2.41,8.19
2008/04/30,45.5,45.6,44.75,44.95,1767.0,79437.0,-0.5531,0.4515,801.0,-42.0,12.0,1.0,-29.0,38118.0,535.0,626.0,5.0,34.0,1.0,9.25,2.4,8.23
2008/05/02,45.2,45.3,44.3,44.5,2349.0,104972.0,-1.0011,0.6002,889.0,-44.0,0.0,9.0,-35.0,38100.0,881.0,892.0,6.0,28.0,0.0,9.16,2.38,8.31
2008/05/05,44.5,44.9,44.1,44.1,2049.0,90991.0,-0.8989,0.5235,808.0,-14.0,1.0,-13.0,-26.0,38029.0,536.0,607.0,22.0,6.0,0.0,9.07,2.35,8.39
2008/05/06,43.5,44.5,42.4,44.5,4218.0,181732.0,0.907,1.0777,1729.0,150.0,1.0,-19.0,132.0,37277.0,844.0,1412.0,2.0,4.0,0.0,9.16,2.38,8.31
2008/05/07,43.7,44.15,43.4,44.0,5282.0,231293.0,-1.1236,1.3496,1643.0,-100.0,1.0,4.0,-95.0,36599.0,1167.0,1831.0,0.0,4.0,0.0,9.05,2.35,8.41
2008/05/08,43.6,44.15,43.3,43.5,2966.0,130001.0,-1.1364,0.7578,920.0,-126.0,-750.0,0.0,-876.0,36196.0,251.0,558.0,0.0,4.0,0.0,8.95,2.32,8.51
2008/05/09,43.85,44.15,43.25,43.3,1481.0,64508.0,-0.4598,0.3784,610.0,33.0,-43.0,1.0,-9.0,36427.0,562.0,329.0,0.0,4.0,0.0,8.91,2.31,8.55
2008/05/12,43.2,43.6,42.7,43.3,1753.0,75702.0,0.0,0.4479,864.0,-24.0,2.0,2.0,-20.0,36293.0,220.0,350.0,0.0,14.0,10.0,8.91,2.31,8.55
2008/05/13,43.5,44.0,43.35,43.7,1688.0,73604.0,0.9238,0.4313,708.0,338.0,1.0,-15.0,324.0,36245.0,305.0,353.0,0.0,14.0,0.0,8.99,2.33,8.47
2008/05/14,44.0,44.3,43.8,44.2,1513.0,66572.0,1.1442,0.3866,564.0,9.0,0.0,6.0,15.0,35999.0,235.0,455.0,0.0,14.0,0.0,9.09,2.36,8.36
2008/05/15,44.3,44.5,44.15,44.15,1994.0,88406.0,-0.1131,0.5095,879.0,62.0,8.0,5.0,75.0,35554.0,440.0,884.0,10.0,4.0,0.0,9.08,2.36,8.38
2008/05/16,44.15,45.8,44.15,45.5,7063.0,319678.0,3.0578,1.8046,2590.0,-57.0,-49.0,48.0,-58.0,36263.0,2198.0,1488.0,0.0,10.0,6.0,9.36,2.43,8.13
2008/05/19,45.9,45.95,44.85,45.2,2789.0,126105.0,-0.6593,0.7126,994.0,65.0,0.0,-19.0,46.0,35561.0,807.0,1508.0,5.0,5.0,0.0,9.3,2.41,8.19
2008/05/20,45.3,46.4,45.0,45.4,6467.0,296490.0,0.4425,1.6523,2746.0,-213.0,50.0,-16.0,-179.0,35926.0,2252.0,1887.0,0.0,11.0,6.0,9.34,2.42,8.15
2008/05/21,45.4,45.85,45.0,45.0,2033.0,92007.0,-0.8811,0.5194,883.0,-36.0,50.0,-6.0,8.0,35952.0,735.0,709.0,0.0,11.0,0.0,9.26,2.4,8.22
2008/05/22,44.3,44.8,44.3,44.55,1495.0,66515.0,-1.0,0.382,703.0,41.0,1.0,-11.0,31.0,35791.0,376.0,537.0,6.0,5.0,0.0,9.17,2.38,8.31
2008/05/23,44.75,44.8,43.6,43.6,2519.0,111228.0,-2.1324,0.6436,905.0,-56.0,-1.0,-54.0,-111.0,34931.0,328.0,1165.0,0.0,7.0,2.0,8.97,2.33,8.49
2008/05/26,43.0,43.6,42.7,42.7,1461.0,62727.0,-2.0642,0.3733,653.0,-41.0,184.0,-29.0,114.0,34549.0,238.0,600.0,0.0,8.0,1.0,8.79,2.28,8.67
2008/05/27,42.9,43.3,42.75,43.3,1187.0,51064.0,1.4052,0.3033,503.0,27.0,119.0,-217.0,-71.0,34471.0,228.0,301.0,1.0,9.0,2.0,8.91,2.31,8.55
2008/05/28,43.1,43.5,42.5,42.5,1143.0,48994.0,-1.8476,0.292,565.0,-137.0,2.0,-7.0,-142.0,34229.0,311.0,552.0,0.0,9.0,0.0,8.74,2.27,8.71
2008/05/29,42.65,43.2,41.7,42.0,1527.0,64473.0,-1.1765,0.3901,746.0,32.0,1.0,-61.0,-28.0,34274.0,385.0,296.0,0.0,9.0,0.0,8.64,2.24,8.81
2008/05/30,42.2,42.35,41.0,41.1,2109.0,87246.0,-2.1429,0.5389,848.0,41.0,0.0,-336.0,-295.0,33935.0,433.0,768.0,0.0,9.0,0.0,8.46,2.19,9.0
2008/06/02,40.9,41.8,40.9,41.4,779.0,32218.0,0.7299,0.199,408.0,139.0,2.0,-6.0,135.0,33666.0,213.0,116.0,0.0,38.0,29.0,8.52,2.21,8.94
2008/06/03,41.1,41.8,40.65,40.85,1433.0,58603.0,-1.3285,0.3661,751.0,69.0,-432.0,-45.0,-408.0,33413.0,276.0,487.0,10.0,28.0,0.0,8.41,2.18,9.06
2008/06/04,40.3,40.85,40.3,40.45,1517.0,61482.0,-0.9792,0.3876,773.0,-400.0,-449.0,2.0,-847.0,33593.0,425.0,242.0,0.0,28.0,0.0,8.32,2.16,9.15
2008/06/05,40.5,41.0,40.45,41.0,2027.0,82377.0,1.3597,0.5179,788.0,-551.0,-625.0,-136.0,-1312.0,34173.0,692.0,111.0,3.0,28.0,3.0,8.44,2.19,9.02
2008/06/06,41.0,41.2,40.5,40.8,2607.0,106200.0,-0.4878,0.6661,1062.0,-276.0,-820.0,-1.0,-1097.0,34401.0,734.0,466.0,0.0,30.0,2.0,8.4,2.18,9.07
2008/06/09,39.8,40.0,39.5,39.95,1771.0,70493.0,-2.0833,0.4525,765.0,37.0,-357.0,-36.0,-356.0,34386.0,425.0,436.0,4.0,26.0,0.0,8.22,2.13,9.26
2008/06/10,39.9,39.9,39.1,39.1,2003.0,79165.0,-2.1277,0.5118,847.0,-226.0,-212.0,-115.0,-553.0,34230.0,414.0,538.0,0.0,26.0,0.0,8.05,2.09,9.46
2008/06/11,39.1,39.4,38.05,38.1,1767.0,67968.0,-2.5575,0.4515,859.0,76.0,-45.0,-103.0,-72.0,33972.0,518.0,774.0,0.0,45.0,19.0,7.84,2.03,9.71
2008/06/12,37.6,37.6,35.55,35.65,4655.0,167374.0,-6.4304,1.1894,1476.0,103.0,-75.0,-523.0,-495.0,33807.0,1679.0,1670.0,9.0,36.0,0.0,7.34,1.9,10.38
2008/06/13,35.65,36.2,35.5,35.8,1974.0,70667.0,0.4208,0.5044,804.0,-77.0,2.0,-5.0,-80.0,33046.0,429.0,1021.0,0.0,56.0,20.0,7.37,1.91,10.34
2008/06/16,36.0,37.5,36.0,36.75,2282.0,84113.0,2.6536,0.5831,789.0,-12.0,372.0,-2.0,358.0,33062.0,432.0,405.0,13.0,198.0,155.0,7.56,1.96,10.07
2008/06/17,36.75,37.0,36.25,36.7,993.0,36334.0,-0.1361,0.2537,414.0,-47.0,0.0,-6.0,-53.0,33083.0,352.0,325.0,4.0,243.0,50.0,7.55,1.96,10.08
2008/06/18,36.8,38.1,36.8,37.6,1866.0,70124.0,2.4523,0.4768,735.0,-95.0,0.0,0.0,-95.0,32713.0,572.0,810.0,0.0,248.0,5.0,7.74,2.01,9.84
2008/06/19,37.0,37.9,36.85,37.3,991.0,37111.0,-0.7979,0.2532,591.0,54.0,0.0,-1.0,53.0,32503.0,190.0,264.0,5.0,243.0,0.0,7.67,1.99,9.92
2008/06/20,37.3,37.95,35.8,37.95,1567.0,57961.0,1.7426,0.4004,765.0,195.0,-1.0,-4.0,190.0,32118.0,324.0,690.0,0.0,286.0,43.0,7.81,2.03,9.75
2008/06/23,36.1,37.5,36.05,37.45,1529.0,56126.0,-1.3175,0.3907,613.0,469.0,2.0,2.0,473.0,32069.0,352.0,395.0,7.0,279.0,0.0,7.71,2.0,9.88
2008/06/24,37.45,37.55,36.05,36.2,1410.0,51597.0,-3.3378,0.3603,584.0,-142.0,51.0,-2.0,-93.0,32015.0,428.0,457.0,2.0,277.0,0.0,7.45,1.93,10.22
2008/06/25,35.85,36.7,35.7,36.7,1355.0,48932.0,1.3812,0.3462,496.0,99.0,-1.0,8.0,106.0,32352.0,754.0,402.0,3.0,281.0,7.0,7.55,1.96,10.08
2008/06/26,36.8,36.95,36.5,36.5,951.0,34890.0,-0.545,0.243,466.0,6.0,0.0,-2.0,4.0,32340.0,354.0,341.0,17.0,266.0,2.0,7.51,1.95,10.14
2008/06/27,34.6,35.3,33.95,35.0,2358.0,81115.0,-4.1096,0.6025,882.0,-35.0,1.0,-13.0,-47.0,31694.0,970.0,1599.0,2.0,264.0,0.0,7.2,1.87,10.57
2008/06/30,35.1,35.5,33.5,33.6,1241.0,42607.0,-4.0,0.3171,536.0,26.0,2.0,12.0,40.0,31554.0,559.0,547.0,5.0,273.0,14.0,6.91,1.79,11.01
2008/07/01,33.6,33.9,31.25,31.25,2999.0,96841.0,-6.994,0.7662,1041.0,190.0,-199.0,1.0,-8.0,30656.0,1085.0,1839.0,20.0,253.0,0.0,6.43,1.67,11.84
2008/07/02,31.25,31.7,30.1,31.3,2631.0,81834.0,0.16,0.6722,1070.0,299.0,0.0,6.0,305.0,29957.0,713.0,1283.0,31.0,224.0,2.0,6.44,1.67,11.82
2008/07/03,30.3,32.65,30.3,32.65,2532.0,79015.0,4.3131,0.6469,867.0,28.0,50.0,-6.0,72.0,29883.0,555.0,582.0,2.0,223.0,1.0,6.72,1.74,11.33
2008/07/04,32.65,32.7,31.5,31.55,2057.0,65603.0,-3.3691,0.5256,837.0,-942.0,53.0,1.0,-888.0,30197.0,741.0,390.0,1.0,222.0,0.0,6.49,1.68,11.73
2008/07/07,31.0,31.5,31.0,31.5,946.0,29621.0,-0.1585,0.2417,449.0,11.0,1.0,2.0,14.0,30022.0,271.0,414.0,0.0,222.0,0.0,6.48,1.68,11.75
2008/07/08,31.5,32.2,30.6,30.7,1967.0,62164.0,-2.5397,0.5026,937.0,-219.0,160.0,92.0,33.0,29881.0,522.0,630.0,0.0,222.0,0.0,6.32,1.64,12.05
2008/07/09,31.4,31.6,30.7,30.7,1770.0,55278.0,0.0,0.4522,712.0,-205.0,149.0,3.0,-53.0,29616.0,349.0,589.0,0.0,225.0,3.0,6.32,1.64,12.05
2008/07/10,30.7,31.1,30.3,31.0,1004.0,30901.0,0.9772,0.2565,519.0,83.0,0.0,6.0,89.0,29263.0,168.0,501.0,0.0,226.0,1.0,6.38,1.66,11.94
2008/07/11,31.0,31.95,30.8,31.8,1656.0,51879.0,2.5806,0.4231,685.0,-278.0,0.0,60.0,-218.0,29171.0,324.0,403.0,53.0,176.0,3.0,6.54,1.7,11.64
2008/07/14,31.7,32.4,31.45,31.7,1391.0,44416.0,-0.3145,0.3554,576.0,-31.0,-39.0,-112.0,-182.0,29233.0,486.0,423.0,0.0,176.0,0.0,6.52,1.69,11.67
2008/07/15,31.5,31.5,30.35,30.35,1581.0,48801.0,-4.2587,0.4039,605.0,-26.0,0.0,5.0,-21.0,29078.0,537.0,670.0,0.0,176.0,0.0,6.24,1.62,12.19
2008/07/16,30.5,31.9,30.35,30.95,3031.0,94785.0,1.9769,0.7744,1189.0,-21.0,801.0,-86.0,694.0,28772.0,581.0,832.0,0.0,221.0,45.0,6.37,1.65,11.95
2008/07/17,31.8,32.3,31.55,32.25,1900.0,60675.0,4.2003,0.4855,769.0,-225.0,1.0,-16.0,-240.0,28867.0,675.0,441.0,5.0,218.0,2.0,6.64,1.72,11.47
2008/07/18,32.45,32.7,30.6,30.8,1944.0,62116.0,-4.4961,0.4967,821.0,-160.0,0.0,-4.0,-164.0,28648.0,617.0,830.0,20.0,198.0,0.0,6.34,1.64,12.01
2008/07/21,31.5,32.2,31.2,32.2,1298.0,41175.0,4.5455,0.3316,559.0,120.0,0.0,0.0,120.0,28646.0,435.0,413.0,0.0,200.0,2.0,6.63,1.72,11.49
2008/07/22,32.0,32.2,31.7,32.15,956.0,30595.0,-0.1553,0.2443,402.0,63.0,0.0,0.0,63.0,28638.0,360.0,270.0,0.0,201.0,1.0,6.62,1.72,11.51
2008/07/23,32.5,34.4,32.5,34.4,4202.0,142804.0,6.9984,1.0736,1421.0,68.0,699.0,1.0,768.0,28406.0,939.0,1164.0,151.0,73.0,23.0,7.08,1.84,10.76
2008/07/24,35.2,36.8,35.0,36.3,8930.0,322934.0,5.5233,2.2816,2716.0,-809.0,-410.0,158.0,-1061.0,29104.0,3002.0,2304.0,8.0,101.0,36.0,7.47,1.94,10.19
2008/07/25,35.0,36.2,35.0,36.1,3563.0,127368.0,-0.551,0.9103,1287.0,-222.0,445.0,0.0,223.0,29270.0,1059.0,805.0,19.0,82.0,0.0,7.43,1.93,10.25
2008/07/29,35.9,35.9,34.55,35.25,2278.0,79969.0,-2.3546,0.582,1082.0,-59.0,-499.0,9.0,-549.0,29340.0,757.0,595.0,16.0,61.0,0.0,7.25,1.88,10.5
2008/07/30,36.0,36.2,35.25,35.25,2105.0,75167.0,0.0,0.5378,809.0,-358.0,0.0,17.0,-341.0,29511.0,816.0,644.0,4.0,62.0,5.0,7.25,1.88,10.5
2008/07/31,35.9,35.95,33.65,34.1,3506.0,121532.0,-3.2624,0.8958,1260.0,141.0,-589.0,-101.0,-549.0,29173.0,1064.0,1394.0,5.0,58.0,1.0,7.02,1.82,10.85
2008/08/01,33.7,34.3,32.8,34.1,2076.0,69544.0,0.0,0.5304,908.0,243.0,0.0,15.0,258.0,29306.0,648.0,503.0,5.0,55.0,2.0,7.02,1.82,10.85
2008/08/04,34.1,34.8,33.9,34.5,1493.0,51210.0,1.173,0.3815,605.0,-97.0,71.0,27.0,1.0,29416.0,566.0,455.0,8.0,50.0,3.0,7.1,1.84,10.72
2008/08/05,35.0,35.0,33.65,33.7,2170.0,73904.0,-2.3188,0.5544,710.0,438.0,-608.0,3.0,-167.0,29457.0,639.0,585.0,27.0,28.0,5.0,6.93,1.8,10.98
2008/08/06,34.8,35.5,34.3,35.35,4324.0,151682.0,4.8961,1.1048,1331.0,490.0,-457.0,10.0,43.0,29910.0,1584.0,1087.0,1.0,37.0,10.0,7.27,1.89,10.47
2008/08/07,35.5,36.2,34.85,34.9,3170.0,112341.0,-1.273,0.8099,1230.0,-61.0,0.0,-1.0,-62.0,29882.0,1309.0,1324.0,7.0,57.0,27.0,7.18,1.86,10.86
2008/08/08,34.8,36.0,34.6,35.7,4033.0,143315.0,2.2923,1.0304,1344.0,-139.0,-254.0,29.0,-364.0,30142.0,1551.0,1267.0,26.0,35.0,4.0,7.35,1.91,10.62
2008/08/11,36.2,38.15,36.0,38.0,8128.0,302279.0,6.4426,2.0767,2758.0,441.0,423.0,-19.0,845.0,30676.0,3392.0,2821.0,0.0,59.0,24.0,7.82,2.03,9.97
2008/08/12,37.9,39.4,37.9,38.55,11186.0,434739.0,1.4474,2.858,3188.0,-394.0,48.0,453.0,107.0,30472.0,2290.0,2470.0,11.0,61.0,13.0,7.93,2.06,9.83
2008/08/13,38.5,40.6,38.0,40.0,9157.0,360710.0,3.7613,2.3396,3030.0,-37.0,-159.0,71.0,-125.0,29830.0,2073.0,2358.0,31.0,72.0,42.0,8.23,2.14,9.48
2008/08/14,40.0,40.2,39.2,39.85,3304.0,131132.0,-0.375,0.8442,1336.0,-355.0,-4.0,138.0,-221.0,30769.0,1736.0,740.0,33.0,39.0,0.0,8.2,2.13,9.51
2008/08/15,40.6,40.8,38.55,38.8,4432.0,175806.0,-2.6349,1.1324,1570.0,-320.0,0.0,-477.0,-797.0,31565.0,2160.0,1329.0,36.0,0.0,0.0,7.98,2.07,9.77
2008/08/18,39.05,39.05,37.05,37.1,3812.0,143975.0,-4.3814,0.974,1533.0,33.0,0.0,-273.0,-240.0,29476.0,0.0,2070.0,0.0,0.0,0.0,7.63,1.98,10.22
2008/08/19,37.0,39.65,36.45,39.65,6300.0,240317.0,6.8733,1.6097,2214.0,175.0,-1200.0,1.0,-1024.0,28602.0,0.0,864.0,0.0,0.0,0.0,8.16,2.56,9.56
2008/08/20,39.5,39.9,38.2,39.15,8782.0,343985.0,-1.261,2.2438,2865.0,-272.0,-1.0,31.0,-242.0,26424.0,0.0,2155.0,0.0,0.0,0.0,8.98,2.53,9.68
2008/08/21,33.4,34.2,33.0,33.0,6757.0,227400.0,-2.9967,1.5976,2542.0,-108.0,-807.0,-8.0,-923.0,27588.0,1932.0,738.0,0.0,117.0,117.0,8.19,2.3,11.48
2008/08/22,33.1,33.6,30.9,31.5,5003.0,159495.0,-4.5455,1.1829,1841.0,-95.0,1.0,9.0,-85.0,28205.0,1444.0,813.0,14.0,110.0,7.0,7.82,2.2,12.03
2008/08/25,32.6,32.6,31.6,31.7,2118.0,67714.0,0.6349,0.5008,999.0,21.0,0.0,-6.0,15.0,28355.0,568.0,413.0,11.0,114.0,15.0,7.87,2.21,11.96
2008/08/26,31.5,32.05,31.2,32.0,1468.0,46703.0,0.9464,0.3471,690.0,416.0,-1.0,-1.0,414.0,28439.0,350.0,264.0,14.0,110.0,10.0,7.94,2.23,11.84
2008/08/27,32.2,33.35,32.05,33.15,2541.0,83652.0,3.5937,0.6008,1206.0,320.0,0.0,1.0,321.0,28627.0,828.0,619.0,34.0,88.0,12.0,8.23,2.31,11.43
2008/08/28,33.5,33.6,32.4,32.5,2285.0,75151.0,-1.9608,0.5402,1048.0,-309.0,-300.0,-7.0,-616.0,28768.0,792.0,515.0,15.0,68.0,1.0,8.06,2.27,11.66
2008/08/29,32.9,33.2,32.3,32.8,1640.0,53641.0,0.9231,0.3877,708.0,27.0,-433.0,-20.0,-426.0,28962.0,617.0,416.0,6.0,70.0,8.0,8.14,2.29,11.55
2008/09/01,32.8,32.8,31.0,31.0,2348.0,73623.0,-5.4878,0.5551,1051.0,-11.0,-191.0,18.0,-184.0,29106.0,871.0,722.0,13.0,57.0,0.0,7.69,2.16,12.23
2008/09/02,31.0,31.45,30.2,30.55,1944.0,59904.0,-1.4516,0.4596,820.0,263.0,-399.0,-2.0,-138.0,29202.0,528.0,424.0,2.0,67.0,12.0,7.58,2.13,12.41
2008/09/03,30.5,30.8,29.1,29.1,2806.0,83182.0,-4.7463,0.6634,1243.0,110.0,2.0,16.0,128.0,28911.0,737.0,994.0,7.0,73.0,13.0,7.22,2.03,13.02
2008/09/04,28.4,29.35,28.0,28.0,1866.0,53234.0,-3.7801,0.4412,940.0,162.0,51.0,-31.0,182.0,28311.0,582.0,1121.0,3.0,70.0,0.0,6.95,1.95,13.54
2008/09/05,27.1,29.85,27.1,29.85,4222.0,123184.0,6.6071,0.9982,1843.0,158.0,795.0,-10.0,943.0,27737.0,1144.0,1405.0,3.0,170.0,103.0,7.41,2.08,12.7
2008/09/08,31.5,31.9,31.0,31.9,3374.0,106602.0,6.8677,0.7977,1237.0,418.0,-117.0,21.0,322.0,27511.0,1113.0,1332.0,18.0,188.0,36.0,7.92,2.22,11.88
2008/09/09,31.7,31.7,29.85,30.0,2862.0,87315.0,-5.9561,0.6767,1147.0,-367.0,-210.0,-2.0,-579.0,27838.0,1205.0,870.0,46.0,142.0,0.0,7.44,2.09,12.63
2008/09/10,28.45,29.9,28.45,29.3,2487.0,72454.0,-2.3333,0.588,1072.0,1.0,2.0,-1.0,2.0,27928.0,920.0,824.0,15.0,127.0,0.0,7.27,2.04,12.94
2008/09/11,29.8,29.8,28.5,28.5,1811.0,52535.0,-2.7304,0.4282,904.0,-205.0,0.0,-4.0,-209.0,27989.0,831.0,757.0,12.0,125.0,10.0,7.07,1.99,13.3
2008/09/12,29.0,29.2,27.2,28.6,2458.0,69348.0,0.3509,0.5811,1133.0,503.0,-540.0,-3.0,-40.0,27823.0,662.0,794.0,18.0,119.0,12.0,7.1,1.99,13.25
2008/09/15,28.0,28.0,26.6,26.6,2769.0,74822.0,-6.993,0.6547,1091.0,-79.0,-29.0,10.0,-98.0,26846.0,951.0,1682.0,5.0,114.0,0.0,6.6,1.85,14.25
2008/09/16,24.75,25.25,24.75,24.75,2849.0,70587.0,-6.9549,0.6736,915.0,-21.0,60.0,9.0,48.0,25889.0,1190.0,1927.0,0.0,114.0,0.0,6.14,1.73,15.31
2008/09/17,25.5,26.05,23.6,24.0,3676.0,92114.0,-3.0303,0.8691,1437.0,-127.0,5.0,-17.0,-139.0,25587.0,1542.0,1733.0,1.0,118.0,5.0,5.96,1.67,15.79
2008/09/18,22.35,22.8,22.35,22.6,4506.0,100905.0,-5.8333,1.0654,1327.0,2.0,0.0,-30.0,-28.0,24495.0,1820.0,2540.0,7.0,111.0,0.0,5.61,1.58,16.77
2008/09/19,23.6,24.15,23.5,24.15,4560.0,109184.0,6.8584,1.0781,1495.0,-1395.0,-300.0,-3.0,-1698.0,25523.0,1884.0,809.0,4.0,113.0,6.0,5.99,1.68,15.69
2008/09/22,24.9,24.9,24.1,24.6,5421.0,132628.0,1.8634,1.2817,1546.0,-407.0,0.0,2.0,-405.0,25309.0,1435.0,1637.0,6.0,173.0,66.0,6.1,1.72,15.41
2008/09/23,24.0,25.4,24.0,25.35,2701.0,67408.0,3.0488,0.6386,1075.0,121.0,4.0,-7.0,118.0,25189.0,1122.0,1234.0,37.0,145.0,9.0,6.29,1.77,14.95
2008/09/24,25.0,27.0,24.9,26.8,6694.0,168621.0,5.7199,1.5827,1737.0,293.0,-1.0,3.0,295.0,24843.0,1432.0,1767.0,14.0,147.0,16.0,6.65,1.87,14.14
2008/09/25,26.2,26.95,25.7,26.3,2672.0,70359.0,-1.8657,0.6317,1078.0,-248.0,-2.0,1.0,-249.0,24879.0,1134.0,1084.0,8.0,147.0,10.0,6.53,1.83,14.41
2008/09/26,26.4,26.5,24.5,24.5,4270.0,108041.0,-6.8441,1.0096,1420.0,-39.0,8.0,-14.0,-45.0,24804.0,1807.0,1844.0,11.0,136.0,0.0,6.08,1.71,15.47
2008/09/30,22.8,24.5,22.8,24.5,4559.0,105663.0,0.0,1.0779,1114.0,2625.0,0.0,-1.0,2624.0,22505.0,434.0,2629.0,18.0,97.0,6.0,6.08,1.71,15.47
2008/10/01,25.0,25.5,24.65,25.25,1993.0,50105.0,3.0612,0.4712,1112.0,43.0,-35.0,-11.0,-4.0,22779.0,831.0,531.0,3.0,83.0,0.0,6.27,1.76,15.01
2008/10/02,26.0,26.0,24.85,25.0,1471.0,37266.0,-0.9901,0.3478,834.0,105.0,-47.0,4.0,62.0,22698.0,484.0,456.0,0.0,83.0,0.0,6.2,1.74,15.16
2008/10/03,24.4,26.5,24.3,26.4,1918.0,48786.0,5.6,0.4535,981.0,31.0,200.0,3.0,234.0,22803.0,805.0,649.0,5.0,78.0,0.0,6.55,1.84,14.36
2008/10/06,26.0,26.25,25.35,25.35,2086.0,53807.0,-3.9773,0.4932,979.0,-167.0,-3.0,1.0,-169.0,22683.0,813.0,887.0,0.0,78.0,0.0,6.29,1.77,14.95
2008/10/07,24.6,25.8,24.5,25.65,2305.0,58495.0,1.1834,0.545,974.0,64.0,-82.0,-1.0,-19.0,23147.0,1114.0,624.0,0.0,78.0,0.0,6.36,1.79,14.78
2008/10/08,25.0,25.0,23.9,23.9,2609.0,63365.0,-6.8226,0.6168,1271.0,152.0,0.0,3.0,155.0,22877.0,766.0,1018.0,6.0,49.0,0.0,5.93,1.67,15.86
2008/10/09,24.0,24.45,22.35,23.0,2476.0,58267.0,-3.7657,0.5854,1125.0,-40.0,-1.0,-6.0,-47.0,22991.0,1091.0,903.0,6.0,38.0,0.0,5.71,1.6,16.48
2008/10/13,22.2,22.5,22.2,22.2,1586.0,35249.0,-3.4783,0.375,638.0,-1.0,-30.0,-1.0,-32.0,22424.0,509.0,752.0,0.0,38.0,0.0,5.51,1.55,17.07
2008/10/14,23.75,23.75,23.5,23.75,2671.0,63438.0,6.982,0.6315,641.0,195.0,0.0,0.0,195.0,22369.0,661.0,598.0,0.0,36.0,0.0,5.89,1.66,15.96
2008/10/15,23.8,23.8,23.05,23.4,1465.0,34293.0,-1.4737,0.3464,677.0,-141.0,1.0,7.0,-133.0,22391.0,420.0,390.0,0.0,36.0,0.0,5.81,1.63,16.2
2008/10/16,22.6,22.95,22.6,22.6,2703.0,61326.0,-3.4188,0.6391,973.0,-180.0,-293.0,-5.0,-478.0,22674.0,1162.0,866.0,0.0,36.0,0.0,5.61,1.58,16.77
2008/10/17,23.0,23.2,22.2,22.5,2294.0,51819.0,-0.4425,0.5424,896.0,119.0,-102.0,-1.0,16.0,23057.0,860.0,475.0,0.0,36.0,0.0,5.58,1.57,16.84
2008/10/20,22.8,23.7,22.0,23.7,1929.0,43713.0,5.3333,0.4561,923.0,101.0,0.0,-4.0,97.0,23208.0,890.0,661.0,0.0,36.0,0.0,5.88,1.65,15.99
2008/10/21,25.3,25.3,24.35,24.6,4264.0,106310.0,3.7975,1.0081,1674.0,-165.0,0.0,84.0,-81.0,22975.0,1443.0,1618.0,0.0,36.0,0.0,6.1,1.52,15.41
2008/10/22,24.3,25.4,24.15,24.75,3788.0,94323.0,0.6098,0.8956,1619.0,-89.0,-1.0,131.0,41.0,23701.0,1707.0,835.0,0.0,36.0,0.0,6.02,1.53,15.31
2008/10/23,23.9,24.3,23.9,24.3,3512.0,84174.0,-1.8182,0.8303,1221.0,-65.0,-1.0,11.0,-55.0,24209.0,1408.0,876.0,0.0,36.0,0.0,5.91,1.5,15.6
2008/10/24,23.7,23.95,23.45,23.45,1752.0,41212.0,-3.4979,0.4142,664.0,74.0,0.0,0.0,74.0,23799.0,526.0,892.0,0.0,36.0,0.0,5.71,1.45,16.16
2008/10/27,22.0,23.2,21.95,22.3,2913.0,65241.0,-4.9041,0.6887,1333.0,49.0,-8.0,24.0,65.0,23509.0,1023.0,1256.0,0.0,36.0,0.0,5.43,1.37,17.0
2008/10/28,21.6,23.3,20.75,23.2,5312.0,116061.0,4.0359,1.2559,2253.0,-438.0,-7.0,-207.0,-652.0,23619.0,1479.0,1282.0,0.0,36.0,0.0,5.64,1.43,16.34
2008/10/29,24.7,24.7,21.85,21.95,6107.0,141491.0,-5.3879,1.4439,2196.0,29.0,-2.0,12.0,39.0,23629.0,1835.0,1787.0,0.0,36.0,0.0,5.34,1.35,17.27
2008/10/30,22.5,23.45,22.15,23.45,3910.0,90291.0,6.8337,0.9244,1457.0,121.0,8.0,0.0,129.0,23838.0,1353.0,1111.0,0.0,36.0,0.0,5.71,1.45,16.16
2008/10/31,23.45,25.05,23.1,24.85,8319.0,202929.0,5.9701,1.9669,2866.0,-113.0,-41.0,-56.0,-210.0,25287.0,3770.0,2308.0,0.0,33.0,0.0,6.05,1.53,15.25
2008/11/03,24.85,26.0,24.05,26.0,6175.0,154699.0,4.6278,1.46,2220.0,-139.0,0.0,-9.0,-148.0,26257.0,3420.0,2442.0,0.0,33.0,0.0,6.33,1.6,14.58
2008/11/04,25.6,26.0,24.9,25.8,4620.0,117438.0,-0.7692,1.0923,1712.0,-46.0,2.0,10.0,-34.0,25761.0,1720.0,2188.0,0.0,32.0,0.0,6.28,1.59,14.69
2008/11/05,26.25,26.3,25.35,25.7,4968.0,128031.0,-0.3876,1.1746,1817.0,14.0,2.0,1.0,17.0,25504.0,1514.0,1765.0,0.0,32.0,0.0,6.25,1.58,14.75
2008/11/06,23.95,24.6,23.95,23.95,2575.0,62128.0,-6.8093,0.6088,837.0,-76.0,1.0,1.0,-74.0,23489.0,808.0,569.0,0.0,32.0,0.0,5.83,1.48,15.82
2008/11/07,22.3,24.95,22.3,24.95,3559.0,83095.0,4.1754,0.8415,1441.0,117.0,0.0,-5.0,112.0,23676.0,1217.0,1008.0,16.0,16.0,0.0,6.07,1.54,15.19
2008/11/10,24.3,24.7,23.9,23.9,3421.0,82504.0,-4.2084,0.8088,1483.0,-233.0,0.0,-2.0,-235.0,23782.0,978.0,802.0,0.0,16.0,0.0,5.82,1.47,15.86
2008/11/11,23.6,23.6,22.4,22.6,2818.0,64477.0,-5.4393,0.6663,1135.0,256.0,-471.0,-4.0,-219.0,23734.0,707.0,740.0,0.0,16.0,0.0,5.5,1.39,16.77
2008/11/12,22.3,23.05,22.3,22.85,1928.0,43950.0,1.1062,0.4558,815.0,-174.0,-175.0,-3.0,-352.0,23661.0,424.0,496.0,0.0,16.0,0.0,5.56,1.41,16.59
2008/11/13,22.0,22.25,21.5,21.5,2471.0,53619.0,-5.9081,0.5842,1122.0,222.0,0.0,-2.0,220.0,23406.0,536.0,708.0,0.0,16.0,0.0,5.23,1.33,17.63
2008/11/14,22.5,22.5,21.5,21.5,1432.0,31463.0,0.0,0.3386,735.0,-34.0,0.0,0.0,-34.0,23288.0,399.0,510.0,0.0,16.0,0.0,5.23,1.33,17.63
2008/11/17,20.2,21.0,20.0,20.75,3155.0,64718.0,-3.4884,0.7459,1172.0,79.0,-928.0,-11.0,-860.0,23036.0,584.0,835.0,0.0,16.0,0.0,5.05,1.28,18.27
2008/11/18,19.6,20.0,19.3,19.3,2559.0,49627.0,-6.988,0.605,1058.0,-30.0,0.0,-4.0,-34.0,22633.0,551.0,936.0,0.0,16.0,0.0,4.7,1.19,19.64
2008/11/19,18.1,19.9,18.1,19.2,1492.0,28423.0,-0.5181,0.3528,805.0,-44.0,0.0,11.0,-33.0,22395.0,461.0,492.0,0.0,16.0,0.0,4.67,1.18,19.74
2008/11/20,18.0,18.5,17.9,17.9,3061.0,55283.0,-6.7708,0.7237,1044.0,3.0,-113.0,0.0,-110.0,21400.0,596.0,1554.0,0.0,16.0,0.0,4.36,1.1,21.17
2008/11/21,16.7,18.85,16.65,18.8,3043.0,53248.0,5.0279,0.7195,1335.0,271.0,-517.0,-3.0,-249.0,21078.0,708.0,769.0,0.0,16.0,0.0,4.57,1.16,20.16
2008/11/24,18.7,18.7,17.8,18.0,1558.0,28445.0,-4.2553,0.3684,786.0,-23.0,2.0,0.0,-21.0,21151.0,455.0,350.0,0.0,16.0,0.0,4.38,1.11,21.06
2008/11/25,18.6,19.0,18.5,18.8,2166.0,40617.0,4.4444,0.5121,865.0,126.0,0.0,4.0,130.0,20845.0,605.0,911.0,0.0,16.0,0.0,4.57,1.16,20.16
2008/11/26,18.8,19.0,18.6,18.7,1206.0,22678.0,-0.5319,0.2851,550.0,-109.0,2.0,2.0,-105.0,20964.0,395.0,258.0,0.0,16.0,0.0,4.55,1.15,20.27
2008/11/27,19.2,19.85,19.05,19.8,3733.0,72862.0,5.8824,0.8826,1306.0,402.0,4.0,1.0,407.0,21685.0,1393.0,660.0,0.0,16.0,0.0,4.82,1.22,19.14
2008/11/28,19.8,20.1,19.45,19.45,2772.0,54611.0,-1.7677,0.6554,1020.0,-67.0,0.0,101.0,34.0,22066.0,1072.0,684.0,0.0,16.0,0.0,4.73,1.2,19.49
2008/12/01,19.4,20.25,19.2,19.9,3323.0,66019.0,2.3136,0.7857,1142.0,68.0,274.0,5.0,347.0,22263.0,1119.0,907.0,0.0,67.0,58.0,4.84,1.23,19.05
2008/12/02,18.6,20.2,18.6,20.15,4555.0,87994.0,1.2563,1.0769,1314.0,-129.0,425.0,-11.0,285.0,21060.0,498.0,1686.0,11.0,71.0,15.0,4.9,1.24,18.81
2008/12/03,20.5,20.5,19.55,20.35,4057.0,81603.0,0.9926,0.9592,1382.0,-628.0,543.0,-1.0,-86.0,21042.0,865.0,882.0,13.0,148.0,90.0,4.95,1.25,18.62
2008/12/04,20.2,20.5,19.6,19.8,2242.0,44912.0,-2.7027,0.5301,857.0,61.0,24.0,0.0,85.0,20974.0,654.0,700.0,18.0,131.0,1.0,4.82,1.22,19.14
2008/12/05,19.6,20.1,19.3,19.4,3261.0,64475.0,-2.0202,0.771,827.0,71.0,0.0,-2.0,69.0,21207.0,853.0,611.0,1.0,338.0,208.0,4.72,1.2,19.54
2008/12/08,19.75,20.75,19.6,20.75,3863.0,78566.0,6.9588,0.9133,1589.0,391.0,4.0,16.0,411.0,21476.0,900.0,624.0,75.0,319.0,57.0,5.05,1.28,18.27
2008/12/09,20.75,20.8,20.05,20.1,4268.0,87465.0,-3.1325,1.0091,1504.0,-24.0,-253.0,-2.0,-279.0,21969.0,1952.0,1453.0,76.0,243.0,0.0,4.89,1.24,18.86
2008/12/10,20.0,20.9,20.0,20.9,5555.0,114324.0,3.9801,1.3134,1806.0,400.0,-88.0,-4.0,308.0,22544.0,1715.0,1138.0,22.0,246.0,25.0,5.09,1.29,18.13
2008/12/11,20.9,21.35,20.7,20.8,4167.0,87819.0,-0.4785,0.9852,1639.0,462.0,8.0,4.0,474.0,22698.0,1459.0,1293.0,47.0,208.0,9.0,5.06,1.28,18.22
2008/12/12,20.7,21.65,19.9,20.3,6384.0,133162.0,-2.4038,1.5094,2280.0,-92.0,-132.0,-16.0,-240.0,22803.0,1983.0,1842.0,45.0,226.0,63.0,4.94,1.25,18.67
2008/12/15,20.8,21.3,20.8,21.0,3530.0,74323.0,3.4483,0.8346,1182.0,350.0,0.0,41.0,391.0,22553.0,1031.0,1280.0,0.0,237.0,11.0,5.11,1.29,18.05
2008/12/16,20.7,21.0,20.55,20.7,1496.0,31045.0,-1.4286,0.3537,613.0,104.0,0.0,-19.0,85.0,22672.0,576.0,457.0,4.0,233.0,0.0,5.04,1.28,18.31
2008/12/17,21.2,21.4,20.9,21.1,9624.0,203630.0,1.9324,2.2754,2527.0,339.0,-743.0,24.0,-380.0,23195.0,2336.0,1807.0,45.0,290.0,102.0,5.13,1.3,17.96
2008/12/18,21.0,21.2,20.45,20.8,2220.0,46079.0,-1.4218,0.5249,966.0,-198.0,0.0,-33.0,-231.0,23161.0,752.0,769.0,73.0,217.0,0.0,5.06,1.28,18.22
2008/12/19,20.8,21.35,20.8,21.0,4759.0,100287.0,0.9615,1.1252,1971.0,-11.0,0.0,-97.0,-108.0,23576.0,1321.0,883.0,43.0,203.0,29.0,5.11,1.29,18.05
2008/12/22,21.0,21.25,19.9,19.9,3102.0,63557.0,-5.2381,0.7334,1281.0,-511.0,-2.0,9.0,-504.0,23696.0,979.0,854.0,44.0,159.0,0.0,4.84,1.23,19.05
2008/12/23,19.8,19.9,18.65,19.0,2840.0,53961.0,-4.5226,0.6715,1155.0,-313.0,1.0,-3.0,-315.0,23123.0,654.0,1143.0,37.0,122.0,3.0,4.62,1.17,19.95
2008/12/24,19.0,19.7,18.95,19.3,2823.0,54839.0,1.5789,0.6674,1103.0,-239.0,300.0,-6.0,55.0,23013.0,557.0,649.0,8.0,186.0,73.0,4.7,1.19,19.64
2008/12/25,19.5,19.5,19.15,19.3,922.0,17792.0,0.0,0.218,432.0,-183.0,0.0,0.0,-183.0,22975.0,193.0,231.0,60.0,136.0,10.0,4.7,1.19,19.64
2008/12/26,19.2,19.8,19.1,19.7,1505.0,29380.0,2.0725,0.3558,645.0,111.0,0.0,2.0,113.0,22747.0,315.0,440.0,9.0,129.0,2.0,4.79,1.21,19.24
2008/12/29,20.0,20.5,19.8,19.85,3496.0,70455.0,0.7614,0.8266,1310.0,-54.0,0.0,-6.0,-60.0,23274.0,1076.0,544.0,6.0,196.0,73.0,4.83,1.22,19.09
2008/12/30,20.0,20.75,20.0,20.5,2829.0,57805.0,3.2746,0.6689,1245.0,297.0,0.0,50.0,347.0,23130.0,833.0,984.0,11.0,190.0,5.0,4.99,1.26,18.49
2008/12/31,20.85,21.35,20.6,20.6,4066.0,84987.0,0.4878,0.9613,1548.0,7.0,0.0,5.0,12.0,23664.0,1569.0,1027.0,6.0,185.0,1.0,5.01,1.27,18.4
2009/01/05,21.2,21.5,21.0,21.35,4617.0,98498.0,3.6408,1.0916,1566.0,608.0,0.0,-12.0,596.0,23760.0,1573.0,1475.0,4.0,238.0,57.0,5.19,1.32,17.75
2009/01/06,21.5,22.5,21.1,22.5,9670.0,212654.0,5.3864,2.2863,3448.0,699.0,26.0,-1.0,724.0,23350.0,2258.0,2651.0,1.0,456.0,219.0,5.47,1.39,16.84
2009/01/07,23.1,23.65,22.6,22.85,9640.0,222615.0,1.5556,2.2792,3076.0,291.0,0.0,2.0,293.0,23869.0,3537.0,3008.0,77.0,523.0,144.0,5.56,1.41,16.59
2009/01/08,22.1,22.75,21.6,21.6,5749.0,128321.0,-5.4705,1.3592,1762.0,368.0,0.0,58.0,426.0,23966.0,1904.0,1797.0,237.0,285.0,0.0,5.26,1.33,17.55
2009/01/09,21.9,22.1,21.6,21.8,2989.0,65305.0,0.9259,0.7067,1122.0,146.0,1.0,13.0,160.0,23831.0,586.0,716.0,13.0,299.0,28.0,5.3,1.34,17.39
2009/01/10,21.5,21.85,21.3,21.65,1436.0,31023.0,-0.6881,0.3395,619.0,-233.0,-4.0,0.0,-237.0,23885.0,581.0,521.0,21.0,278.0,0.0,5.27,1.33,17.51
2009/01/12,22.0,22.0,21.1,21.25,1593.0,34141.0,-1.8476,0.3766,639.0,-147.0,1.0,4.0,-142.0,23960.0,485.0,407.0,21.0,261.0,5.0,5.17,1.31,17.84
2009/01/13,20.9,21.85,20.9,21.8,1348.0,28881.0,2.5882,0.3187,579.0,267.0,1.0,3.0,271.0,24022.0,357.0,286.0,56.0,227.0,22.0,5.3,1.34,17.39
2009/01/14,22.3,22.75,22.1,22.1,4253.0,95550.0,1.3761,1.0055,1641.0,-124.0,0.0,-99.0,-223.0,24391.0,1451.0,1061.0,15.0,261.0,49.0,5.38,1.36,17.15
2009/01/15,21.4,21.5,21.1,21.25,1892.0,40265.0,-3.8462,0.4473,720.0,-499.0,0.0,7.0,-492.0,24366.0,442.0,465.0,23.0,238.0,0.0,5.17,1.31,17.84
2009/01/16,21.35,21.6,21.15,21.5,2589.0,55304.0,1.1765,0.6121,919.0,-98.0,-49.0,-19.0,-166.0,24256.0,667.0,764.0,68.0,196.0,26.0,5.23,1.33,17.63
2009/01/17,21.7,21.7,21.35,21.5,1257.0,27030.0,0.0,0.2972,449.0,-5.0,-169.0,-6.0,-180.0,24151.0,515.0,373.0,54.0,243.0,101.0,5.23,1.33,17.63
2009/01/19,21.6,21.8,21.4,21.7,1783.0,38549.0,0.9302,0.4216,604.0,25.0,-170.0,-3.0,-148.0,24396.0,961.0,456.0,4.0,246.0,7.0,5.28,1.34,17.47
2009/01/20,21.6,22.25,21.5,21.7,4125.0,90270.0,0.0,0.9753,1340.0,-31.0,0.0,-4.0,-35.0,24474.0,1582.0,1480.0,9.0,273.0,36.0,5.28,1.34,17.47
2009/01/21,21.0,21.7,21.0,21.2,1890.0,40487.0,-2.3041,0.4469,706.0,1.0,-1.0,0.0,0.0,23661.0,229.0,619.0,43.0,230.0,0.0,5.16,1.31,17.88
2009/02/02,21.0,21.4,21.0,21.05,1138.0,24136.0,-0.7075,0.2691,501.0,-161.0,0.0,0.0,-161.0,23583.0,214.0,287.0,12.0,261.0,43.0,5.12,1.3,18.0
2009/02/03,21.2,22.2,21.2,22.0,2905.0,63516.0,4.5131,0.6868,1005.0,510.0,0.0,6.0,516.0,23982.0,1107.0,707.0,14.0,303.0,56.0,5.35,1.36,17.23
2009/02/04,22.3,22.4,21.7,22.2,4904.0,108601.0,0.9091,1.1595,1441.0,-20.0,0.0,49.0,29.0,23866.0,1027.0,1142.0,12.0,329.0,38.0,5.4,1.37,17.07
2009/02/05,22.0,22.2,21.6,21.6,3002.0,65547.0,-2.7027,0.7098,1030.0,-14.0,-976.0,-3.0,-993.0,23938.0,936.0,863.0,28.0,301.0,0.0,5.26,1.33,17.55
2009/02/06,21.95,22.3,21.6,21.75,3530.0,77532.0,0.6944,0.8346,1239.0,149.0,-542.0,20.0,-373.0,23822.0,1180.0,1276.0,102.0,229.0,30.0,5.29,1.34,17.43
2009/02/09,21.8,22.05,21.4,21.45,2831.0,61451.0,-1.3793,0.6693,1036.0,-10.0,-55.0,-46.0,-111.0,23594.0,752.0,966.0,11.0,222.0,4.0,5.22,1.32,17.67
2009/02/10,21.45,21.9,21.3,21.85,1884.0,40827.0,1.8648,0.4454,748.0,20.0,0.0,-8.0,12.0,23697.0,844.0,730.0,14.0,236.0,28.0,5.32,1.35,17.35
2009/02/11,21.4,21.8,21.4,21.75,1730.0,37281.0,-0.4577,0.409,601.0,57.0,-1.0,-10.0,46.0,23607.0,622.0,710.0,9.0,227.0,0.0,5.29,1.34,17.43
2009/02/12,21.85,22.6,21.7,21.75,5477.0,121099.0,0.0,1.2949,1823.0,-224.0,-2.0,78.0,-148.0,24306.0,2242.0,1540.0,1.0,290.0,64.0,5.29,1.34,17.43
2009/02/13,22.0,22.4,21.95,22.2,3586.0,79557.0,2.069,0.8478,1291.0,433.0,0.0,37.0,470.0,23963.0,1098.0,1437.0,43.0,285.0,38.0,5.4,1.37,17.07
2009/02/16,22.4,23.1,22.2,22.85,7494.0,170463.0,2.9279,1.7718,2326.0,-657.0,500.0,80.0,-77.0,25017.0,3210.0,2055.0,21.0,302.0,38.0,5.56,1.41,16.59
2009/02/17,22.85,22.85,22.0,22.25,3180.0,71057.0,-2.6258,0.7518,1149.0,-198.0,1001.0,-79.0,724.0,24483.0,846.0,1365.0,16.0,285.0,0.0,5.41,1.37,17.03
2009/02/18,21.95,22.1,21.7,21.9,2227.0,48736.0,-1.573,0.5265,814.0,-205.0,0.0,-18.0,-223.0,24224.0,577.0,826.0,42.0,243.0,0.0,5.33,1.35,17.31
2009/02/19,21.9,22.8,21.7,22.7,4373.0,98055.0,3.653,1.0339,1606.0,64.0,500.0,-3.0,561.0,25570.0,2652.0,1256.0,20.0,260.0,37.0,5.52,1.4,16.7
2009/02/20,22.5,24.2,22.4,23.55,15113.0,356913.0,3.7445,3.5732,4207.0,75.0,1403.0,-42.0,1436.0,26309.0,5560.0,4821.0,26.0,437.0,203.0,5.73,1.45,16.09
2009/02/23,23.8,25.15,23.4,25.15,19389.0,477770.0,6.7941,4.5841,4696.0,-161.0,2018.0,15.0,1872.0,26938.0,5422.0,4784.0,9.0,1276.0,848.0,6.12,1.55,15.07
2009/02/24,25.1,25.45,24.45,25.2,16711.0,419348.0,0.1988,3.951,5010.0,170.0,262.0,208.0,640.0,24470.0,3713.0,6176.0,306.0,1216.0,246.0,6.13,1.55,15.04
2009/02/25,25.7,25.8,24.7,24.7,8859.0,221752.0,-1.9841,2.0945,2850.0,-608.0,-901.0,6.0,-1503.0,25776.0,4043.0,2727.0,283.0,934.0,1.0,6.01,1.52,15.34
2009/02/26,24.7,25.75,24.7,25.1,11617.0,293216.0,1.6194,2.7466,3671.0,-490.0,1269.0,-30.0,749.0,26659.0,4831.0,3948.0,29.0,1021.0,122.0,6.11,1.55,15.1
2009/02/27,25.1,25.85,24.9,25.8,8838.0,224823.0,2.7888,2.0896,2547.0,226.0,600.0,184.0,1010.0,25200.0,2258.0,3713.0,67.0,1052.0,98.0,6.28,1.59,14.69
2009/03/02,25.6,25.65,24.6,24.7,4944.0,123876.0,-4.2636,1.1689,1714.0,-406.0,27.0,-104.0,-483.0,24604.0,1382.0,1978.0,147.0,898.0,0.0,6.01,1.52,15.34
2009/03/03,24.0,25.1,23.3,24.9,5473.0,133001.0,0.8097,1.294,1871.0,134.0,200.0,-144.0,190.0,23836.0,1356.0,2110.0,325.0,604.0,38.0,6.06,1.54,15.22
2009/03/04,25.4,25.75,25.1,25.45,8095.0,206284.0,2.2088,1.9139,2532.0,-54.0,400.0,14.0,360.0,23700.0,3412.0,3538.0,35.0,733.0,164.0,6.19,1.57,14.89
2009/03/05,25.9,26.1,25.15,25.7,8828.0,226898.0,0.9823,2.0872,3024.0,33.0,-597.0,-20.0,-584.0,24563.0,3519.0,2655.0,21.0,768.0,56.0,6.25,1.58,14.75
2009/03/06,25.5,26.0,25.25,25.65,4623.0,118611.0,-0.1946,1.093,1696.0,27.0,0.0,220.0,247.0,24546.0,1825.0,1842.0,67.0,741.0,40.0,6.24,1.58,14.78
2009/03/09,25.7,25.7,24.6,25.05,4864.0,121733.0,-2.3392,1.15,1753.0,-227.0,500.0,-7.0,266.0,24266.0,1699.0,1975.0,126.0,614.0,0.0,6.09,1.54,15.13
2009/03/10,24.9,25.45,24.7,25.1,3621.0,91392.0,0.1996,0.8561,1467.0,107.0,786.0,-34.0,859.0,24212.0,893.0,933.0,47.0,576.0,9.0,6.11,1.55,15.1
2009/03/11,25.7,25.75,25.0,25.05,4200.0,106614.0,-0.1992,0.993,1576.0,321.0,300.0,-25.0,596.0,24132.0,1451.0,1531.0,34.0,557.0,15.0,6.09,1.54,15.13
2009/03/12,25.05,26.8,25.05,26.7,13815.0,363876.0,6.5868,3.2663,4248.0,180.0,183.0,522.0,885.0,25799.0,5820.0,4150.0,44.0,641.0,128.0,6.5,1.65,14.19
2009/03/13,26.8,27.3,26.45,26.6,13377.0,360961.0,-0.3745,3.1627,3783.0,64.0,243.0,-90.0,217.0,25114.0,5204.0,5889.0,87.0,593.0,40.0,6.47,1.64,14.25
2009/03/16,26.6,26.8,26.25,26.25,5407.0,142795.0,-1.3158,1.2784,1857.0,-41.0,-12.0,-8.0,-61.0,24348.0,1787.0,2548.0,59.0,534.0,0.0,6.39,1.62,14.44
2009/03/17,26.1,26.8,26.05,26.5,4130.0,109226.0,0.9524,0.9765,1472.0,255.0,38.0,-21.0,272.0,24827.0,1560.0,1081.0,32.0,588.0,86.0,6.45,1.63,14.3
2009/03/18,26.7,26.8,26.1,26.1,4699.0,124394.0,-1.5094,1.111,1717.0,424.0,378.0,13.0,815.0,24186.0,1373.0,2009.0,27.0,586.0,26.0,6.35,1.61,14.52
2009/03/19,26.6,26.6,26.1,26.1,4367.0,114800.0,0.0,1.0325,1261.0,-8.0,0.0,24.0,16.0,23682.0,1522.0,2022.0,93.0,547.0,54.0,6.35,1.61,14.52
2009/03/20,26.2,26.35,25.7,25.9,2240.0,58129.0,-0.7663,0.5296,865.0,46.0,-1.0,24.0,69.0,23763.0,958.0,868.0,41.0,505.0,0.0,6.3,1.6,14.63
2009/03/23,26.0,26.55,25.95,26.5,3678.0,96847.0,2.3166,0.8696,1151.0,103.0,18.0,5.0,126.0,23534.0,1398.0,1623.0,20.0,539.0,54.0,6.45,1.63,14.3
2009/03/24,26.9,27.7,26.9,27.15,10848.0,296735.0,2.4528,2.5648,2908.0,179.0,398.0,119.0,696.0,23752.0,4616.0,4388.0,34.0,586.0,81.0,6.61,1.67,13.96
2009/03/25,27.15,28.1,26.7,28.1,9533.0,263350.0,3.4991,2.2539,2841.0,18.0,1400.0,-366.0,1052.0,22086.0,1957.0,3611.0,52.0,618.0,87.0,6.84,1.73,13.49
2009/03/26,28.2,28.4,27.3,27.6,8212.0,228759.0,-1.7794,1.9416,2249.0,150.0,1450.0,-140.0,1460.0,20381.0,2654.0,4359.0,99.0,516.0,0.0,6.72,1.7,13.73
2009/03/27,27.9,28.3,27.5,27.65,7972.0,222966.0,0.1812,1.8848,2313.0,-24.0,738.0,-71.0,643.0,20380.0,2887.0,2883.0,65.0,459.0,8.0,6.73,1.7,13.71
2009/03/30,27.65,27.65,26.5,26.5,3779.0,102313.0,-4.1591,0.8935,1076.0,-164.0,49.0,14.0,-101.0,19472.0,827.0,1735.0,23.0,436.0,0.0,6.45,1.63,14.3
2009/03/31,27.0,27.15,26.55,26.65,2856.0,76815.0,0.566,0.6752,864.0,194.0,49.0,24.0,267.0,19592.0,1207.0,1087.0,105.0,334.0,3.0,6.48,1.64,14.22
2009/04/01,26.9,27.7,26.85,27.25,5242.0,142813.0,2.2514,1.2394,1706.0,328.0,122.0,83.0,533.0,18841.0,1399.0,2107.0,4.0,346.0,18.0,6.63,1.68,13.91
2009/04/02,27.8,27.8,27.2,27.3,3479.0,95351.0,0.1835,0.8225,1217.0,128.0,243.0,-46.0,325.0,18923.0,1164.0,1081.0,20.0,328.0,2.0,6.64,1.68,13.88
2009/04/03,27.5,27.8,27.35,27.35,3865.0,106476.0,0.1832,0.9138,1215.0,91.0,444.0,120.0,655.0,18782.0,1407.0,1525.0,16.0,368.0,56.0,6.65,1.69,13.86
2009/04/06,27.4,28.1,27.4,27.55,4682.0,130117.0,0.7313,1.107,1612.0,-796.0,72.0,-122.0,-846.0,19425.0,1805.0,1157.0,37.0,349.0,18.0,6.7,1.7,13.76
2009/04/07,27.4,28.05,27.4,27.85,3806.0,106039.0,1.0889,0.8999,1508.0,296.0,151.0,69.0,516.0,19541.0,1563.0,1446.0,68.0,300.0,19.0,6.78,1.72,13.61
2009/04/08,27.5,28.05,27.05,27.2,3597.0,99070.0,-2.3339,0.8504,1368.0,-47.0,99.0,118.0,170.0,19067.0,981.0,1435.0,30.0,284.0,15.0,6.62,1.68,13.93
2009/04/09,27.65,29.1,27.6,29.1,10664.0,303705.0,6.9853,2.5213,3044.0,675.0,-760.0,166.0,81.0,22146.0,6570.0,3489.0,41.0,237.0,0.0,7.08,1.79,13.02
2009/04/10,29.8,31.1,28.8,31.0,13637.0,407204.0,6.5292,3.2242,4147.0,2224.0,189.0,-236.0,2177.0,19328.0,3818.0,6631.0,237.0,0.0,0.0,7.54,1.91,12.23
2009/04/13,30.8,30.8,30.0,30.35,3982.0,121035.0,-2.0968,0.9415,1589.0,-86.0,134.0,-60.0,-12.0,17492.0,0.0,1628.0,0.0,0.0,0.0,7.38,1.87,12.49
2009/04/14,30.9,31.8,30.4,31.0,6098.0,189947.0,2.1417,1.4418,2056.0,-144.0,1084.0,-108.0,832.0,16346.0,0.0,1141.0,0.0,0.0,0.0,7.54,1.91,12.23
2009/04/15,30.7,31.45,30.35,30.85,3729.0,114812.0,-0.4839,0.8816,1332.0,-225.0,400.0,-39.0,136.0,15332.0,0.0,1014.0,0.0,0.0,0.0,7.51,1.9,12.29
2009/04/16,31.5,31.8,30.75,31.2,6187.0,193223.0,1.1345,1.4628,1961.0,277.0,-2.0,-32.0,243.0,16437.0,2680.0,1565.0,0.0,18.0,18.0,7.59,1.92,12.15
2009/04/17,31.8,32.15,29.05,29.8,8576.0,264543.0,-4.4872,2.0276,2334.0,1519.0,21.0,-1.0,1539.0,16478.0,3268.0,3222.0,14.0,5.0,1.0,7.25,1.84,12.72
2009/04/20,29.8,30.3,29.0,29.8,2275.0,67211.0,0.0,0.5379,1027.0,22.0,0.0,22.0,44.0,16352.0,670.0,711.0,0.0,7.0,2.0,7.25,1.84,12.72
2009/04/21,29.0,31.0,29.0,31.0,2856.0,86167.0,4.0268,0.6752,1135.0,-83.0,1.0,-1.0,-83.0,16561.0,927.0,708.0,0.0,15.0,8.0,7.54,1.91,12.23
2009/04/22,31.0,31.3,30.5,31.1,2949.0,91131.0,0.3226,0.6972,1074.0,-335.0,228.0,-68.0,-175.0,16813.0,1018.0,765.0,2.0,15.0,2.0,7.57,1.92,12.19
2009/04/23,31.1,33.25,30.5,33.1,10206.0,331317.0,6.4309,2.413,3198.0,415.0,934.0,292.0,1641.0,16571.0,2435.0,2677.0,0.0,133.0,118.0,8.05,2.04,11.45
2009/04/24,33.0,33.4,32.55,33.1,5035.0,166059.0,0.0,1.1904,1789.0,-449.0,0.0,-35.0,-484.0,16533.0,1670.0,1706.0,51.0,141.0,59.0,8.05,2.04,11.45
2009/04/27,33.1,33.1,31.1,31.35,4994.0,160108.0,-5.287,1.1807,1569.0,-6.0,0.0,-35.0,-41.0,15895.0,974.0,1612.0,97.0,44.0,0.0,7.63,1.93,12.09
2009/04/28,31.2,31.8,30.0,31.2,4861.0,150197.0,-0.4785,1.1493,1507.0,0.0,1.0,-47.0,-46.0,16265.0,1934.0,1560.0,34.0,37.0,28.0,7.59,1.92,12.15
2009/04/29,30.4,31.7,30.4,31.0,5177.0,160882.0,-0.641,1.224,1967.0,106.0,1553.0,210.0,1869.0,14970.0,1097.0,2387.0,28.0,22.0,13.0,7.54,1.75,5.81
2009/04/30,33.0,33.15,31.6,33.15,9758.0,321692.0,6.9355,2.3071,2002.0,-336.0,2472.0,247.0,2383.0,13131.0,1428.0,3263.0,0.0,67.0,45.0,10.73,1.87,5.43
2009/05/04,34.8,35.45,34.1,34.8,7116.0,248668.0,4.9774,1.6824,2298.0,7.0,92.0,74.0,173.0,13658.0,1920.0,1361.0,9.0,159.0,103.0,11.26,1.96,5.17
2009/05/05,35.0,35.0,33.5,33.9,5795.0,197979.0,-2.5862,1.3701,1845.0,372.0,-82.0,-605.0,-315.0,13284.0,1047.0,1419.0,91.0,68.0,0.0,10.97,1.91,5.31
2009/05/06,33.6,36.25,33.6,36.0,7591.0,268839.0,6.1947,1.7947,2176.0,-269.0,-13.0,112.0,-170.0,13465.0,1415.0,1231.0,0.0,127.0,59.0,11.65,2.03,5.0
2009/05/07,36.0,36.5,35.0,35.5,5073.0,181307.0,-1.3889,1.1994,1806.0,-453.0,-37.0,-119.0,-609.0,13712.0,1116.0,834.0,26.0,101.0,0.0,11.49,2.0,5.07
2009/05/08,35.0,36.2,34.8,35.8,4625.0,164502.0,0.8451,1.0935,1475.0,481.0,403.0,39.0,923.0,13561.0,784.0,927.0,4.0,112.0,15.0,11.59,2.02,5.03
2009/05/11,36.3,38.3,36.0,37.25,5698.0,212011.0,4.0503,1.3472,1869.0,428.0,1866.0,117.0,2411.0,12367.0,686.0,1829.0,12.0,123.0,23.0,12.06,2.1,4.83
2009/05/12,37.0,37.2,35.6,36.5,5130.0,187445.0,-2.0134,1.2129,1620.0,-6.0,182.0,27.0,203.0,12493.0,1065.0,933.0,25.0,98.0,0.0,11.81,2.06,4.93
2009/05/13,36.5,37.25,36.25,36.25,3370.0,123792.0,-0.6849,0.7968,1111.0,-74.0,-8.0,-89.0,-171.0,12308.0,740.0,906.0,4.0,112.0,18.0,11.73,2.04,4.97
2009/05/14,35.8,36.45,35.35,35.6,1773.0,63792.0,-1.7931,0.4192,748.0,-66.0,-75.0,100.0,-41.0,12444.0,422.0,286.0,17.0,96.0,1.0,11.52,2.01,5.06
2009/05/15,35.8,36.65,35.6,35.95,2170.0,78326.0,0.9831,0.5131,905.0,-104.0,-15.0,65.0,-54.0,12554.0,543.0,433.0,3.0,96.0,3.0,11.63,2.03,5.01
2009/05/18,36.5,36.5,35.5,35.8,1949.0,69863.0,-0.4172,0.4608,829.0,-69.0,45.0,-84.0,-108.0,12481.0,507.0,567.0,3.0,96.0,3.0,11.59,2.02,5.03
2009/05/19,36.5,37.3,36.15,36.4,6109.0,223593.0,1.676,1.4444,1875.0,163.0,-184.0,33.0,12.0,13509.0,2124.0,1096.0,0.0,102.0,6.0,11.78,2.05,4.95
2009/05/20,36.75,37.0,35.8,35.85,2984.0,108132.0,-1.511,0.7055,1068.0,29.0,0.0,-105.0,-76.0,13589.0,860.0,780.0,6.0,97.0,1.0,11.6,2.02,5.02
2009/05/21,35.85,36.2,34.9,35.5,3301.0,117429.0,-0.9763,0.7805,1357.0,35.0,-698.0,6.0,-657.0,13877.0,615.0,326.0,2.0,95.0,0.0,11.49,2.0,5.07
2009/05/22,35.05,36.15,35.0,35.8,2500.0,89035.0,0.8451,0.5911,910.0,158.0,-101.0,2.0,59.0,14388.0,1009.0,478.0,1.0,95.0,1.0,11.59,2.02,5.03
2009/05/25,36.0,36.8,35.5,36.5,4059.0,146534.0,1.9553,0.9597,1300.0,737.0,-301.0,-33.0,403.0,14866.0,1248.0,756.0,1.0,151.0,57.0,11.81,2.06,4.93
2009/05/26,36.6,36.8,35.0,35.1,3014.0,108047.0,-3.8356,0.7126,1179.0,4.0,-3.0,55.0,56.0,14824.0,905.0,942.0,53.0,98.0,0.0,11.36,1.98,5.13
2009/05/27,35.5,36.2,35.3,35.7,2433.0,86868.0,1.7094,0.5752,1026.0,-160.0,-2.0,0.0,-162.0,15159.0,746.0,404.0,7.0,92.0,2.0,11.55,2.01,5.04
2009/06/01,36.65,36.9,36.1,36.45,4264.0,156035.0,2.1008,1.0081,1722.0,89.0,-2.0,24.0,111.0,15778.0,1849.0,1218.0,0.0,95.0,3.0,11.8,2.05,4.94
2009/06/02,36.7,37.35,36.0,36.25,4735.0,174696.0,-0.5487,1.1195,1841.0,-725.0,-10.0,23.0,-712.0,16579.0,2185.0,1380.0,1.0,98.0,4.0,11.73,2.04,4.97
2009/06/03,36.25,36.5,35.3,35.5,3431.0,122795.0,-2.069,0.8112,1191.0,-185.0,-135.0,134.0,-186.0,16516.0,1207.0,1268.0,7.0,92.0,1.0,11.49,2.0,5.07
2009/06/04,35.2,36.2,33.2,34.5,6711.0,229471.0,-2.8169,1.5867,2060.0,792.0,-598.0,-126.0,68.0,17844.0,2134.0,801.0,53.0,44.0,5.0,11.17,1.94,5.22
2009/06/05,34.3,34.75,34.0,34.6,6663.0,229005.0,0.2899,1.5753,1310.0,2151.0,-500.0,54.0,1705.0,18697.0,1299.0,444.0,4.0,46.0,6.0,11.2,1.95,5.2
2009/06/06,34.6,35.45,34.3,35.35,3646.0,127065.0,2.1676,0.862,1144.0,545.0,-840.0,86.0,-209.0,19307.0,1230.0,612.0,11.0,71.0,36.0,11.44,1.99,5.09
2009/06/08,35.35,35.9,34.0,35.2,5944.0,206963.0,-0.4243,1.4053,1626.0,1778.0,-432.0,-19.0,1327.0,19555.0,1376.0,1127.0,2.0,79.0,12.0,11.39,1.98,5.11
2009/06/09,35.1,35.1,33.65,34.2,4540.0,154925.0,-2.8409,1.0734,1111.0,1050.0,-674.0,-29.0,347.0,19438.0,997.0,1101.0,31.0,48.0,0.0,11.07,1.93,5.26
2009/06/10,34.7,36.55,34.0,36.55,11743.0,424440.0,6.8713,2.7764,2942.0,3352.0,-572.0,3085.0,5865.0,19242.0,1522.0,1713.0,2.0,270.0,225.0,11.83,2.06,4.92
2009/06/11,36.55,38.35,36.15,38.2,12725.0,479405.0,4.5144,3.0086,4126.0,4936.0,418.0,1055.0,6409.0,18619.0,1806.0,2424.0,32.0,552.0,314.0,12.36,2.15,4.71
2009/06/12,38.5,39.5,37.7,38.2,10171.0,391890.0,0.0,2.4047,2910.0,1814.0,0.0,205.0,2019.0,19748.0,3076.0,1942.0,84.0,571.0,103.0,12.36,2.15,4.71
2009/06/15,38.1,38.2,36.6,38.2,7351.0,277292.0,0.0,1.738,2026.0,3160.0,0.0,120.0,3280.0,19343.0,1132.0,1535.0,140.0,489.0,58.0,12.36,2.15,4.71
2009/06/16,38.2,40.85,38.0,39.5,19756.0,786261.0,3.4031,4.6709,5381.0,6364.0,1514.0,298.0,8176.0,19732.0,2760.0,2365.0,93.0,1576.0,1186.0,12.78,2.23,4.56
2009/06/17,40.0,41.4,39.1,39.15,9571.0,385671.0,-0.8861,2.2629,3679.0,-1070.0,985.0,-25.0,-110.0,20581.0,2927.0,2078.0,375.0,1566.0,368.0,12.67,2.21,4.6
2009/06/18,38.6,38.75,36.45,37.95,11269.0,421502.0,-3.0651,2.6643,3161.0,37.0,-632.0,-465.0,-1060.0,22161.0,3346.0,1766.0,1081.0,480.0,0.0,12.28,2.14,4.74
2009/06/19,36.9,37.55,36.9,37.15,4188.0,155753.0,-2.108,0.9902,1381.0,593.0,-30.0,149.0,712.0,22634.0,947.0,469.0,93.0,386.0,0.0,12.02,2.09,4.85
2009/06/22,37.4,38.35,37.4,37.65,4537.0,172329.0,1.3459,1.0727,1608.0,-430.0,-49.0,83.0,-396.0,23434.0,1887.0,1087.0,23.0,609.0,247.0,12.18,2.12,4.78
2009/06/23,37.0,37.6,36.1,37.05,1867.0,69057.0,-1.5936,0.4414,826.0,43.0,-3.0,-58.0,-18.0,23373.0,720.0,780.0,114.0,495.0,0.0,11.99,2.09,4.86
2009/06/24,37.6,37.9,36.8,37.9,2486.0,93000.0,2.2942,0.5878,995.0,-54.0,-1.0,-29.0,-84.0,23070.0,750.0,1053.0,161.0,365.0,31.0,12.27,2.14,4.75
2009/06/25,38.2,39.5,38.05,38.7,5741.0,223374.0,2.1108,1.3573,2222.0,518.0,16.0,108.0,642.0,23565.0,1899.0,1404.0,44.0,378.0,57.0,12.52,2.18,4.65
2009/06/26,39.5,39.9,38.7,39.25,6377.0,251190.0,1.4212,1.5077,2340.0,239.0,-260.0,281.0,260.0,23358.0,1654.0,1861.0,16.0,420.0,58.0,12.7,2.21,4.59
2009/06/29,39.3,40.55,39.15,40.1,6684.0,267550.0,2.1656,1.5803,2554.0,610.0,703.0,142.0,1455.0,23126.0,2061.0,2293.0,5.0,609.0,195.0,12.98,2.26,4.49
2009/06/30,40.5,40.6,39.8,40.2,5071.0,203815.0,0.2494,1.1989,1652.0,715.0,496.0,-52.0,1159.0,23495.0,1943.0,1574.0,42.0,676.0,109.0,13.01,2.26,4.48
2009/07/01,40.1,40.75,39.8,40.65,4583.0,185412.0,1.1194,1.0836,1757.0,1321.0,226.0,47.0,1594.0,22477.0,1167.0,2185.0,139.0,608.0,72.0,13.16,2.29,4.43
2009/07/02,40.7,42.5,40.7,41.4,6510.0,271673.0,1.845,1.5392,2235.0,763.0,423.0,553.0,1739.0,22276.0,1341.0,1537.0,69.0,605.0,67.0,13.4,2.33,4.35
2009/07/03,42.0,42.25,41.3,42.25,5179.0,217706.0,2.0531,1.2245,1601.0,1608.0,1333.0,20.0,2961.0,21645.0,741.0,1372.0,96.0,675.0,166.0,13.67,2.38,4.26
2009/07/06,42.35,42.9,42.05,42.9,3351.0,142001.0,1.5385,0.7923,1261.0,792.0,-178.0,96.0,710.0,21671.0,737.0,707.0,29.0,692.0,46.0,13.88,2.42,4.2
2009/07/07,42.9,44.15,41.85,44.15,7514.0,328389.0,2.9138,1.7765,2412.0,1174.0,1857.0,-38.0,2993.0,21358.0,1250.0,1563.0,56.0,798.0,162.0,14.29,2.49,4.08
2009/07/08,44.15,45.8,44.15,45.8,7392.0,333973.0,3.7373,1.7477,2719.0,-76.0,1338.0,165.0,1427.0,22114.0,2337.0,1579.0,64.0,1024.0,290.0,14.82,2.58,3.93
2009/07/09,45.7,47.2,45.0,45.0,8312.0,385263.0,-1.7467,1.9652,2812.0,319.0,1712.0,116.0,2147.0,21331.0,1875.0,2657.0,107.0,1096.0,179.0,14.56,2.54,4.0
2009/07/10,45.0,47.35,44.7,47.2,7900.0,365737.0,4.8889,1.8678,2799.0,1070.0,399.0,-6.0,1463.0,21378.0,1949.0,1892.0,103.0,1429.0,446.0,15.28,2.66,3.81
2009/07/13,47.3,47.8,46.25,46.85,5823.0,273500.0,-0.7415,1.3767,2037.0,1183.0,19.0,77.0,1279.0,21565.0,1428.0,1241.0,107.0,1497.0,177.0,15.16,2.64,3.84
2009/07/14,47.1,49.7,47.1,48.0,10702.0,516338.0,2.4546,2.5303,3243.0,-189.0,2577.0,321.0,2709.0,19970.0,2356.0,3951.0,291.0,1644.0,438.0,15.53,2.7,3.75
2009/07/15,48.5,48.8,47.3,47.65,7397.0,354095.0,-0.7292,1.7489,2412.0,29.0,965.0,-94.0,900.0,20913.0,2156.0,1213.0,174.0,1610.0,140.0,15.42,2.68,3.78
2009/07/16,48.0,48.8,47.0,47.8,7789.0,372986.0,0.3148,1.8416,2135.0,1364.0,15.0,13.0,1392.0,20206.0,1316.0,2023.0,197.0,1542.0,129.0,15.47,2.69,3.77
2009/07/17,47.8,50.0,47.8,49.2,7748.0,380397.0,2.9289,1.8319,2474.0,-233.0,1666.0,146.0,1579.0,19497.0,1847.0,2558.0,480.0,1151.0,99.0,15.92,2.77,3.66
2009/07/20,49.8,51.3,49.4,50.5,13873.0,697733.0,2.6423,3.28,4240.0,3340.0,500.0,359.0,4199.0,17859.0,2681.0,4309.0,319.0,919.0,97.0,16.34,2.85,3.56
2009/07/21,51.0,54.0,51.0,53.7,17142.0,905620.0,6.3366,4.0529,4461.0,5879.0,3364.0,-931.0,8312.0,17868.0,4130.0,4116.0,379.0,535.0,0.0,17.38,3.03,3.35
2009/07/22,53.7,54.2,52.5,54.0,8711.0,467015.0,0.5587,2.0595,3530.0,-54.0,3388.0,-396.0,2938.0,18167.0,2101.0,1798.0,526.0,6.0,0.0,17.48,3.04,3.33
2009/07/23,54.0,54.0,52.3,52.5,6346.0,337074.0,-2.7778,1.5004,2008.0,2011.0,1065.0,126.0,3202.0,17409.0,0.0,757.0,3.0,0.0,0.0,16.99,2.96,3.43
2009/07/24,53.0,53.5,52.2,52.7,6376.0,335984.0,0.381,1.5075,1713.0,1262.0,1340.0,-41.0,2561.0,16871.0,0.0,538.0,0.0,0.0,0.0,17.06,2.97,3.42
2009/07/27,53.1,53.3,50.7,51.8,8706.0,452172.0,-1.7078,2.0584,2890.0,3143.0,-564.0,-81.0,2498.0,15410.0,0.0,1461.0,0.0,0.0,0.0,16.76,2.92,3.47
2009/07/28,49.1,50.5,48.8,50.2,11242.0,558689.0,2.7143,2.5702,3037.0,679.0,995.0,-365.0,1309.0,17101.0,2987.0,1296.0,0.0,185.0,185.0,16.73,2.83,3.59
2009/07/29,49.65,51.5,49.6,49.7,8047.0,407501.0,-0.996,1.8397,2490.0,1548.0,363.0,30.0,1941.0,18132.0,2844.0,1827.0,11.0,259.0,85.0,16.57,2.8,3.62
2009/07/30,49.7,49.7,48.9,49.3,3960.0,195440.0,-0.8048,0.9053,1542.0,1037.0,-317.0,-250.0,470.0,18560.0,1022.0,580.0,115.0,219.0,76.0,16.43,2.78,3.65
2009/07/31,49.6,52.7,49.6,52.7,11003.0,572052.0,6.8966,2.5155,3384.0,229.0,1575.0,-344.0,1460.0,21481.0,5735.0,2809.0,23.0,784.0,588.0,17.57,2.97,3.42
2009/08/03,53.4,56.0,52.7,54.8,16053.0,878243.0,3.9848,3.6701,4811.0,3243.0,3319.0,-913.0,5649.0,20671.0,2672.0,3482.0,49.0,1672.0,937.0,18.27,3.09,3.28
2009/08/04,56.1,57.5,52.0,52.1,12314.0,673889.0,-4.927,2.8153,4000.0,-1242.0,882.0,-132.0,-492.0,21416.0,3526.0,2776.0,844.0,1016.0,193.0,17.37,2.94,3.45
2009/08/05,52.1,54.0,52.0,53.3,7125.0,377986.0,2.3033,1.6289,3030.0,-544.0,694.0,34.0,184.0,22082.0,1828.0,1159.0,133.0,1512.0,632.0,17.77,3.0,3.38
2009/08/06,54.0,54.2,51.0,53.2,7383.0,385126.0,-0.1876,1.6879,2284.0,-1693.0,-786.0,-196.0,-2675.0,23357.0,2499.0,1224.0,750.0,830.0,68.0,17.73,3.0,3.38
2009/08/10,53.2,56.8,52.5,56.5,14220.0,783820.0,6.203,3.251,4828.0,1442.0,2623.0,-2.0,4063.0,21786.0,1950.0,3471.0,114.0,1953.0,1237.0,18.83,3.18,3.19
2009/08/11,56.5,59.8,56.1,59.1,16343.0,949489.0,4.6018,3.7364,6003.0,884.0,4453.0,-1134.0,4203.0,22082.0,3024.0,2718.0,148.0,3035.0,1230.0,19.7,3.33,3.05
2009/08/12,59.9,62.2,59.6,60.0,18478.0,1128206.0,1.5228,4.2245,6679.0,-397.0,1926.0,-506.0,1023.0,22174.0,3692.0,3600.0,206.0,3947.0,1118.0,20.0,3.38,3.0
2009/08/13,60.3,61.7,59.5,60.5,10063.0,608206.0,0.8333,2.3006,4089.0,-32.0,283.0,-491.0,-240.0,22871.0,3171.0,2474.0,309.0,4775.0,1137.0,20.17,3.41,2.98
2009/08/14,60.0,62.0,60.0,61.8,9058.0,555516.0,2.1488,2.0709,3701.0,-302.0,273.0,-187.0,-216.0,22919.0,2237.0,2184.0,237.0,5317.0,779.0,20.6,3.48,2.91
2009/08/17,62.0,62.6,60.1,60.4,5511.0,336854.0,-2.2654,1.2599,2540.0,24.0,-258.0,233.0,-1.0,22573.0,2009.0,2353.0,406.0,4961.0,50.0,20.13,3.4,2.98
2009/08/18,60.4,61.5,57.8,57.8,11208.0,672646.0,-4.3046,2.5624,4091.0,31.0,201.0,-49.0,183.0,23181.0,3833.0,3225.0,1140.0,4024.0,205.0,19.27,3.26,3.11
2009/08/19,58.5,59.1,58.3,58.7,4669.0,273752.0,1.5571,1.0674,2347.0,-748.0,10.0,39.0,-699.0,23605.0,1492.0,1049.0,216.0,4451.0,696.0,19.57,3.31,3.07
2009/08/20,58.5,58.6,55.3,55.7,5736.0,324736.0,-5.1107,1.3114,2567.0,-1883.0,288.0,177.0,-1418.0,23558.0,1383.0,1425.0,1547.0,2852.0,0.0,18.57,3.14,3.23
2009/08/21,56.7,57.8,55.4,56.5,7036.0,399556.0,1.4363,1.6086,2775.0,472.0,928.0,-224.0,1176.0,22623.0,1271.0,2206.0,313.0,3469.0,1022.0,18.83,3.18,3.19
2009/08/24,58.0,58.3,57.2,58.1,4756.0,274874.0,2.8319,1.0873,1959.0,959.0,-147.0,34.0,846.0,22782.0,1315.0,1156.0,264.0,3847.0,696.0,19.37,3.27,3.1
2009/08/25,57.6,58.4,56.2,56.3,3680.0,209816.0,-3.0981,0.8413,1782.0,-796.0,-1142.0,46.0,-1892.0,23362.0,1094.0,511.0,471.0,3380.0,22.0,18.77,3.3,3.2
2009/08/26,55.8,56.3,53.8,54.4,6050.0,330852.0,-3.3748,1.3832,2350.0,516.0,-1480.0,50.0,-914.0,23279.0,1369.0,1445.0,932.0,2477.0,30.0,15.95,3.19,3.31
2009/08/27,53.4,55.6,53.2,53.3,4380.0,237219.0,-2.0221,1.0014,1645.0,69.0,-1148.0,-293.0,-1372.0,23606.0,1149.0,820.0,505.0,2134.0,162.0,15.63,3.12,3.38
2009/08/28,53.2,55.8,53.1,54.5,6755.0,368441.0,2.2514,1.5443,2740.0,288.0,677.0,157.0,1122.0,22659.0,1293.0,2238.0,301.0,2365.0,534.0,15.98,3.19,3.3
2009/08/31,54.7,58.3,54.7,58.0,10052.0,576894.0,6.422,2.2981,4042.0,457.0,-789.0,16.0,-316.0,22160.0,2087.0,2584.0,156.0,2991.0,866.0,17.01,3.4,3.1
2009/09/01,58.0,60.6,58.0,59.8,10369.0,616698.0,3.1034,2.3706,3858.0,-451.0,718.0,84.0,351.0,21926.0,2409.0,2642.0,256.0,3277.0,544.0,17.54,3.51,3.01
2009/09/02,60.0,62.1,59.8,60.6,9578.0,584774.0,1.3378,2.1898,3814.0,-164.0,71.0,-7.0,-100.0,21179.0,2610.0,3356.0,289.0,3391.0,405.0,17.77,3.55,2.97
2009/09/03,60.6,61.1,59.8,60.4,5587.0,336470.0,-0.33,1.2773,1937.0,1.0,58.0,204.0,263.0,20416.0,1461.0,2220.0,197.0,3214.0,27.0,17.71,3.54,2.98
2009/09/04,60.9,61.0,59.8,59.8,4765.0,287352.0,-0.9934,1.0894,1642.0,41.0,-543.0,-66.0,-568.0,19826.0,1377.0,1967.0,142.0,3174.0,102.0,17.54,3.51,3.01
2009/09/07,59.8,60.8,59.2,59.8,4617.0,276954.0,0.0,1.0556,1793.0,95.0,-110.0,-22.0,-37.0,18934.0,1077.0,1968.0,104.0,3159.0,120.0,17.54,3.51,3.01
2009/09/08,60.6,61.5,60.0,60.3,8822.0,536692.0,0.8361,2.0169,3356.0,531.0,999.0,-162.0,1368.0,18373.0,2592.0,3153.0,79.0,3353.0,273.0,17.68,3.53,2.99
2009/09/09,60.4,60.7,58.2,58.6,3466.0,205197.0,-2.8192,0.7924,1790.0,-45.0,4.0,-92.0,-133.0,18028.0,946.0,1240.0,308.0,3016.0,5.0,17.29,3.45,3.07
2009/09/10,60.0,60.2,58.0,59.0,4707.0,277413.0,0.6826,1.0761,1875.0,165.0,448.0,-43.0,570.0,18067.0,1129.0,1085.0,186.0,3039.0,237.0,17.4,3.47,3.05
2009/09/11,58.5,61.3,58.5,60.5,8575.0,517909.0,2.5424,1.9604,3236.0,272.0,2127.0,53.0,2452.0,18033.0,1503.0,1537.0,155.0,3315.0,447.0,17.85,3.56,2.98
2009/09/14,60.5,62.9,59.8,62.0,11067.0,685244.0,2.4793,2.5302,4380.0,151.0,1572.0,108.0,1832.0,17296.0,2141.0,2876.0,125.0,3834.0,645.0,18.29,3.65,2.9
2009/09/15,62.1,62.4,61.6,61.9,4254.0,263541.0,-0.1613,0.9726,1949.0,-256.0,1339.0,-102.0,981.0,17099.0,1186.0,1383.0,267.0,3601.0,42.0,18.26,3.65,2.91
2009/09/16,62.9,64.6,62.5,64.5,10797.0,688935.0,4.2003,2.4684,4405.0,695.0,860.0,-159.0,1396.0,18116.0,3078.0,2060.0,66.0,4061.0,528.0,19.03,3.8,2.79
2009/09/17,64.8,65.2,63.0,63.2,4467.0,286133.0,-2.0155,1.0213,2085.0,-6.0,728.0,-106.0,616.0,17512.0,1052.0,1656.0,281.0,3852.0,73.0,18.64,3.72,2.85
2009/09/18,63.0,64.5,63.0,63.3,4603.0,293381.0,0.1582,1.0524,1892.0,-50.0,-11.0,-37.0,-98.0,18011.0,1433.0,932.0,33.0,3905.0,89.0,18.67,3.73,2.84
2009/09/21,63.3,64.3,63.0,63.0,3165.0,200681.0,-0.4739,0.7236,1438.0,-29.0,-843.0,28.0,-844.0,18482.0,1317.0,846.0,99.0,3789.0,37.0,18.58,3.71,2.86
2009/09/22,63.0,63.5,62.2,63.0,3119.0,196502.0,0.0,0.7131,1217.0,483.0,-257.0,-230.0,-4.0,18577.0,718.0,623.0,100.0,3828.0,140.0,18.58,3.71,2.86
2009/09/23,63.3,63.6,61.0,61.0,4423.0,276057.0,-3.1746,1.0112,1629.0,556.0,1017.0,-140.0,1433.0,17576.0,1145.0,2136.0,375.0,3460.0,8.0,17.99,3.59,2.95
2009/09/24,61.3,61.5,59.9,61.5,3624.0,220018.0,0.8197,0.8285,1557.0,-439.0,-581.0,13.0,-1007.0,18207.0,1117.0,486.0,350.0,3177.0,67.0,18.14,3.62,2.93
2009/09/25,61.1,61.7,60.6,61.5,1909.0,117070.0,0.0,0.4364,831.0,8.0,445.0,167.0,620.0,17820.0,470.0,856.0,39.0,3243.0,105.0,18.14,3.62,2.93
2009/09/28,61.5,61.8,59.9,60.7,1362.0,82809.0,-1.3008,0.3114,743.0,-143.0,-225.0,117.0,-251.0,17988.0,506.0,338.0,107.0,3142.0,7.0,17.91,3.57,2.97
2009/09/29,61.2,63.8,61.2,63.5,9946.0,628253.0,4.6129,2.2739,3724.0,1464.0,1616.0,184.0,3264.0,18828.0,2602.0,1756.0,120.0,3496.0,487.0,18.73,3.74,2.83
2009/09/30,64.0,64.2,62.9,63.0,4586.0,291373.0,-0.7874,1.0485,2030.0,-219.0,252.0,163.0,196.0,18948.0,1367.0,1237.0,151.0,3397.0,52.0,18.58,3.71,2.86
2009/10/01,63.3,63.8,62.5,63.5,2097.0,132551.0,0.7937,0.4794,1232.0,252.0,0.0,21.0,273.0,18821.0,505.0,622.0,68.0,3395.0,66.0,18.73,3.74,2.83
2009/10/02,63.0,64.5,63.0,63.0,3379.0,215017.0,-0.7874,0.7725,1526.0,-215.0,60.0,196.0,41.0,19325.0,1394.0,890.0,173.0,3301.0,79.0,18.58,3.71,2.86
2009/10/05,63.3,64.4,63.1,64.0,4506.0,287446.0,1.5873,1.0302,1824.0,392.0,-218.0,-31.0,143.0,19954.0,2040.0,1300.0,24.0,3403.0,126.0,18.88,3.77,2.81
2009/10/06,64.5,64.8,63.0,63.3,5986.0,381197.0,-1.0938,1.3685,2295.0,617.0,-930.0,-225.0,-538.0,20301.0,2424.0,2017.0,129.0,3284.0,12.0,18.67,3.73,2.84
2009/10/07,64.5,64.6,63.0,63.1,10039.0,638492.0,-0.316,2.2951,3111.0,1515.0,-928.0,-72.0,515.0,20324.0,2838.0,2805.0,93.0,3424.0,242.0,18.61,3.72,2.85
2009/10/08,63.6,64.0,60.5,61.0,8361.0,518018.0,-3.3281,1.9115,3343.0,1688.0,-1832.0,-20.0,-164.0,20052.0,1765.0,2017.0,361.0,3130.0,67.0,17.99,3.59,2.95
2009/10/09,62.4,62.4,60.5,61.7,5443.0,336026.0,1.1475,1.2444,2217.0,1473.0,-829.0,71.0,716.0,19151.0,827.0,1420.0,90.0,3305.0,265.0,18.2,3.63,2.92
2009/10/12,62.2,62.9,61.9,62.3,2704.0,168763.0,0.9724,0.6182,1111.0,124.0,100.0,-130.0,94.0,19658.0,1390.0,883.0,78.0,3335.0,108.0,18.38,3.67,2.89
2009/10/13,61.2,62.7,61.2,62.0,2352.0,146354.0,-0.4815,0.5377,1002.0,765.0,-20.0,-108.0,637.0,19756.0,633.0,520.0,163.0,3232.0,60.0,18.29,3.65,2.9
2009/10/14,62.6,62.7,61.6,62.2,3318.0,206218.0,0.3226,0.7586,1234.0,472.0,-1597.0,-42.0,-1167.0,20230.0,1078.0,602.0,196.0,3079.0,45.0,18.35,3.66,2.89
2009/10/15,62.8,62.8,61.0,61.3,6062.0,374085.0,-1.4469,1.3859,1861.0,1905.0,-2894.0,-215.0,-1204.0,21133.0,1898.0,994.0,93.0,2999.0,13.0,18.08,3.61,2.94
2009/10/16,61.3,61.7,61.2,61.7,2594.0,159261.0,0.6525,0.593,1102.0,522.0,-266.0,-5.0,251.0,21127.0,593.0,594.0,113.0,2962.0,76.0,18.2,3.63,2.92
2009/10/19,61.7,62.6,61.3,61.8,2364.0,146954.0,0.1621,0.5405,1176.0,47.0,-78.0,2.0,-29.0,21533.0,966.0,560.0,57.0,3012.0,107.0,18.23,3.64,2.91
2009/10/20,62.3,62.4,60.6,60.9,5035.0,307594.0,-1.4563,1.1511,2010.0,405.0,-1100.0,70.0,-625.0,22338.0,1509.0,703.0,134.0,2908.0,31.0,17.96,3.59,2.96
2009/10/21,60.7,61.4,59.7,60.0,6182.0,371636.0,-1.4778,1.4133,2417.0,413.0,-1778.0,-218.0,-1583.0,23132.0,1463.0,669.0,245.0,2718.0,56.0,17.7,3.53,3.0
2009/10/22,59.7,60.5,59.0,59.5,3814.0,228113.0,-0.8333,0.872,1710.0,77.0,-195.0,-29.0,-147.0,23915.0,1474.0,691.0,189.0,2831.0,302.0,17.55,3.5,3.03
2009/10/23,60.2,60.2,59.1,59.5,2985.0,177548.0,0.0,0.6824,1357.0,-1.0,-1419.0,5.0,-1415.0,23961.0,790.0,410.0,126.0,2913.0,209.0,17.55,3.5,3.03
2009/10/26,59.6,60.0,58.2,59.5,3899.0,230631.0,0.0,0.8914,1553.0,12.0,-337.0,1.0,-324.0,24416.0,1079.0,624.0,334.0,3153.0,574.0,17.55,3.5,3.03
2009/10/27,59.0,59.3,56.7,57.8,7957.0,458236.0,-2.8571,1.8192,3108.0,-23.0,-3574.0,-165.0,-3762.0,25945.0,2541.0,1010.0,715.0,2641.0,203.0,17.05,2.9,3.11
2009/10/28,58.6,61.1,58.6,59.5,10539.0,633874.0,2.9412,2.4095,4462.0,557.0,2725.0,459.0,3741.0,25613.0,2038.0,2218.0,267.0,3442.0,1068.0,16.71,2.98,3.03
2009/10/29,59.0,60.5,58.2,60.2,5510.0,326902.0,1.1765,1.2597,2584.0,195.0,550.0,-234.0,511.0,24241.0,1044.0,1306.0,762.0,3192.0,512.0,16.91,3.02,2.99
2009/10/30,61.0,61.8,60.7,61.0,9465.0,580011.0,1.3289,2.1639,3664.0,-408.0,2261.0,206.0,2059.0,22276.0,967.0,2812.0,133.0,3976.0,917.0,17.13,3.06,2.95
2009/11/02,60.0,60.6,59.0,59.6,6270.0,374727.0,-2.2951,1.4335,2199.0,22.0,-530.0,46.0,-462.0,23501.0,2111.0,567.0,899.0,3822.0,745.0,16.74,2.99,3.02
2009/11/03,59.7,60.2,59.3,59.9,3143.0,187831.0,0.5034,0.7186,1558.0,295.0,-313.0,-24.0,-42.0,23648.0,499.0,352.0,216.0,4270.0,665.0,16.83,3.0,3.01
2009/11/04,59.9,63.7,59.4,63.0,13174.0,818537.0,5.1753,3.0119,5034.0,-53.0,567.0,395.0,909.0,22027.0,2065.0,3686.0,1110.0,3985.0,825.0,17.7,3.16,2.86
2009/11/05,63.1,63.8,62.2,63.0,7590.0,479485.0,0.0,1.7352,2848.0,36.0,218.0,454.0,708.0,21904.0,1932.0,2055.0,197.0,4098.0,310.0,17.7,3.16,2.86
2009/11/06,63.5,63.7,62.7,62.9,4573.0,288746.0,-0.1587,1.0455,1792.0,1039.0,127.0,397.0,1563.0,21173.0,687.0,1416.0,204.0,4083.0,191.0,17.67,3.15,2.86
2009/11/09,63.4,63.6,60.3,61.0,9209.0,566687.0,-3.0207,2.1054,3014.0,-1064.0,261.0,-163.0,-966.0,22264.0,2590.0,1499.0,706.0,3453.0,77.0,17.13,3.06,2.95
2009/11/10,61.1,61.8,61.1,61.3,2876.0,176718.0,0.4918,0.6575,1422.0,710.0,-132.0,197.0,775.0,21592.0,395.0,802.0,160.0,3434.0,145.0,17.22,3.07,2.94
2009/11/11,61.3,62.0,60.8,61.8,3697.0,227263.0,0.8157,0.8452,1202.0,-14.0,-1222.0,247.0,-989.0,22000.0,1001.0,593.0,153.0,3408.0,129.0,17.36,3.1,2.91
2009/11/12,61.7,62.0,61.0,61.1,4070.0,250422.0,-1.1327,0.9305,1753.0,-620.0,-395.0,-202.0,-1217.0,21704.0,681.0,977.0,125.0,3315.0,42.0,17.16,3.06,2.95
2009/11/13,60.6,61.0,60.2,60.5,2887.0,174887.0,-0.982,0.66,1402.0,250.0,2.0,-135.0,117.0,21075.0,834.0,1463.0,249.0,3114.0,48.0,16.99,3.03,2.98
2009/11/16,60.5,61.1,60.4,60.9,1952.0,118588.0,0.6612,0.4463,930.0,235.0,-608.0,-35.0,-408.0,21139.0,420.0,356.0,178.0,2987.0,51.0,17.11,3.05,2.96
2009/11/17,60.6,61.2,59.1,59.8,4198.0,252280.0,-1.8062,0.9598,1727.0,290.0,-1074.0,-82.0,-866.0,21499.0,1154.0,715.0,174.0,2870.0,57.0,16.8,3.0,3.01
2009/11/18,60.7,61.1,60.1,60.9,2469.0,149763.0,1.8395,0.5645,1258.0,380.0,-91.0,-7.0,282.0,21663.0,709.0,545.0,135.0,2844.0,109.0,17.11,3.05,2.96
2009/11/19,61.2,62.4,60.7,61.2,8846.0,545729.0,0.4926,2.0224,3229.0,-1352.0,122.0,58.0,-1172.0,22664.0,2957.0,1946.0,206.0,2717.0,79.0,17.19,3.07,2.94
2009/11/20,61.3,61.5,60.1,60.6,3440.0,208647.0,-0.9804,0.7865,1607.0,219.0,171.0,11.0,401.0,22424.0,765.0,1005.0,128.0,2605.0,16.0,17.02,3.04,2.97
2009/11/23,60.9,61.0,59.9,59.9,3063.0,184313.0,-1.1551,0.7003,1377.0,165.0,-948.0,7.0,-776.0,21854.0,581.0,1149.0,219.0,2391.0,6.0,16.83,3.0,3.01
2009/11/24,60.0,61.1,60.0,60.0,3533.0,213998.0,0.1669,0.8077,1725.0,253.0,376.0,17.0,646.0,21778.0,661.0,737.0,17.0,2409.0,35.0,16.85,3.01,3.0
2009/11/25,60.1,60.8,60.0,60.6,2472.0,149554.0,1.0,0.5652,1174.0,464.0,-346.0,-53.0,65.0,22074.0,764.0,467.0,67.0,2403.0,61.0,17.02,3.04,2.97
2009/11/26,61.0,61.0,60.0,60.1,3422.0,206494.0,-0.8251,0.7823,1427.0,-159.0,-1783.0,-20.0,-1962.0,22440.0,886.0,520.0,119.0,2299.0,15.0,16.88,3.01,3.0
2009/11/27,59.6,60.1,58.6,58.6,4590.0,271860.0,-2.4958,1.0494,1806.0,-450.0,-746.0,-217.0,-1413.0,21715.0,810.0,1531.0,214.0,2252.0,167.0,16.46,2.94,3.07
2009/11/30,59.5,60.3,58.7,60.3,3591.0,213075.0,2.901,0.821,1320.0,740.0,-603.0,4.0,141.0,22060.0,693.0,348.0,112.0,2256.0,116.0,16.94,3.02,2.99
2009/12/01,60.5,60.7,59.5,59.5,4043.0,243221.0,-1.3267,0.9243,1584.0,-2.0,-600.0,37.0,-565.0,22308.0,862.0,612.0,58.0,2209.0,11.0,16.71,2.98,3.03
2009/12/02,60.0,60.7,59.3,59.3,4597.0,275379.0,-0.3361,1.051,2005.0,-96.0,-579.0,39.0,-636.0,22501.0,1059.0,866.0,54.0,2186.0,32.0,16.66,2.97,3.04
2009/12/03,59.4,61.0,59.3,59.6,5375.0,324108.0,0.5059,1.2288,2508.0,613.0,50.0,19.0,682.0,22562.0,1178.0,1115.0,52.0,2179.0,45.0,16.74,2.99,3.02
2009/12/04,59.6,60.4,59.4,59.4,2709.0,162034.0,-0.3356,0.6193,1490.0,414.0,60.0,-13.0,461.0,22379.0,482.0,644.0,55.0,2209.0,85.0,16.69,2.98,3.03
2009/12/07,60.4,60.5,59.7,60.0,3240.0,194425.0,1.0101,0.7407,1398.0,510.0,-745.0,18.0,-217.0,22349.0,900.0,920.0,49.0,2212.0,53.0,16.85,3.01,3.0
2009/12/08,61.0,61.0,59.7,60.0,6128.0,369021.0,0.0,1.401,2345.0,3.0,-520.0,18.0,-499.0,22060.0,1602.0,1891.0,68.0,2164.0,20.0,16.85,3.01,3.0
2009/12/09,60.4,61.4,59.9,60.5,7315.0,444136.0,0.8333,1.6724,3213.0,-82.0,-26.0,5.0,-103.0,22290.0,2202.0,1970.0,76.0,2126.0,38.0,16.99,3.03,2.98
2009/12/10,61.0,61.0,59.2,59.3,6456.0,387368.0,-1.9835,1.476,2512.0,402.0,-1887.0,-14.0,-1499.0,21614.0,964.0,1640.0,89.0,2158.0,122.0,16.66,2.97,3.04
2009/12/11,59.5,61.4,59.5,60.5,6690.0,405859.0,2.0236,1.5295,2728.0,61.0,-1036.0,55.0,-920.0,22674.0,2359.0,1278.0,72.0,2185.0,101.0,16.99,3.03,2.98
2009/12/14,60.1,60.5,60.0,60.3,1944.0,117164.0,-0.3306,0.4444,970.0,-14.0,-1.0,-21.0,-36.0,22379.0,546.0,839.0,93.0,2111.0,19.0,16.94,3.02,2.99
2009/12/15,60.3,60.3,59.5,59.5,3033.0,181452.0,-1.3267,0.6934,1209.0,291.0,-340.0,0.0,-49.0,21853.0,542.0,1054.0,31.0,2083.0,3.0,16.71,2.98,3.03
2009/12/16,59.2,59.9,59.2,59.9,1377.0,82225.0,0.6723,0.3148,670.0,23.0,-55.0,-27.0,-59.0,21742.0,246.0,357.0,39.0,2063.0,20.0,16.83,3.0,3.01
2009/12/17,60.1,60.2,59.2,59.2,2774.0,165332.0,-1.1686,0.6342,1420.0,739.0,-104.0,11.0,646.0,21310.0,320.0,735.0,50.0,2046.0,36.0,16.63,2.97,3.04
2009/12/18,59.3,59.5,58.7,58.8,1602.0,94448.0,-0.6757,0.3663,922.0,-28.0,-420.0,5.0,-443.0,21298.0,316.0,321.0,118.0,2005.0,77.0,16.52,2.95,3.06
2009/12/21,58.8,59.4,58.8,58.8,1895.0,111977.0,0.0,0.4332,942.0,186.0,-153.0,-28.0,5.0,21451.0,289.0,135.0,39.0,2374.0,409.0,16.52,2.95,3.06
2009/12/22,58.8,59.4,58.8,59.1,1950.0,115322.0,0.5102,0.4458,886.0,160.0,-563.0,32.0,-371.0,21282.0,207.0,372.0,50.0,2569.0,245.0,16.6,2.96,3.05
2009/12/23,59.1,59.9,59.0,59.9,3294.0,195693.0,1.3536,0.7531,1580.0,844.0,-537.0,152.0,459.0,21220.0,520.0,581.0,147.0,2561.0,139.0,16.83,3.0,3.01
2009/12/24,60.3,61.4,59.5,60.1,8524.0,515538.0,0.3339,1.9488,3585.0,475.0,-956.0,-10.0,-491.0,21844.0,2773.0,2148.0,204.0,2417.0,60.0,16.88,3.01,3.0
2009/12/25,60.5,61.1,59.9,60.1,4867.0,294538.0,0.0,1.1127,1971.0,79.0,179.0,49.0,307.0,21996.0,1296.0,1144.0,36.0,2435.0,56.0,16.88,3.01,3.0
2009/12/28,60.9,61.8,60.6,61.2,10269.0,629882.0,1.8303,2.3477,3927.0,-413.0,-12.0,425.0,0.0,22168.0,2462.0,2289.0,51.0,2486.0,103.0,17.19,3.07,2.94
2009/12/29,61.2,62.0,61.0,61.1,5389.0,331701.0,-0.1634,1.2321,2004.0,-95.0,-16.0,155.0,44.0,21223.0,1234.0,2179.0,39.0,2457.0,10.0,17.16,3.06,2.95
2009/12/30,61.1,61.4,60.5,61.0,4471.0,272828.0,-0.1637,1.0222,1957.0,142.0,754.0,64.0,960.0,20399.0,668.0,1492.0,148.0,2317.0,8.0,17.13,3.06,2.95
2009/12/31,61.6,63.4,61.3,62.8,15510.0,973601.0,2.9508,3.5459,4954.0,-1525.0,2521.0,229.0,1225.0,18834.0,2054.0,3332.0,83.0,2281.0,48.0,17.64,3.15,2.87
2010/01/04,63.0,63.4,61.7,62.0,9361.0,586393.0,-1.2739,2.1401,2795.0,-174.0,2239.0,-41.0,2024.0,19223.0,2309.0,1909.0,36.0,2283.0,39.0,17.42,3.11,2.9
2010/01/05,63.0,63.2,61.2,61.6,4230.0,262500.0,-0.6452,0.9671,1926.0,-48.0,502.0,270.0,724.0,19317.0,1203.0,1109.0,19.0,2296.0,33.0,17.3,3.09,2.92
2010/01/06,61.6,62.6,61.3,61.5,5063.0,313547.0,-0.1623,1.1575,2122.0,320.0,924.0,89.0,1333.0,19177.0,1159.0,1299.0,13.0,2250.0,31.0,17.28,3.08,2.93
2010/01/07,61.0,61.1,60.2,60.5,7155.0,434023.0,-1.626,1.6358,2495.0,-118.0,534.0,803.0,1219.0,19071.0,1465.0,1553.0,219.0,2215.0,184.0,16.99,3.03,2.98
2010/01/08,60.4,61.0,60.1,61.0,2447.0,148108.0,0.8264,0.5594,1111.0,59.0,-241.0,-26.0,-208.0,19485.0,754.0,340.0,235.0,2044.0,64.0,17.13,3.06,2.95
2010/01/11,60.8,63.8,60.5,63.5,18023.0,1133893.0,4.0984,4.1205,5993.0,-241.0,1888.0,1384.0,3031.0,20790.0,5334.0,4028.0,502.0,1906.0,364.0,17.84,3.18,2.83
2010/01/12,63.4,65.8,63.4,63.5,16958.0,1096040.0,0.0,3.877,5266.0,-1019.0,4043.0,188.0,3212.0,18483.0,3236.0,5543.0,127.0,1921.0,142.0,17.84,3.18,2.83
2010/01/13,63.5,64.7,63.3,63.3,5768.0,369188.0,-0.315,1.3187,2583.0,217.0,824.0,-21.0,1020.0,18695.0,1639.0,1426.0,89.0,1993.0,162.0,17.78,3.17,2.84
2010/01/14,64.0,67.0,63.6,66.0,19873.0,1307645.0,4.2654,4.5434,5952.0,-5000.0,4003.0,1087.0,90.0,21386.0,6060.0,3369.0,45.0,2155.0,208.0,18.54,3.31,2.73
2010/01/15,67.0,67.1,65.2,66.0,15468.0,1026339.0,0.0,3.5363,4814.0,-2130.0,2079.0,-713.0,-764.0,21938.0,5243.0,4691.0,189.0,2045.0,80.0,18.54,3.31,2.73
2010/01/18,65.9,65.9,64.6,64.8,8409.0,548809.0,-1.8182,1.9225,2263.0,-148.0,1068.0,-146.0,774.0,21108.0,1856.0,2686.0,183.0,1917.0,56.0,18.2,3.25,2.78
2010/01/19,65.0,65.5,63.3,64.5,7820.0,505235.0,-0.463,1.7878,2595.0,-552.0,1640.0,90.0,1178.0,20286.0,1342.0,2163.0,109.0,1938.0,131.0,18.12,3.23,2.79
2010/01/20,65.4,65.4,63.4,63.8,4725.0,302943.0,-1.0853,1.0802,1471.0,-402.0,949.0,-317.0,230.0,20214.0,1025.0,1097.0,187.0,1777.0,27.0,17.92,3.2,2.82
2010/01/21,63.8,63.8,61.4,61.7,10931.0,678179.0,-3.2915,2.4991,3499.0,69.0,-507.0,503.0,65.0,21433.0,3500.0,2250.0,248.0,1548.0,19.0,17.33,3.09,2.92
2010/01/22,60.5,62.2,60.5,61.1,4959.0,303443.0,-0.9724,1.1337,1871.0,74.0,0.0,93.0,167.0,21355.0,1285.0,863.0,112.0,1464.0,28.0,17.16,3.06,2.95
2010/01/25,60.3,61.2,60.0,60.0,5980.0,361809.0,-1.8003,1.3672,1959.0,-826.0,-330.0,-345.0,-1501.0,21231.0,1257.0,1377.0,127.0,1393.0,57.0,16.85,3.01,3.0
2010/01/26,60.0,60.6,56.6,57.0,11017.0,639387.0,-5.0,2.5187,3572.0,252.0,0.0,-199.0,53.0,20001.0,2246.0,3471.0,292.0,1271.0,170.0,16.01,2.86,3.16
2010/01/27,57.0,57.8,53.6,54.4,10058.0,565279.0,-4.5614,2.2995,3167.0,1571.0,-1034.0,-6.0,531.0,20256.0,1754.0,1461.0,175.0,1346.0,250.0,15.28,2.73,3.31
2010/01/28,55.5,58.2,55.0,58.0,7378.0,416482.0,6.6176,1.6868,2777.0,507.0,59.0,1211.0,1777.0,19541.0,672.0,1276.0,354.0,1271.0,279.0,16.29,2.91,3.1
2010/01/29,56.5,57.1,55.3,56.5,6826.0,384714.0,-2.5862,1.5606,2277.0,498.0,-346.0,378.0,530.0,19755.0,1110.0,896.0,157.0,1293.0,179.0,15.87,2.83,3.19
2010/02/01,57.0,58.1,56.2,58.0,6312.0,362510.0,2.6549,1.4431,2408.0,-793.0,230.0,-119.0,-682.0,20270.0,1879.0,1364.0,58.0,1539.0,304.0,16.29,2.91,3.1
2010/02/02,58.5,58.5,54.6,56.0,6859.0,387435.0,-3.4483,1.5681,3079.0,-580.0,40.0,-682.0,-1222.0,20784.0,2083.0,1560.0,273.0,1718.0,452.0,15.73,2.81,3.21
2010/02/03,56.5,57.0,55.9,56.6,2721.0,153788.0,1.0714,0.6221,1302.0,-178.0,333.0,218.0,373.0,20583.0,401.0,591.0,334.0,1507.0,123.0,15.9,2.84,3.18
2010/02/04,57.0,57.7,55.7,55.9,2948.0,166583.0,-1.2367,0.674,1437.0,-382.0,169.0,14.0,-199.0,20832.0,778.0,524.0,232.0,1346.0,71.0,15.7,2.8,3.22
2010/02/05,54.6,54.6,52.0,52.0,8742.0,456153.0,-6.9767,1.9986,2850.0,202.0,-2565.0,-915.0,-3278.0,21918.0,2234.0,1125.0,443.0,2073.0,1170.0,14.61,2.61,3.46
2010/02/06,52.0,52.0,48.4,49.8,12562.0,621272.0,-4.2308,2.872,3801.0,606.0,-641.0,-636.0,-671.0,21042.0,2202.0,2955.0,1273.0,1044.0,244.0,13.99,2.5,3.61
2010/02/08,49.8,52.4,49.5,51.9,5813.0,296799.0,4.2169,1.329,2274.0,813.0,-239.0,133.0,707.0,20540.0,642.0,1041.0,280.0,1094.0,330.0,14.58,2.6,3.47
2010/02/09,52.0,53.7,51.3,53.1,6583.0,348810.0,2.3121,1.505,2447.0,-1434.0,658.0,74.0,-702.0,20360.0,1133.0,1265.0,377.0,1034.0,317.0,14.92,2.66,3.39
2010/02/10,54.2,54.3,52.8,53.3,5447.0,291898.0,0.3766,1.2453,1919.0,-118.0,105.0,-250.0,-263.0,20275.0,950.0,991.0,182.0,1010.0,158.0,14.97,2.67,3.38
2010/02/22,53.3,53.9,51.8,51.8,4555.0,239833.0,-2.8143,1.0414,1735.0,-1323.0,-101.0,40.0,-1384.0,20557.0,965.0,683.0,67.0,1159.0,216.0,14.55,2.6,3.47
2010/02/23,50.5,51.7,50.0,51.7,7874.0,398894.0,-0.1931,1.8002,2748.0,484.0,-1458.0,-79.0,-1053.0,21505.0,1414.0,457.0,181.0,1165.0,187.0,14.52,2.59,3.48
2010/02/24,51.0,53.4,50.8,52.6,5677.0,297951.0,1.7408,1.2979,2312.0,-130.0,925.0,81.0,876.0,20974.0,983.0,1511.0,87.0,1282.0,204.0,14.78,2.64,3.42
2010/02/25,52.7,54.2,52.3,53.3,6282.0,336458.0,1.3308,1.4362,2731.0,-43.0,1087.0,-203.0,841.0,20472.0,1448.0,1950.0,78.0,1469.0,265.0,14.97,2.67,3.38
2010/02/26,53.7,54.1,52.0,52.5,4925.0,261048.0,-1.5009,1.126,1965.0,-1083.0,585.0,202.0,-296.0,20787.0,1099.0,784.0,99.0,1488.0,118.0,14.75,2.63,3.43
2010/03/01,53.2,55.0,52.3,54.5,5076.0,273945.0,3.8095,1.1605,2259.0,-97.0,495.0,-322.0,76.0,19842.0,436.0,1351.0,234.0,1464.0,210.0,15.31,2.73,3.3
2010/03/02,55.1,55.2,53.5,53.8,3367.0,182557.0,-1.2844,0.7698,1696.0,-555.0,-200.0,-173.0,-928.0,20323.0,1151.0,602.0,235.0,1267.0,38.0,15.11,2.7,3.35
2010/03/03,54.0,54.3,53.2,53.2,2491.0,133263.0,-1.1152,0.5695,1057.0,-276.0,-409.0,-245.0,-930.0,20578.0,566.0,310.0,115.0,1203.0,52.0,14.94,2.67,3.38
2010/03/04,53.5,53.9,53.1,53.2,2263.0,120824.0,0.0,0.5174,1180.0,-266.0,-604.0,-33.0,-903.0,20893.0,635.0,317.0,87.0,1193.0,77.0,14.94,2.67,3.38
2010/03/05,53.9,55.1,53.5,54.8,4388.0,238379.0,3.0075,1.0032,2005.0,-459.0,240.0,22.0,-197.0,20879.0,1161.0,1171.0,115.0,1155.0,78.0,15.39,2.75,3.28
2010/03/08,55.2,55.8,54.1,54.3,8427.0,460321.0,-0.9124,1.9266,3582.0,-965.0,-2660.0,-326.0,-3951.0,22591.0,2822.0,1110.0,66.0,1159.0,70.0,15.25,2.72,3.31
2010/03/09,54.3,54.3,52.8,53.2,7125.0,379580.0,-2.0258,1.6289,3307.0,-362.0,-2987.0,66.0,-3283.0,23639.0,1887.0,832.0,77.0,1186.0,105.0,14.94,2.67,3.38
2010/03/10,53.2,53.6,52.4,52.7,4667.0,246538.0,-0.9398,1.067,2170.0,-161.0,-1979.0,-25.0,-2165.0,24437.0,1372.0,573.0,45.0,1234.0,93.0,14.8,2.64,3.42
2010/03/11,53.3,53.9,52.9,53.2,6029.0,322303.0,0.9488,1.3784,2922.0,-6.0,-646.0,-329.0,-981.0,24402.0,1245.0,1280.0,76.0,1274.0,116.0,14.94,2.67,3.38
2010/03/12,53.6,53.9,53.3,53.9,3594.0,192854.0,1.3158,0.8217,1679.0,-342.0,-73.0,-4.0,-419.0,24110.0,745.0,1037.0,34.0,1305.0,65.0,15.14,2.7,3.34
2010/03/15,54.0,54.2,51.4,51.5,11065.0,577396.0,-4.4527,2.5297,4533.0,-575.0,-1050.0,-2314.0,-3939.0,25629.0,2514.0,970.0,238.0,1499.0,432.0,14.47,2.58,3.5
2010/03/16,51.3,51.9,50.8,51.8,5414.0,277732.0,0.5825,1.2378,2373.0,-1075.0,-837.0,-14.0,-1926.0,25827.0,1113.0,895.0,220.0,1659.0,380.0,14.55,2.6,3.47
2010/03/17,52.0,52.6,51.9,52.3,5066.0,264384.0,0.9653,1.1582,1945.0,-1163.0,-1030.0,310.0,-1883.0,26087.0,1111.0,841.0,309.0,1392.0,42.0,14.69,2.62,3.44
2010/03/18,52.5,52.7,51.8,52.6,5452.0,285623.0,0.5736,1.2465,2513.0,-7.0,-527.0,62.0,-472.0,25687.0,1021.0,1390.0,106.0,1343.0,57.0,14.78,2.64,3.42
2010/03/19,52.6,53.3,52.5,52.8,3854.0,203906.0,0.3802,0.8811,1602.0,-69.0,-353.0,-176.0,-598.0,25506.0,933.0,1112.0,305.0,1062.0,24.0,14.83,2.65,3.41
2010/03/22,52.8,53.3,51.6,52.7,9858.0,516035.0,-0.1894,2.2538,3464.0,-226.0,-1194.0,-10.0,-1430.0,26775.0,2229.0,930.0,143.0,1068.0,151.0,14.8,2.64,3.42
2010/03/23,53.0,53.1,52.0,52.0,4360.0,228305.0,-1.3283,0.9968,1852.0,-54.0,-913.0,5.0,-962.0,27043.0,1191.0,905.0,50.0,1098.0,80.0,14.61,2.61,3.46
2010/03/24,52.2,53.1,51.9,52.0,6598.0,345950.0,0.0,1.5085,2694.0,130.0,-2072.0,-153.0,-2095.0,27820.0,1834.0,1056.0,87.0,1083.0,73.0,14.61,2.61,3.46
2010/03/25,52.0,53.0,51.7,52.8,5270.0,276170.0,1.5385,1.2048,1945.0,1244.0,-578.0,52.0,718.0,27466.0,822.0,1131.0,131.0,1037.0,85.0,14.83,2.65,3.41
2010/03/26,52.8,52.9,52.2,52.3,4563.0,239837.0,-0.947,1.0432,1562.0,-54.0,-1906.0,49.0,-1911.0,27798.0,1129.0,795.0,110.0,928.0,1.0,14.69,2.62,3.44
2010/03/29,52.8,52.9,52.4,52.9,4449.0,234541.0,1.1472,1.0171,1595.0,115.0,-173.0,-116.0,-174.0,27574.0,1042.0,1265.0,54.0,879.0,7.0,14.86,2.65,3.4
2010/03/30,53.1,53.5,52.6,53.3,6550.0,347986.0,0.7561,1.4975,2796.0,5.0,-645.0,121.0,-519.0,27324.0,1719.0,1969.0,29.0,860.0,10.0,14.97,2.67,3.38
2010/03/31,53.5,53.7,52.8,52.8,3512.0,187221.0,-0.9381,0.8029,1550.0,65.0,-17.0,103.0,151.0,27312.0,1066.0,968.0,44.0,832.0,16.0,14.83,2.65,3.41
2010/04/01,53.0,54.0,53.0,53.6,6480.0,347889.0,1.5152,1.4815,2558.0,182.0,0.0,21.0,203.0,26911.0,1650.0,2050.0,65.0,797.0,30.0,15.06,2.69,3.36
2010/04/02,54.0,54.5,53.3,53.8,8811.0,475584.0,0.3731,2.0144,3073.0,-21.0,-1801.0,289.0,-1533.0,27807.0,2923.0,2016.0,109.0,701.0,17.0,15.11,2.7,3.35
2010/04/06,54.4,54.4,53.2,53.2,4463.0,239819.0,-1.1152,1.0203,1758.0,113.0,70.0,109.0,292.0,27748.0,1485.0,1544.0,159.0,545.0,3.0,14.94,2.67,3.38
2010/04/07,54.5,54.8,53.8,53.9,18908.0,1026409.0,1.3158,4.3228,5995.0,1056.0,-7411.0,-165.0,-6520.0,31743.0,6274.0,2269.0,161.0,386.0,9.0,15.14,2.7,3.34
2010/04/08,54.0,54.0,52.7,52.7,8131.0,432340.0,-2.2263,1.8589,3431.0,-25.0,-905.0,41.0,-889.0,31098.0,1911.0,2552.0,210.0,174.0,0.0,14.8,2.64,3.42
2010/04/09,53.0,53.3,52.5,53.2,5125.0,270891.0,0.9488,1.1717,1829.0,-227.0,-1897.0,179.0,-1945.0,31835.0,1408.0,670.0,174.0,0.0,0.0,14.94,2.67,3.38
2010/04/12,53.7,53.7,52.8,52.8,3144.0,167352.0,-0.7519,0.7188,1237.0,77.0,-417.0,-31.0,-371.0,30759.0,0.0,1058.0,0.0,0.0,0.0,14.83,2.65,3.41
2010/04/13,52.8,52.8,51.8,52.0,4317.0,224842.0,-1.5152,0.987,1764.0,-436.0,-1608.0,64.0,-1980.0,30051.0,0.0,695.0,0.0,0.0,0.0,14.61,2.61,3.46
2010/04/14,52.1,52.3,51.2,51.8,7033.0,362843.0,-0.3846,1.6079,3056.0,-1944.0,-665.0,544.0,-2065.0,28673.0,0.0,1368.0,0.0,0.0,0.0,14.55,2.6,3.47
2010/04/15,52.1,52.5,51.7,51.9,7135.0,371108.0,0.1931,1.6312,3033.0,-1463.0,-1855.0,4.0,-3314.0,30319.0,2150.0,499.0,0.0,31.0,31.0,14.58,2.6,3.47
2010/04/16,51.9,52.5,51.7,51.8,5446.0,283228.0,-0.1927,1.2451,1977.0,-829.0,-1083.0,159.0,-1753.0,30739.0,1361.0,940.0,0.0,122.0,91.0,14.55,2.6,3.47
2010/04/19,51.1,52.4,50.7,50.7,6956.0,358465.0,-2.1236,1.5903,2714.0,-496.0,-501.0,-170.0,-1167.0,30881.0,1386.0,1239.0,8.0,430.0,316.0,14.24,2.54,3.55
2010/04/20,51.0,52.1,51.0,51.5,4501.0,232835.0,1.5779,1.029,1971.0,-611.0,-500.0,-41.0,-1152.0,31293.0,1356.0,944.0,33.0,486.0,89.0,14.47,2.58,3.5
2010/04/21,51.7,52.3,51.5,52.3,4430.0,229544.0,1.5534,1.0128,2075.0,-876.0,-200.0,126.0,-950.0,31785.0,1124.0,620.0,88.0,550.0,152.0,14.69,2.62,3.44
2010/04/22,52.3,52.9,52.0,52.2,4072.0,213351.0,-0.1912,0.931,1808.0,-198.0,-730.0,159.0,-769.0,32518.0,1454.0,709.0,62.0,517.0,29.0,14.66,2.62,3.45
2010/04/23,52.3,55.0,52.3,54.3,21815.0,1178819.0,4.023,4.9874,8179.0,328.0,206.0,139.0,673.0,34083.0,6433.0,4864.0,182.0,498.0,163.0,15.25,2.55,3.31
2010/04/26,55.0,57.4,55.0,56.1,25941.0,1454098.0,3.3149,5.9307,9019.0,203.0,-103.0,126.0,226.0,35659.0,7824.0,6237.0,130.0,573.0,205.0,11.4,2.64,3.21
2010/04/27,56.8,57.5,56.1,56.6,17679.0,1003042.0,0.8913,4.0418,6039.0,-913.0,-229.0,-305.0,-1447.0,36831.0,6470.0,5298.0,18.0,641.0,86.0,11.5,2.66,3.18
2010/04/28,55.5,58.2,55.4,57.9,23510.0,1347377.0,2.2968,5.3749,8773.0,-1253.0,216.0,982.0,-55.0,36170.0,4943.0,5589.0,81.0,924.0,364.0,11.77,2.53,3.11
2010/04/29,58.8,58.8,56.6,56.6,14823.0,848838.0,-2.2453,3.3889,5161.0,-1796.0,0.0,-209.0,-2005.0,36264.0,4108.0,4004.0,204.0,751.0,31.0,9.93,2.47,6.36
2010/04/30,57.7,57.7,53.8,54.2,12845.0,714311.0,-4.2403,2.9367,5302.0,-1677.0,-240.0,-704.0,-2621.0,35943.0,3705.0,4026.0,315.0,514.0,78.0,9.51,2.37,6.64
2010/05/03,54.6,55.0,53.8,54.7,5228.0,284636.0,0.9225,1.1952,2416.0,37.0,-465.0,-182.0,-610.0,36260.0,1421.0,1087.0,57.0,591.0,134.0,9.6,2.39,6.58
2010/05/04,55.2,55.2,52.9,53.1,11099.0,594624.0,-2.925,2.5375,3542.0,11.0,-2679.0,424.0,-2244.0,34069.0,2814.0,4834.0,87.0,663.0,159.0,9.32,2.32,6.78
2010/05/05,52.0,52.3,51.2,51.9,8945.0,464406.0,-2.2599,2.045,2904.0,841.0,-1.0,-150.0,690.0,32685.0,1300.0,2574.0,164.0,577.0,78.0,9.11,2.27,6.94
2010/05/06,51.9,52.7,51.5,51.8,5235.0,272626.0,-0.1927,1.1968,2325.0,-124.0,-170.0,193.0,-101.0,32175.0,974.0,1163.0,74.0,601.0,98.0,9.09,2.26,6.95
2010/05/07,50.0,51.9,50.0,51.9,6269.0,319446.0,0.1931,1.4332,2393.0,-256.0,-199.0,-121.0,-576.0,32016.0,1340.0,1490.0,102.0,611.0,112.0,9.11,2.27,6.94
2010/05/10,52.7,53.2,52.1,52.8,3940.0,207543.0,1.7341,0.9008,1558.0,-328.0,357.0,-65.0,-36.0,31730.0,659.0,945.0,78.0,635.0,102.0,9.26,2.31,6.82
2010/05/11,53.4,53.5,51.8,51.8,4420.0,232619.0,-1.8939,1.0105,1797.0,-174.0,-70.0,-299.0,-543.0,31120.0,1079.0,1689.0,32.0,836.0,233.0,9.09,2.26,6.95
2010/05/12,52.0,52.5,51.6,51.8,2722.0,141605.0,0.0,0.6223,1363.0,105.0,-227.0,-164.0,-286.0,30867.0,374.0,441.0,154.0,854.0,172.0,9.09,2.26,6.95
2010/05/13,52.3,52.8,52.1,52.4,2372.0,124549.0,1.1583,0.5423,1061.0,283.0,0.0,-188.0,95.0,30931.0,542.0,462.0,103.0,752.0,6.0,9.19,2.29,6.87
2010/05/14,52.0,53.2,51.9,53.0,2471.0,130516.0,1.145,0.5649,1049.0,66.0,397.0,-475.0,-12.0,30791.0,558.0,678.0,40.0,738.0,26.0,9.3,2.31,6.79
2010/05/17,52.5,52.5,51.6,51.7,2390.0,124196.0,-2.4528,0.5464,1173.0,-35.0,-192.0,-64.0,-291.0,30562.0,472.0,700.0,149.0,711.0,122.0,9.07,2.26,6.96
2010/05/18,52.0,52.3,50.3,50.8,4617.0,235264.0,-1.7408,1.0556,1954.0,8.0,-707.0,84.0,-615.0,30951.0,1007.0,616.0,100.0,819.0,208.0,8.91,2.22,7.09
2010/05/19,50.1,51.8,50.1,51.5,3040.0,155399.0,1.378,0.695,1568.0,201.0,0.0,92.0,293.0,30921.0,612.0,642.0,32.0,986.0,199.0,9.04,2.25,6.99
2010/05/20,51.5,51.9,50.5,50.6,2562.0,131232.0,-1.7476,0.5857,1383.0,75.0,-33.0,5.0,47.0,30557.0,368.0,702.0,65.0,1012.0,94.0,8.88,2.21,7.11
2010/05/21,49.0,49.4,48.2,48.9,4867.0,237861.0,-3.3597,1.1127,2199.0,-197.0,-67.0,102.0,-162.0,30132.0,665.0,1083.0,301.0,993.0,282.0,8.58,2.14,7.36
2010/05/24,49.8,49.95,49.0,49.8,1671.0,82929.0,1.8405,0.382,903.0,6.0,-7.0,24.0,24.0,29753.0,258.0,627.0,119.0,945.0,71.0,8.74,2.17,7.23
2010/05/25,49.0,49.25,46.5,46.8,4904.0,233707.0,-6.0241,1.1212,2487.0,-236.0,-466.0,23.0,-679.0,28834.0,699.0,1582.0,66.0,1125.0,246.0,8.21,2.04,7.69
2010/05/26,47.1,47.7,45.3,46.4,5510.0,254971.0,-0.8547,1.2597,2499.0,-290.0,-652.0,-2.0,-944.0,29418.0,1128.0,522.0,360.0,923.0,159.0,8.14,2.03,7.76
2010/05/27,46.4,48.8,45.9,48.7,3768.0,177849.0,4.9569,0.8615,1823.0,236.0,1.0,216.0,453.0,29426.0,647.0,601.0,130.0,892.0,99.0,8.54,2.13,7.39
2010/05/28,49.5,50.1,48.8,48.8,3276.0,161752.0,0.2053,0.749,1674.0,-185.0,-1.0,-81.0,-267.0,29585.0,843.0,683.0,63.0,958.0,129.0,8.56,2.13,7.38
2010/05/31,48.85,49.3,48.2,48.45,2671.0,130078.0,-0.7172,0.6107,1068.0,-36.0,0.0,13.0,-23.0,30317.0,980.0,248.0,42.0,951.0,35.0,8.5,2.12,7.43
2010/06/01,48.4,49.1,48.4,48.4,2251.0,109743.0,-0.1032,0.5146,994.0,63.0,0.0,-9.0,54.0,30503.0,479.0,288.0,75.0,941.0,66.0,8.49,2.11,7.44
2010/06/02,48.4,48.8,47.45,47.45,2754.0,132621.0,-1.9628,0.6296,1341.0,-642.0,0.0,-135.0,-777.0,30598.0,484.0,386.0,42.0,1009.0,110.0,8.32,2.07,7.59
2010/06/03,49.0,49.0,48.2,48.75,2116.0,103084.0,2.7397,0.4838,921.0,26.0,0.0,1.0,27.0,30935.0,702.0,365.0,130.0,967.0,88.0,8.55,2.13,7.38
2010/06/04,48.9,49.5,48.5,49.45,2853.0,140267.0,1.4359,0.6523,1283.0,229.0,-250.0,8.0,-13.0,31228.0,762.0,467.0,100.0,879.0,12.0,8.68,2.16,7.28
2010/06/07,47.5,47.8,47.2,47.5,2587.0,122753.0,-3.9434,0.5914,1381.0,-557.0,0.0,-68.0,-625.0,31411.0,545.0,332.0,57.0,952.0,130.0,8.33,2.07,7.58
2010/06/08,47.5,48.25,47.5,47.8,3164.0,151394.0,0.6316,0.7234,1379.0,-165.0,-249.0,-76.0,-490.0,31457.0,468.0,401.0,65.0,923.0,36.0,8.39,2.09,7.53
2010/06/09,47.8,48.1,46.5,46.75,3126.0,147493.0,-2.1967,0.7147,1323.0,-140.0,-20.0,-811.0,-971.0,31180.0,624.0,901.0,55.0,966.0,98.0,8.2,2.04,7.7
2010/06/10,47.0,47.3,46.4,47.1,1776.0,83200.0,0.7487,0.406,1136.0,82.0,1.0,-147.0,-64.0,31274.0,530.0,335.0,158.0,856.0,48.0,8.26,2.06,7.64
2010/06/11,48.15,48.2,47.7,47.7,1490.0,71412.0,1.2739,0.3406,798.0,83.0,0.0,112.0,195.0,31301.0,328.0,298.0,107.0,757.0,8.0,8.37,2.08,7.55
2010/06/14,48.5,48.7,48.2,48.5,1546.0,74870.0,1.6771,0.3535,798.0,347.0,-1.0,3.0,349.0,31160.0,262.0,398.0,33.0,748.0,24.0,8.51,2.12,7.42
2010/06/15,48.7,48.95,48.5,48.8,1922.0,93862.0,0.6186,0.4394,942.0,28.0,0.0,61.0,89.0,31342.0,736.0,552.0,38.0,732.0,22.0,8.56,2.13,7.38
2010/06/17,49.2,49.2,48.85,49.0,1829.0,89666.0,0.4098,0.4182,987.0,-143.0,-1.0,42.0,-102.0,31160.0,376.0,558.0,44.0,699.0,11.0,8.6,2.14,7.35
2010/06/18,49.1,49.65,48.75,49.1,1911.0,94132.0,0.2041,0.4369,995.0,-308.0,-3.0,60.0,-251.0,31295.0,466.0,326.0,23.0,700.0,24.0,8.61,2.14,7.33
2010/06/21,49.8,49.8,48.95,49.3,3038.0,149745.0,0.4073,0.6946,1238.0,-810.0,-400.0,-105.0,-1315.0,31832.0,855.0,318.0,24.0,685.0,9.0,8.65,2.15,7.3
2010/06/22,49.3,49.55,49.2,49.25,1382.0,68229.0,-0.1014,0.316,703.0,-37.0,-161.0,14.0,-184.0,31829.0,334.0,317.0,9.0,687.0,11.0,8.64,2.15,7.31
2010/06/23,49.0,49.25,48.8,49.0,1849.0,90707.0,-0.5076,0.4227,791.0,186.0,-16.0,3.0,173.0,31993.0,531.0,358.0,21.0,685.0,19.0,8.6,2.14,7.35
2010/06/24,49.0,50.5,49.0,49.9,4125.0,206469.0,1.8367,0.9431,1994.0,-17.0,-166.0,12.0,-171.0,32197.0,1166.0,962.0,85.0,616.0,19.0,8.75,2.18,7.21
2010/06/25,49.6,49.6,49.05,49.1,1439.0,70986.0,-1.6032,0.329,814.0,-95.0,-9.0,0.0,-104.0,32259.0,389.0,320.0,35.0,590.0,9.0,8.61,2.14,7.33
2010/06/28,49.2,49.75,49.1,49.35,1893.0,93634.0,0.5092,0.4328,722.0,-289.0,-52.0,71.0,-270.0,32085.0,200.0,375.0,27.0,590.0,27.0,8.66,2.16,7.29
2010/06/29,49.6,49.85,49.15,49.3,1736.0,86016.0,-0.1013,0.3969,768.0,-128.0,1.0,-32.0,-159.0,31835.0,206.0,454.0,2.0,601.0,13.0,8.65,2.15,7.3
2010/06/30,48.3,48.5,47.4,47.9,5062.0,241727.0,-2.8398,1.1573,1934.0,-482.0,0.0,52.0,-430.0,31183.0,750.0,1402.0,35.0,686.0,176.0,8.4,2.09,7.52
2010/07/01,47.9,48.2,47.35,48.1,2211.0,105621.0,0.4175,0.5055,895.0,-163.0,-200.0,0.0,-363.0,31103.0,148.0,219.0,39.0,708.0,61.0,8.44,2.1,7.48
2010/07/02,48.2,48.6,48.1,48.55,1648.0,79925.0,0.9356,0.3768,698.0,-179.0,0.0,32.0,-147.0,30994.0,256.0,349.0,49.0,752.0,96.0,8.52,2.12,7.42
2010/07/05,48.9,49.4,48.6,49.05,1756.0,85874.0,1.0299,0.4015,845.0,-159.0,0.0,95.0,-64.0,31108.0,342.0,223.0,92.0,737.0,77.0,8.61,2.14,7.34
2010/07/06,49.05,50.0,48.95,49.7,3500.0,173429.0,1.3252,0.8002,1205.0,726.0,-200.0,78.0,604.0,31326.0,696.0,478.0,66.0,738.0,67.0,8.72,2.17,7.24
2010/07/07,50.3,51.7,50.1,50.6,6864.0,351184.0,1.8109,1.5693,3072.0,819.0,-82.0,534.0,1271.0,31171.0,1069.0,1197.0,32.0,723.0,17.0,8.88,2.21,7.11
2010/07/08,51.6,52.0,51.2,51.8,5811.0,300447.0,2.3715,1.3285,2385.0,919.0,-394.0,-605.0,-80.0,30821.0,551.0,899.0,22.0,724.0,23.0,9.09,2.26,6.95
2010/07/09,52.0,52.2,51.5,51.6,2593.0,134350.0,-0.3861,0.5928,1064.0,357.0,0.0,49.0,406.0,30141.0,398.0,1073.0,204.0,520.0,0.0,9.05,2.25,6.98
2010/07/12,52.4,52.4,51.7,51.9,2197.0,114337.0,0.5814,0.5023,965.0,117.0,-429.0,80.0,-233.0,30200.0,417.0,357.0,28.0,474.0,21.0,9.11,2.27,6.94
2010/07/13,52.0,52.2,51.0,51.5,2311.0,119119.0,-0.7707,0.5283,883.0,-262.0,0.0,7.0,-255.0,30305.0,604.0,499.0,131.0,350.0,7.0,9.04,2.25,6.99
2010/07/14,52.2,53.0,52.1,52.4,7252.0,381125.0,1.7476,1.658,2387.0,-271.0,210.0,40.0,-21.0,30947.0,1621.0,967.0,17.0,335.0,2.0,9.19,2.29,6.87
2010/07/15,52.4,52.5,51.4,51.7,3713.0,192869.0,-1.3359,0.8489,1482.0,6.0,-1288.0,-11.0,-1293.0,30885.0,600.0,662.0,73.0,264.0,2.0,9.07,2.26,6.96
2010/07/16,52.0,52.5,51.8,52.3,3512.0,183252.0,1.1605,0.8029,1507.0,-123.0,317.0,-281.0,-87.0,30853.0,822.0,840.0,32.0,236.0,4.0,9.18,2.28,6.88
2010/07/19,52.2,52.5,51.7,52.4,2114.0,110465.0,0.1912,0.4833,930.0,-505.0,-8.0,183.0,-330.0,30979.0,476.0,350.0,44.0,190.0,0.0,9.19,2.29,6.87
2010/07/20,52.5,53.8,52.1,53.5,5851.0,310581.0,2.0992,1.3377,2347.0,-669.0,27.0,12.0,-630.0,30528.0,776.0,1227.0,179.0,9.0,0.0,9.39,2.34,6.73
2010/07/21,53.9,54.7,53.5,53.9,6647.0,359645.0,0.7477,1.5197,2238.0,-1146.0,272.0,224.0,-650.0,29314.0,0.0,1214.0,0.0,0.0,0.0,9.46,2.35,6.68
2010/07/22,54.0,54.3,53.5,53.9,4224.0,227580.0,0.0,0.9657,1556.0,-818.0,100.0,-126.0,-844.0,28438.0,0.0,846.0,0.0,0.0,0.0,9.46,2.35,6.68
2010/07/23,54.5,54.6,53.7,54.0,10696.0,577712.0,0.1855,2.4454,3432.0,-1048.0,0.0,1537.0,489.0,26456.0,0.0,1980.0,0.0,0.0,0.0,9.47,2.36,6.67
2010/07/26,51.0,51.3,50.6,50.6,5193.0,264280.0,0.3704,1.1872,2021.0,-681.0,-131.0,-556.0,-1368.0,27640.0,1582.0,398.0,0.0,5.0,5.0,8.88,2.21,7.11
2010/07/27,51.0,51.2,50.5,50.9,2523.0,128254.0,0.5929,0.5768,1263.0,663.0,100.0,-63.0,700.0,27371.0,267.0,536.0,2.0,18.0,15.0,8.93,2.22,7.07
2010/07/28,51.0,51.2,50.7,50.7,1530.0,77917.0,-0.3929,0.3498,777.0,-10.0,0.0,-40.0,-50.0,27286.0,319.0,400.0,1.0,18.0,1.0,8.89,2.21,7.1
2010/07/29,50.7,51.0,50.1,50.2,2209.0,111109.0,-0.9862,0.505,1083.0,158.0,-566.0,-99.0,-507.0,27486.0,558.0,357.0,1.0,37.0,20.0,8.81,2.19,7.17
2010/07/30,50.1,50.1,48.9,49.2,4555.0,224920.0,-1.992,1.0414,1970.0,243.0,-669.0,-118.0,-544.0,27682.0,852.0,655.0,7.0,47.0,18.0,8.63,2.15,7.32
2010/08/02,49.2,50.5,49.1,49.95,3658.0,182554.0,1.5244,0.8363,1529.0,1292.0,-238.0,54.0,1108.0,27754.0,519.0,446.0,14.0,38.0,5.0,8.76,2.18,7.21
2010/08/03,50.9,50.9,50.2,50.2,2437.0,123280.0,0.5005,0.5572,1031.0,802.0,0.0,-28.0,774.0,27609.0,344.0,484.0,4.0,36.0,2.0,8.81,2.19,7.17
2010/08/04,50.5,52.0,50.2,51.3,4508.0,231335.0,2.1912,1.0306,1733.0,313.0,-2.0,43.0,354.0,27740.0,1008.0,820.0,9.0,47.0,20.0,9.0,2.24,7.02
2010/08/05,51.9,51.9,50.2,50.2,3158.0,160790.0,-2.1442,0.722,1523.0,147.0,-1.0,6.0,152.0,27872.0,690.0,558.0,11.0,57.0,21.0,8.81,2.19,7.17
2010/08/06,50.2,51.0,50.1,51.0,1949.0,98773.0,1.5936,0.4456,941.0,241.0,-2.0,-40.0,199.0,28020.0,428.0,280.0,0.0,75.0,18.0,8.95,2.23,7.06
2010/08/09,51.5,51.5,50.8,50.8,1905.0,97214.0,-0.3922,0.4355,845.0,-13.0,0.0,63.0,50.0,27983.0,634.0,669.0,13.0,73.0,12.0,8.91,2.22,7.09
2010/08/10,51.5,52.3,50.8,50.8,6647.0,341795.0,0.0,1.5197,2454.0,-201.0,-690.0,167.0,-724.0,28082.0,1548.0,1449.0,19.0,126.0,72.0,8.91,2.22,7.09
2010/08/11,50.8,51.3,50.5,50.8,2344.0,119215.0,0.0,0.5359,1033.0,467.0,0.0,-497.0,-30.0,27994.0,347.0,435.0,31.0,120.0,25.0,8.91,2.22,7.09
2010/08/12,50.1,51.0,50.1,50.7,1992.0,100834.0,-0.1969,0.4554,807.0,-7.0,-352.0,49.0,-310.0,28090.0,368.0,271.0,14.0,160.0,54.0,8.89,2.21,7.1
2010/08/13,51.3,52.3,51.0,51.5,7053.0,364946.0,1.5779,1.6125,2790.0,-1763.0,-159.0,380.0,-1542.0,28748.0,1571.0,912.0,22.0,141.0,3.0,9.04,2.25,6.99
2010/08/16,51.5,52.4,51.5,52.1,4432.0,230241.0,1.165,1.0133,1770.0,-95.0,-430.0,-66.0,-591.0,29369.0,1648.0,1026.0,18.0,128.0,5.0,9.14,2.28,6.91
2010/08/17,52.6,52.6,51.7,51.7,4696.0,244971.0,-0.7678,1.0736,1820.0,-503.0,-679.0,138.0,-1044.0,29917.0,1556.0,1008.0,17.0,113.0,2.0,9.07,2.26,6.96
2010/08/18,52.1,52.2,51.0,51.2,4969.0,256054.0,-0.9671,1.136,1821.0,-59.0,-641.0,-77.0,-777.0,30219.0,1323.0,1021.0,2.0,115.0,4.0,8.98,2.24,7.03
2010/08/19,51.3,51.5,50.8,51.1,4151.0,212216.0,-0.1953,0.949,1506.0,206.0,-1171.0,-165.0,-1130.0,30433.0,844.0,628.0,5.0,118.0,8.0,8.96,2.23,7.05
2010/08/20,51.0,51.5,50.6,51.3,3790.0,193113.0,0.3914,0.8665,1124.0,97.0,-628.0,186.0,-345.0,30643.0,718.0,508.0,19.0,102.0,3.0,9.0,2.24,7.02
2010/08/23,51.5,51.5,50.8,50.8,2423.0,124014.0,-0.9747,0.5533,950.0,-132.0,-350.0,-1.0,-483.0,30448.0,307.0,497.0,7.0,95.0,0.0,8.91,2.22,7.09
2010/08/24,50.8,51.3,50.7,50.7,1829.0,93171.0,-0.1969,0.4176,778.0,93.0,-161.0,-140.0,-208.0,30319.0,404.0,532.0,21.0,76.0,2.0,8.89,2.21,7.1
2010/08/25,50.5,50.6,49.2,49.35,4288.0,213255.0,-2.6627,0.9791,1807.0,-263.0,-712.0,-359.0,-1334.0,30314.0,728.0,730.0,6.0,96.0,26.0,8.66,2.16,7.29
2010/08/26,49.5,49.6,49.1,49.3,2026.0,99909.0,-0.1013,0.4626,911.0,300.0,-1.0,-22.0,277.0,30185.0,257.0,384.0,18.0,139.0,61.0,8.65,2.15,7.3
2010/08/27,49.1,49.5,49.1,49.3,1348.0,66480.0,0.0,0.3078,659.0,327.0,1.0,16.0,344.0,30149.0,198.0,233.0,0.0,152.0,13.0,8.65,2.36,7.3
2010/08/30,49.8,51.0,49.8,50.1,3404.0,171681.0,1.6227,0.7772,1707.0,725.0,0.0,-131.0,594.0,30658.0,1161.0,652.0,18.0,159.0,25.0,8.25,2.4,7.19
2010/08/31,49.9,50.4,49.0,49.5,3832.0,189571.0,-1.1976,0.8709,1632.0,738.0,-427.0,-6.0,305.0,30015.0,465.0,1095.0,7.0,180.0,28.0,8.15,2.37,7.27
2010/09/01,49.5,50.2,49.5,50.0,1140.0,56984.0,1.0101,0.2591,711.0,181.0,-96.0,3.0,88.0,29690.0,220.0,189.0,33.0,162.0,15.0,8.24,2.39,7.2
2010/09/02,50.7,50.8,49.75,49.75,1529.0,76726.0,-0.5,0.3475,759.0,144.0,-36.0,-32.0,76.0,29530.0,302.0,462.0,18.0,148.0,4.0,8.2,2.38,7.24
2010/09/03,50.0,50.6,50.0,50.3,1491.0,74996.0,1.1055,0.3389,753.0,255.0,-63.0,-56.0,136.0,29396.0,241.0,375.0,7.0,149.0,8.0,8.29,2.41,7.16
2010/09/06,50.8,50.8,50.4,50.7,1891.0,95590.0,0.7952,0.4298,1097.0,151.0,-391.0,70.0,-170.0,29364.0,367.0,398.0,14.0,135.0,0.0,8.35,2.43,7.1
2010/09/07,51.0,51.4,50.5,50.5,3354.0,171077.0,-0.3945,0.7623,1463.0,-139.0,0.0,-76.0,-215.0,29099.0,701.0,964.0,4.0,141.0,10.0,8.32,2.42,7.13
2010/09/08,50.5,50.5,49.7,50.0,2299.0,114935.0,-0.9901,0.5225,1140.0,503.0,0.0,12.0,515.0,28724.0,270.0,640.0,9.0,170.0,38.0,8.24,2.39,7.2
2010/09/09,50.7,51.6,50.1,51.6,4454.0,227463.0,3.2,1.0123,1779.0,-44.0,0.0,202.0,158.0,29201.0,1388.0,910.0,11.0,160.0,2.0,8.5,2.47,6.98
2010/09/10,52.4,53.9,52.2,52.7,22827.0,1212062.0,2.1318,5.188,7725.0,-2949.0,83.0,470.0,-2397.0,35156.0,9540.0,3582.0,17.0,185.0,42.0,8.68,2.52,6.83
2010/09/13,52.9,52.9,51.8,52.4,6949.0,363322.0,-0.5693,1.5793,2746.0,-84.0,0.0,70.0,-14.0,33457.0,1391.0,3090.0,30.0,181.0,26.0,8.63,2.51,6.87
2010/09/14,52.6,52.9,52.1,52.3,3013.0,157717.0,-0.1908,0.6848,1339.0,118.0,0.0,-66.0,52.0,33114.0,711.0,1043.0,63.0,132.0,15.0,8.62,2.5,6.88
2010/09/15,52.6,53.4,51.8,52.3,8222.0,432875.0,0.0,1.8686,3046.0,-604.0,-13.0,-136.0,-753.0,32688.0,2735.0,3161.0,44.0,110.0,22.0,8.62,2.5,6.88
2010/09/16,52.3,52.7,51.4,51.6,4383.0,227654.0,-1.3384,0.9961,1785.0,147.0,-1.0,-755.0,-609.0,32254.0,1154.0,1578.0,15.0,100.0,5.0,8.5,2.47,6.98
2010/09/17,51.7,52.7,51.7,51.8,5250.0,274507.0,0.3876,1.1932,2082.0,-499.0,45.0,386.0,-68.0,31758.0,1085.0,1578.0,1.0,110.0,11.0,8.53,2.48,6.95
2010/09/20,51.9,52.4,51.7,51.7,2494.0,129501.0,-0.1931,0.5668,1061.0,-83.0,-8.0,99.0,8.0,31345.0,393.0,806.0,20.0,90.0,0.0,8.52,2.47,6.96
2010/09/21,52.1,52.7,51.8,52.1,2014.0,104871.0,0.7737,0.4577,892.0,123.0,0.0,55.0,178.0,31164.0,561.0,737.0,2.0,91.0,3.0,8.58,2.49,6.91
2010/09/23,52.4,52.6,51.8,52.0,2204.0,115020.0,-0.1919,0.5009,1082.0,295.0,0.0,356.0,651.0,31120.0,489.0,529.0,0.0,91.0,0.0,8.57,2.49,6.92
2010/09/24,52.0,52.3,51.3,51.4,2813.0,145378.0,-1.1538,0.6393,1462.0,169.0,0.0,71.0,240.0,31208.0,747.0,638.0,2.0,90.0,1.0,8.47,2.46,7.0
2010/09/27,52.3,52.3,51.3,51.3,2631.0,135943.0,-0.1946,0.598,1049.0,168.0,-1.0,-279.0,-112.0,31190.0,619.0,632.0,2.0,89.0,1.0,8.45,2.45,7.02
2010/09/28,51.5,52.1,51.4,51.9,1660.0,86025.0,1.1696,0.3773,774.0,54.0,0.0,-198.0,-144.0,31179.0,363.0,374.0,2.0,90.0,3.0,8.55,2.48,6.94
2010/09/29,52.5,52.8,52.0,52.0,4886.0,255705.0,0.1927,1.1105,1876.0,-170.0,0.0,-92.0,-262.0,31642.0,1457.0,974.0,2.0,104.0,16.0,8.57,2.49,6.92
2010/09/30,52.3,52.4,51.7,51.8,2826.0,146952.0,-0.3846,0.6413,1264.0,408.0,0.0,14.0,422.0,31024.0,292.0,907.0,0.0,104.0,0.0,8.53,2.48,6.95
2010/10/01,52.2,52.7,52.0,52.5,4104.0,215073.0,1.3514,0.9314,1760.0,1688.0,0.0,131.0,1819.0,30816.0,699.0,906.0,0.0,106.0,2.0,8.65,2.51,6.86
2010/10/04,52.8,53.2,52.0,52.0,4349.0,228851.0,-0.9524,0.987,1707.0,-242.0,0.0,-61.0,-303.0,30781.0,897.0,923.0,1.0,107.0,2.0,8.57,2.49,6.92
2010/10/05,52.0,52.1,51.1,51.5,2621.0,135088.0,-0.9615,0.5948,1157.0,-55.0,0.0,-399.0,-454.0,30273.0,372.0,879.0,12.0,98.0,3.0,8.48,2.46,6.99
2010/10/06,52.0,52.3,51.5,51.5,1550.0,80202.0,0.0,0.3518,775.0,140.0,-1.0,-87.0,52.0,30202.0,303.0,373.0,15.0,95.0,12.0,8.48,2.46,6.99
2010/10/07,52.8,53.5,52.1,52.1,9208.0,485650.0,1.165,2.0897,3268.0,-1596.0,0.0,578.0,-1018.0,31352.0,2397.0,1242.0,0.0,113.0,18.0,8.58,2.49,6.91
2010/10/08,52.5,52.6,51.7,51.7,3754.0,195446.0,-0.7678,0.8519,1440.0,-151.0,0.0,379.0,228.0,30808.0,598.0,1140.0,18.0,97.0,2.0,8.52,2.47,6.96
2010/10/11,51.8,52.1,51.5,51.5,2924.0,151091.0,-0.3868,0.6636,1263.0,374.0,0.0,-19.0,355.0,30193.0,387.0,979.0,11.0,92.0,6.0,8.48,2.46,6.99
2010/10/12,51.5,51.9,51.0,51.0,2778.0,142541.0,-0.9709,0.6304,1058.0,-123.0,-28.0,-80.0,-231.0,30094.0,350.0,446.0,7.0,95.0,10.0,8.4,2.44,7.06
2010/10/13,51.3,51.6,51.1,51.4,1510.0,77571.0,0.7843,0.3427,656.0,21.0,26.0,51.0,98.0,29906.0,204.0,358.0,1.0,110.0,16.0,8.47,2.46,7.0
2010/10/14,51.6,51.8,51.3,51.3,1714.0,88218.0,-0.1946,0.3879,798.0,16.0,1.0,60.0,77.0,29506.0,268.0,636.0,6.0,104.0,0.0,8.45,2.45,7.02
2010/10/15,51.3,51.3,50.6,50.6,2842.0,144605.0,-1.3645,0.6432,1320.0,14.0,24.0,-497.0,-459.0,29317.0,363.0,547.0,11.0,115.0,22.0,8.34,2.42,7.11
2010/10/18,50.8,50.9,50.0,50.0,2666.0,133802.0,-1.1858,0.6033,1141.0,14.0,-35.0,-126.0,-147.0,29128.0,334.0,522.0,8.0,156.0,49.0,8.24,2.39,7.2
2010/10/19,50.0,50.2,49.75,49.75,2682.0,133924.0,-0.5,0.607,1242.0,-226.0,-27.0,-34.0,-287.0,29161.0,331.0,296.0,1.0,182.0,27.0,8.2,2.38,7.24
2010/10/20,49.5,50.3,49.5,50.0,5652.0,281775.0,0.5025,1.2791,2743.0,-337.0,-547.0,78.0,-806.0,29996.0,1029.0,194.0,48.0,138.0,4.0,8.24,2.39,7.2
2010/10/21,50.0,50.5,49.65,49.8,2468.0,123454.0,-0.4,0.5585,1135.0,179.0,0.0,-116.0,63.0,30010.0,473.0,459.0,26.0,120.0,8.0,8.2,2.38,7.23
2010/10/22,50.0,50.2,49.9,50.2,1595.0,79866.0,0.8032,0.361,664.0,197.0,0.0,38.0,235.0,30003.0,291.0,298.0,5.0,120.0,5.0,8.27,2.4,7.17
2010/10/25,51.0,52.1,50.9,51.1,6944.0,357081.0,1.7928,1.5715,2911.0,-780.0,270.0,344.0,-166.0,30072.0,1974.0,1904.0,12.0,114.0,6.0,8.42,2.44,7.05
2010/10/26,51.5,51.6,51.1,51.2,1926.0,98766.0,0.1957,0.4359,851.0,270.0,0.0,59.0,329.0,30051.0,454.0,474.0,3.0,113.0,2.0,8.43,2.25,7.03
2010/10/27,51.5,51.9,51.2,51.2,3467.0,178650.0,0.0,0.7846,1500.0,-1023.0,1.0,37.0,-985.0,30326.0,1090.0,808.0,4.0,111.0,2.0,8.37,2.25,7.03
2010/10/28,51.8,51.8,51.2,51.6,2510.0,129314.0,0.7813,0.568,1050.0,-303.0,0.0,16.0,-287.0,30407.0,661.0,579.0,1.0,117.0,7.0,8.43,2.27,6.98
2010/10/29,51.8,51.8,50.8,50.9,2987.0,153115.0,-1.3566,0.6744,1191.0,-555.0,-79.0,62.0,-572.0,29935.0,559.0,583.0,8.0,110.0,1.0,8.32,2.24,7.07
2010/11/01,51.1,51.4,50.7,50.9,1843.0,94142.0,0.0,0.4161,953.0,-41.0,0.0,84.0,43.0,29966.0,428.0,395.0,6.0,105.0,1.0,8.32,2.24,7.07
2010/11/02,51.2,51.2,50.3,50.6,2308.0,116919.0,-0.5894,0.5211,1171.0,16.0,28.0,-29.0,15.0,29865.0,365.0,445.0,1.0,110.0,6.0,8.27,2.23,7.11
2010/11/03,50.6,50.9,49.8,49.95,3187.0,159824.0,-1.2846,0.7195,1394.0,-218.0,0.0,-349.0,-567.0,29642.0,593.0,792.0,6.0,134.0,30.0,8.16,2.2,7.21
2010/11/04,49.9,50.5,49.9,50.0,1985.0,99340.0,0.1001,0.4481,997.0,-384.0,0.0,-33.0,-417.0,29616.0,241.0,253.0,15.0,270.0,151.0,8.17,2.2,7.2
2010/11/05,50.5,50.5,49.75,49.95,2643.0,132310.0,-0.1,0.5967,1141.0,-478.0,-60.0,-442.0,-980.0,29452.0,383.0,540.0,13.0,279.0,22.0,8.16,2.2,7.21
2010/11/08,50.0,50.0,48.85,49.1,3816.0,188115.0,-1.7017,0.8615,1549.0,-94.0,0.0,-110.0,-204.0,28260.0,360.0,1538.0,15.0,248.0,19.0,8.02,2.16,7.33
2010/11/09,49.0,49.6,49.0,49.4,1237.0,61036.0,0.611,0.2793,662.0,-92.0,1.0,26.0,-65.0,28072.0,99.0,287.0,28.0,247.0,27.0,8.07,2.18,7.29
2010/11/10,49.6,49.9,49.25,49.6,1482.0,73460.0,0.4049,0.3346,779.0,-77.0,0.0,147.0,70.0,27909.0,101.0,124.0,9.0,364.0,126.0,8.1,2.18,7.26
2010/11/11,49.8,49.85,49.55,49.6,1727.0,85811.0,0.0,0.3899,662.0,62.0,0.0,16.0,78.0,28104.0,422.0,129.0,47.0,333.0,16.0,8.1,2.18,7.26
2010/11/12,49.2,49.4,49.15,49.15,1915.0,94244.0,-0.9073,0.4323,789.0,-71.0,-1.0,93.0,21.0,28128.0,261.0,236.0,3.0,337.0,7.0,8.03,2.16,7.32
2010/11/15,49.1,49.3,48.8,48.8,2582.0,126641.0,-0.7121,0.5829,1105.0,-514.0,0.0,4.0,-510.0,28375.0,377.0,125.0,5.0,390.0,58.0,7.97,2.15,7.38
2010/11/16,48.8,49.05,48.6,48.85,3602.0,175674.0,0.1025,0.8132,1727.0,251.0,1.0,-4.0,248.0,28211.0,245.0,369.0,15.0,381.0,6.0,7.98,2.15,7.37
2010/11/17,48.7,49.3,48.65,49.0,1236.0,60536.0,0.3071,0.279,544.0,-74.0,0.0,34.0,-40.0,28099.0,195.0,305.0,3.0,385.0,7.0,8.01,2.16,7.35
2010/11/18,49.0,49.3,48.9,48.95,1004.0,49218.0,-0.102,0.2267,479.0,26.0,0.0,14.0,40.0,28109.0,200.0,190.0,4.0,385.0,4.0,8.0,2.16,7.35
2010/11/19,49.4,49.8,49.05,49.05,2092.0,103108.0,0.2043,0.4723,947.0,-311.0,1.0,22.0,-288.0,28338.0,508.0,276.0,5.0,382.0,2.0,8.01,2.16,7.34
2010/11/22,49.45,49.5,49.05,49.1,969.0,47679.0,0.1019,0.2188,396.0,89.0,-1.0,-4.0,84.0,28199.0,95.0,234.0,36.0,349.0,3.0,8.02,2.16,7.33
2010/11/23,49.45,49.45,49.0,49.05,1906.0,93567.0,-0.1018,0.4303,929.0,-168.0,-487.0,-115.0,-770.0,28192.0,233.0,240.0,3.0,353.0,7.0,8.01,2.16,7.34
2010/11/24,49.0,49.15,48.7,48.8,1486.0,72648.0,-0.5097,0.3355,779.0,154.0,-20.0,1.0,135.0,28061.0,139.0,270.0,0.0,374.0,21.0,7.97,2.15,7.38
2010/11/25,49.0,49.0,48.8,48.8,1319.0,64511.0,0.0,0.2978,654.0,-57.0,-341.0,-58.0,-456.0,27945.0,201.0,311.0,18.0,359.0,3.0,7.97,2.15,7.38
2010/11/26,48.95,49.15,48.85,49.1,1718.0,84202.0,0.6148,0.3879,801.0,286.0,0.0,14.0,300.0,27840.0,287.0,372.0,13.0,351.0,5.0,8.02,2.16,7.33
2010/11/29,49.8,49.8,49.3,49.6,1546.0,76664.0,1.0183,0.349,686.0,9.0,0.0,113.0,122.0,28257.0,674.0,252.0,3.0,350.0,2.0,8.1,2.18,7.26
2010/11/30,49.7,50.4,49.6,50.0,3015.0,150891.0,0.8065,0.6801,1410.0,250.0,-1.0,279.0,528.0,28112.0,499.0,644.0,39.0,322.0,11.0,8.17,2.2,7.2
2010/12/01,50.5,50.6,50.1,50.4,3261.0,164310.0,0.8,0.7356,1398.0,566.0,-211.0,33.0,388.0,27893.0,421.0,627.0,2.0,335.0,15.0,8.24,2.22,7.14
2010/12/02,51.2,51.9,51.2,51.2,6742.0,347388.0,1.5873,1.5208,2712.0,373.0,-1.0,-8.0,364.0,27930.0,1630.0,1593.0,265.0,79.0,9.0,8.37,2.25,7.03
2010/12/03,51.6,51.7,50.9,50.9,2460.0,125939.0,-0.5859,0.5549,1092.0,-239.0,-1.0,-49.0,-289.0,28026.0,589.0,491.0,8.0,72.0,2.0,8.32,2.24,7.07
2010/12/06,51.0,51.6,50.8,51.2,2993.0,153291.0,0.5894,0.6751,1282.0,117.0,-485.0,59.0,-309.0,28013.0,457.0,429.0,2.0,70.0,1.0,8.37,2.25,7.03
2010/12/07,51.2,51.2,50.5,51.1,1977.0,100548.0,-0.1953,0.446,882.0,-83.0,0.0,54.0,-29.0,28156.0,432.0,285.0,9.0,62.0,1.0,8.35,2.25,7.05
2010/12/08,51.5,51.5,50.9,51.1,2736.0,139883.0,0.0,0.6172,914.0,85.0,-1.0,-10.0,74.0,28039.0,402.0,489.0,2.0,66.0,6.0,8.35,2.25,7.05
2010/12/09,51.4,51.6,50.9,51.2,3533.0,181081.0,0.1957,0.7969,1510.0,-232.0,-491.0,169.0,-554.0,28550.0,1285.0,773.0,1.0,66.0,1.0,8.37,2.25,7.03
2010/12/10,51.2,51.3,50.9,51.0,2307.0,117897.0,-0.3906,0.5204,765.0,110.0,0.0,-23.0,87.0,28421.0,206.0,335.0,0.0,67.0,1.0,8.33,2.25,7.06
2010/12/13,51.0,51.9,51.0,51.5,4624.0,238447.0,0.9804,1.043,2166.0,-403.0,-484.0,728.0,-159.0,28513.0,854.0,752.0,3.0,64.0,0.0,8.42,2.27,6.99
2010/12/14,51.8,51.9,50.9,51.0,3858.0,197704.0,-0.9709,0.8703,1526.0,523.0,-64.0,-25.0,434.0,28753.0,810.0,569.0,12.0,52.0,0.0,8.33,2.25,7.06
2010/12/15,51.4,52.2,51.3,51.5,6339.0,327328.0,0.9804,1.4299,2614.0,-108.0,-433.0,-235.0,-776.0,29161.0,1542.0,1131.0,1.0,54.0,3.0,8.42,2.27,6.99
2010/12/16,51.6,51.8,51.1,51.7,3495.0,179677.0,0.3883,0.7884,1400.0,26.0,0.0,-47.0,-21.0,28813.0,594.0,942.0,1.0,55.0,2.0,8.45,2.28,6.96
2010/12/17,51.7,51.7,51.0,51.0,4315.0,221469.0,-1.354,0.9733,1685.0,39.0,73.0,-331.0,-219.0,29148.0,836.0,501.0,2.0,59.0,6.0,8.33,2.25,7.06
2010/12/20,51.5,51.6,51.0,51.1,1847.0,94557.0,0.1961,0.4166,685.0,129.0,-2.0,-86.0,41.0,28982.0,501.0,664.0,3.0,77.0,21.0,8.35,2.25,7.05
2010/12/21,51.2,51.3,50.8,51.0,2948.0,150449.0,-0.1957,0.665,1256.0,-601.0,1.0,-46.0,-646.0,29084.0,369.0,256.0,22.0,58.0,3.0,8.33,2.25,7.06
2010/12/22,51.2,51.5,50.9,51.1,4153.0,212452.0,0.1961,0.9368,1367.0,-1122.0,-9.0,-202.0,-1333.0,29560.0,1097.0,620.0,1.0,61.0,4.0,8.35,2.25,7.05
2010/12/23,51.4,52.4,51.4,52.0,9855.0,511488.0,1.7613,2.223,3413.0,-1651.0,82.0,252.0,-1317.0,31233.0,2913.0,1206.0,4.0,59.0,2.0,8.5,2.29,6.92
2010/12/24,52.4,52.4,51.4,51.8,6551.0,339983.0,-0.3846,1.4777,2423.0,-1280.0,0.0,-205.0,-1485.0,31953.0,1534.0,814.0,8.0,52.0,1.0,8.46,2.28,6.95
2010/12/27,51.8,52.2,51.2,51.4,6379.0,329515.0,-0.7722,1.4389,1844.0,-146.0,-1.0,-68.0,-215.0,32302.0,1571.0,1222.0,1.0,51.0,0.0,8.4,2.26,7.0
2010/12/28,52.0,52.2,50.6,50.6,8328.0,427795.0,-1.5564,1.8786,2722.0,-892.0,0.0,60.0,-832.0,32567.0,1560.0,1292.0,7.0,56.0,12.0,8.27,2.23,7.11
2010/12/29,50.8,51.0,50.4,50.4,3624.0,183378.0,-0.3953,0.8175,1735.0,-447.0,0.0,-343.0,-790.0,32550.0,612.0,605.0,4.0,54.0,2.0,8.24,2.22,7.14
2010/12/30,50.4,50.9,50.2,50.2,2687.0,135511.0,-0.3968,0.6061,1124.0,-1027.0,0.0,-49.0,-1076.0,32538.0,283.0,287.0,5.0,49.0,0.0,8.2,2.21,7.17
2010/12/31,50.2,50.5,50.1,50.1,3689.0,185543.0,-0.1992,0.8319,1523.0,-781.0,0.0,-242.0,-1023.0,32415.0,313.0,380.0,5.0,45.0,1.0,8.19,2.21,7.19
2011/01/03,50.3,50.6,50.1,50.3,2078.0,104566.0,0.3992,0.4686,1057.0,258.0,-350.0,-54.0,-146.0,32482.0,362.0,294.0,1.0,49.0,5.0,8.22,2.21,7.16
2011/01/04,50.6,51.3,50.4,50.8,4255.0,216669.0,0.994,0.9596,1602.0,416.0,0.0,-5.0,411.0,32455.0,844.0,857.0,8.0,44.0,3.0,8.3,2.24,7.09
2011/01/05,50.8,50.8,49.8,49.85,5581.0,279592.0,-1.8701,1.2586,2371.0,-1444.0,-101.0,-26.0,-1571.0,32470.0,680.0,659.0,5.0,67.0,28.0,8.15,2.2,7.22
2011/01/06,50.0,50.2,49.8,49.9,1625.0,81207.0,0.1003,0.3665,716.0,198.0,0.0,-68.0,130.0,32206.0,158.0,415.0,5.0,70.0,8.0,8.15,2.2,7.21
2011/01/07,49.8,49.95,49.35,49.35,3773.0,187299.0,-1.1022,0.8509,1692.0,-663.0,-10.0,-197.0,-870.0,32095.0,567.0,677.0,5.0,247.0,182.0,8.06,2.17,7.29
2011/01/10,49.35,50.4,49.35,50.4,3774.0,188255.0,2.1277,0.8511,1714.0,734.0,-1.0,-37.0,696.0,32256.0,546.0,385.0,11.0,275.0,39.0,8.24,2.22,7.14
2011/01/11,50.5,50.9,50.2,50.5,4632.0,234261.0,0.1984,1.0446,2044.0,-49.0,0.0,42.0,-7.0,32007.0,1030.0,1272.0,97.0,181.0,3.0,8.25,2.22,7.13
2011/01/12,50.5,50.8,49.85,50.0,4902.0,245357.0,-0.9901,1.1055,2422.0,-814.0,-10.0,117.0,-707.0,32147.0,782.0,624.0,23.0,161.0,3.0,8.17,2.2,7.2
2011/01/13,50.1,50.5,49.85,50.0,2579.0,129125.0,0.0,0.5816,1121.0,-427.0,0.0,-105.0,-532.0,31966.0,313.0,480.0,1.0,163.0,3.0,8.17,2.2,7.2
2011/01/14,50.0,50.3,49.75,49.85,1809.0,90293.0,-0.3,0.408,754.0,261.0,-74.0,-54.0,133.0,31600.0,135.0,497.0,7.0,160.0,4.0,8.15,2.2,7.22
2011/01/17,50.2,50.8,50.0,50.4,3124.0,157413.0,1.1033,0.7045,1252.0,58.0,0.0,38.0,96.0,31640.0,567.0,525.0,1.0,195.0,36.0,8.24,2.22,7.14
2011/01/18,50.3,50.5,50.0,50.0,1690.0,84825.0,-0.7937,0.3811,775.0,-88.0,-280.0,6.0,-362.0,31635.0,310.0,303.0,11.0,184.0,0.0,8.17,2.2,7.2
2011/01/19,50.0,50.3,49.95,50.3,2102.0,105350.0,0.6,0.474,999.0,337.0,-1.0,-32.0,304.0,31109.0,215.0,645.0,2.0,189.0,7.0,8.22,2.21,7.16
2011/01/20,50.2,50.3,49.95,49.95,1357.0,67955.0,-0.6958,0.306,731.0,-27.0,-1.0,16.0,-12.0,30866.0,137.0,365.0,5.0,186.0,2.0,8.16,2.2,7.21
2011/01/21,49.9,49.95,49.55,49.95,2001.0,99594.0,0.0,0.4513,908.0,-214.0,228.0,-28.0,-14.0,30799.0,278.0,342.0,0.0,191.0,5.0,8.16,2.2,7.21
2011/01/24,50.2,50.3,49.75,49.75,1303.0,65008.0,-0.4004,0.2939,570.0,-30.0,11.0,-39.0,-58.0,30358.0,156.0,597.0,0.0,189.0,0.0,8.13,2.19,7.24
2011/01/25,50.0,50.0,49.6,49.65,1330.0,66142.0,-0.201,0.2999,683.0,222.0,-20.0,14.0,216.0,29655.0,80.0,349.0,9.0,182.0,2.0,8.11,2.19,7.25
2011/01/26,49.95,49.95,49.65,49.75,1154.0,57495.0,0.2014,0.2602,504.0,56.0,0.0,25.0,81.0,29469.0,240.0,393.0,5.0,178.0,1.0,8.13,2.19,7.24
2011/01/27,49.75,50.5,49.75,50.0,1824.0,91456.0,0.5025,0.4113,817.0,2.0,0.0,137.0,139.0,29655.0,583.0,384.0,0.0,178.0,0.0,8.17,2.2,7.2
2011/01/28,50.0,50.1,49.85,49.9,1858.0,92827.0,-0.2,0.4186,817.0,-239.0,0.0,-129.0,-368.0,29302.0,361.0,539.0,1.0,177.0,0.0,8.15,2.2,7.21
2011/02/08,50.1,50.3,48.9,48.9,3975.0,196136.0,-2.004,0.8955,1746.0,-1779.0,0.0,-6.0,-1785.0,29053.0,285.0,528.0,1.0,186.0,10.0,7.99,2.15,7.36
2011/02/09,48.1,49.0,48.05,48.1,5875.0,283310.0,-1.636,1.3235,2409.0,-2153.0,-107.0,-62.0,-2322.0,29251.0,539.0,335.0,121.0,343.0,278.0,7.86,2.12,7.48
2011/02/10,48.05,48.3,48.0,48.2,1971.0,94918.0,0.2079,0.444,956.0,-9.0,-88.0,-17.0,-114.0,29064.0,266.0,452.0,38.0,386.0,81.0,7.93,2.14,7.47
2011/02/11,48.2,48.2,46.9,47.1,4367.0,207627.0,-2.2822,0.9838,1841.0,-688.0,-86.0,-92.0,-866.0,28648.0,384.0,800.0,54.0,373.0,41.0,7.75,2.09,7.64
2011/02/14,47.2,47.6,46.95,47.15,2827.0,133423.0,0.1062,0.6369,1144.0,-791.0,-599.0,-29.0,-1419.0,28951.0,615.0,306.0,8.0,409.0,44.0,7.75,2.09,7.64
2011/02/15,47.15,47.6,47.0,47.4,1626.0,77069.0,0.5302,0.3663,822.0,-241.0,0.0,-23.0,-264.0,28949.0,176.0,173.0,9.0,434.0,34.0,7.8,2.1,7.59
2011/02/16,47.8,47.8,47.25,47.5,2421.0,115093.0,0.211,0.5454,1127.0,-364.0,0.0,-10.0,-374.0,29169.0,346.0,124.0,12.0,435.0,13.0,7.81,2.11,7.58
2011/02/17,47.5,47.5,46.6,46.65,4643.0,217697.0,-1.7895,1.046,2053.0,-832.0,0.0,9.0,-823.0,29314.0,712.0,563.0,5.0,441.0,11.0,7.67,2.07,7.72
2011/02/18,46.7,47.1,46.65,46.75,3086.0,144418.0,0.2144,0.6952,1241.0,-344.0,0.0,-5.0,-349.0,29562.0,429.0,174.0,13.0,436.0,8.0,7.69,2.07,7.7
2011/02/21,47.0,47.1,46.7,46.7,1717.0,80434.0,-0.107,0.3868,856.0,-624.0,0.0,-72.0,-696.0,29637.0,276.0,197.0,11.0,454.0,29.0,7.68,2.07,7.71
2011/02/22,46.5,46.6,45.6,45.6,3494.0,160357.0,-2.3555,0.7871,1651.0,-258.0,-47.0,-17.0,-322.0,29155.0,336.0,815.0,11.0,520.0,77.0,7.5,2.02,7.89
2011/02/23,45.1,45.85,45.0,45.0,2879.0,130341.0,-1.3158,0.6486,1249.0,24.0,7.0,-31.0,0.0,28767.0,289.0,650.0,48.0,529.0,57.0,7.4,2.0,8.0
2011/02/24,45.0,45.35,44.9,45.0,2553.0,115087.0,0.0,0.5751,985.0,-551.0,-256.0,-5.0,-812.0,28920.0,298.0,136.0,76.0,485.0,32.0,7.4,2.0,8.0
2011/02/25,45.1,45.25,43.8,44.9,4724.0,210114.0,-0.2222,1.0612,1984.0,-1438.0,0.0,-14.0,-1452.0,29157.0,659.0,412.0,15.0,484.0,14.0,7.38,1.99,8.02
2011/03/01,45.4,47.2,45.4,46.8,4591.0,213530.0,4.2316,1.0313,2079.0,-1620.0,0.0,76.0,-1544.0,29818.0,1331.0,670.0,34.0,471.0,21.0,7.7,2.08,7.69
2011/03/02,46.7,46.7,45.9,46.15,2246.0,103704.0,-1.3889,0.5045,1142.0,-1138.0,0.0,8.0,-1130.0,30188.0,570.0,199.0,14.0,488.0,31.0,7.59,2.05,7.8
2011/03/03,46.8,46.8,45.85,46.35,1745.0,80761.0,0.4334,0.392,878.0,-695.0,0.0,4.0,-691.0,30239.0,315.0,241.0,3.0,516.0,31.0,7.62,2.06,7.77
2011/03/04,46.35,46.6,45.75,45.75,3224.0,148464.0,-1.2945,0.7242,1414.0,-1848.0,0.0,-3.0,-1851.0,30446.0,533.0,323.0,26.0,504.0,14.0,7.52,2.03,7.87
2011/03/07,45.8,45.8,45.35,45.5,1649.0,75124.0,-0.5464,0.3704,843.0,-503.0,0.0,20.0,-483.0,30422.0,171.0,195.0,35.0,470.0,5.0,7.48,2.02,7.91
2011/03/08,45.5,46.1,45.45,45.85,1115.0,51095.0,0.7692,0.2505,617.0,-268.0,0.0,39.0,-229.0,30472.0,193.0,134.0,6.0,451.0,1.0,7.54,2.03,7.85
2011/03/09,46.4,46.55,46.1,46.3,2103.0,97504.0,0.9815,0.4724,996.0,-451.0,1.0,3.0,-447.0,30825.0,620.0,261.0,24.0,442.0,15.0,7.62,2.05,7.78
2011/03/10,46.5,46.5,45.9,46.05,1769.0,81561.0,-0.54,0.3974,774.0,-402.0,0.0,-24.0,-426.0,30934.0,321.0,208.0,0.0,448.0,6.0,7.57,2.04,7.82
2011/03/11,45.6,45.85,45.45,45.7,1388.0,63352.0,-0.76,0.3118,635.0,-441.0,1.0,-80.0,-520.0,30917.0,137.0,136.0,209.0,307.0,68.0,7.52,2.03,7.88
2011/03/14,45.5,45.5,43.7,44.25,3365.0,148773.0,-3.1729,0.7559,1692.0,-763.0,0.0,-93.0,-856.0,30762.0,451.0,604.0,37.0,331.0,61.0,7.28,1.96,8.14
2011/03/15,43.0,43.7,41.2,41.2,6952.0,289646.0,-6.8927,1.5617,2892.0,149.0,0.0,-51.0,98.0,30038.0,984.0,1668.0,92.0,449.0,210.0,6.78,1.83,8.74
2011/03/16,41.4,42.25,40.5,41.8,3731.0,154683.0,1.4563,0.8381,1691.0,305.0,0.0,26.0,331.0,29913.0,527.0,608.0,105.0,519.0,175.0,6.88,1.85,8.61
2011/03/17,41.1,42.1,40.3,41.8,2507.0,103740.0,0.0,0.5632,1055.0,-67.0,2.0,5.0,-60.0,29796.0,403.0,447.0,135.0,422.0,38.0,6.88,1.85,8.61
2011/03/18,42.0,43.5,41.9,43.05,3458.0,147528.0,2.9904,0.7768,1432.0,-470.0,-6.0,80.0,-396.0,29781.0,490.0,499.0,146.0,299.0,23.0,7.08,1.91,8.36
2011/03/21,43.9,43.9,43.0,43.05,1447.0,62683.0,0.0,0.3251,691.0,-59.0,0.0,-111.0,-170.0,29531.0,201.0,451.0,14.0,293.0,8.0,7.08,1.91,8.36
2011/03/22,43.5,43.9,43.3,43.55,1381.0,60227.0,1.1614,0.3102,704.0,100.0,0.0,-13.0,87.0,29551.0,351.0,320.0,8.0,344.0,59.0,7.16,1.93,8.27
2011/03/23,43.3,43.75,43.25,43.55,941.0,40931.0,0.0,0.2114,478.0,88.0,0.0,3.0,91.0,29588.0,91.0,51.0,37.0,317.0,10.0,7.16,1.93,8.27
2011/03/24,43.75,44.5,43.75,44.25,1454.0,64315.0,1.6073,0.3266,705.0,-8.0,0.0,126.0,118.0,29377.0,122.0,256.0,82.0,250.0,15.0,7.28,1.96,8.14
2011/03/25,44.5,44.85,44.05,44.65,2349.0,104637.0,0.904,0.5277,1183.0,568.0,0.0,43.0,611.0,29201.0,201.0,368.0,9.0,339.0,98.0,7.34,1.98,8.06
2011/03/28,45.0,45.0,44.1,44.9,2019.0,89763.0,0.5599,0.4535,846.0,551.0,0.0,-11.0,540.0,29129.0,205.0,262.0,23.0,320.0,4.0,7.38,1.99,8.02
2011/03/29,44.9,44.9,44.2,44.55,1857.0,82666.0,-0.7795,0.4172,723.0,616.0,0.0,282.0,898.0,28692.0,129.0,410.0,16.0,311.0,7.0,7.33,1.98,8.08
2011/03/30,44.55,44.7,44.2,44.2,1284.0,57016.0,-0.7856,0.2884,549.0,140.0,-7.0,101.0,234.0,28669.0,173.0,195.0,16.0,325.0,30.0,7.27,1.96,8.14
2011/03/31,44.5,44.5,43.3,43.45,2164.0,94469.0,-1.6968,0.4858,929.0,-323.0,0.0,-314.0,-637.0,28754.0,311.0,212.0,53.0,281.0,9.0,7.15,1.93,8.29
2011/04/01,43.0,43.0,42.25,42.3,3604.0,153419.0,-2.6467,0.8091,1746.0,-361.0,-72.0,19.0,-414.0,28454.0,396.0,645.0,95.0,213.0,27.0,6.96,1.88,8.51
2011/04/06,42.3,43.8,42.1,43.8,4085.0,176914.0,3.5461,0.9171,1975.0,793.0,-71.0,41.0,763.0,28193.0,333.0,579.0,57.0,173.0,17.0,7.2,1.94,8.22
2011/04/07,44.1,45.6,44.1,45.3,5377.0,242099.0,3.4247,1.2071,2492.0,1800.0,0.0,103.0,1903.0,27945.0,749.0,879.0,28.0,160.0,15.0,7.5,2.02,7.95
2011/04/08,45.6,46.5,45.2,45.55,5266.0,241292.0,0.5519,1.1822,1897.0,1146.0,0.0,101.0,1247.0,27580.0,820.0,1185.0,18.0,142.0,0.0,7.54,2.03,7.9
2011/04/11,45.9,45.9,44.9,45.15,2194.0,99226.0,-0.8782,0.4925,830.0,-343.0,1.0,31.0,-311.0,27460.0,414.0,301.0,142.0,0.0,0.0,7.48,2.02,7.97
2011/04/12,45.0,45.0,44.1,44.35,1787.0,79231.0,-1.7719,0.4012,829.0,-34.0,0.0,2.0,-32.0,27262.0,0.0,194.0,0.0,0.0,0.0,7.34,1.98,8.12
2011/04/13,44.35,44.5,44.05,44.5,686.0,30423.0,0.3382,0.154,438.0,147.0,0.0,-20.0,127.0,27162.0,0.0,100.0,0.0,0.0,0.0,7.37,1.99,8.09
2011/04/14,44.7,45.4,44.35,45.15,2643.0,119194.0,1.4607,0.5933,943.0,-272.0,918.0,-10.0,636.0,26972.0,0.0,169.0,0.0,0.0,0.0,7.48,2.02,7.97
2011/04/15,45.5,45.6,44.85,44.95,2366.0,107295.0,-0.443,0.5311,858.0,-356.0,88.0,4.0,-264.0,27456.0,752.0,266.0,0.0,22.0,22.0,7.44,2.01,8.01
2011/04/18,44.8,44.8,44.05,44.1,1682.0,74575.0,-1.891,0.3776,764.0,-398.0,14.0,-11.0,-395.0,27362.0,185.0,279.0,0.0,36.0,14.0,7.3,1.97,8.16
2011/04/19,43.0,43.7,43.0,43.5,1706.0,74058.0,-1.3605,0.383,863.0,-141.0,0.0,15.0,-126.0,27357.0,216.0,216.0,4.0,138.0,106.0,7.2,1.92,6.9
2011/04/20,44.0,44.2,43.6,44.0,2373.0,104138.0,1.1494,0.5327,1095.0,-853.0,0.0,17.0,-836.0,27515.0,508.0,339.0,74.0,75.0,11.0,8.26,1.95,6.82
2011/04/21,44.2,44.35,43.45,43.6,2443.0,107256.0,-0.9091,0.5484,1091.0,-789.0,0.0,-169.0,-958.0,27855.0,587.0,247.0,3.0,79.0,7.0,8.18,1.93,6.88
2011/04/22,43.8,43.95,43.3,43.55,1600.0,69786.0,-0.1147,0.3592,768.0,-441.0,0.0,1.0,-440.0,27763.0,264.0,310.0,2.0,87.0,10.0,8.17,1.93,6.89
2011/04/25,43.55,43.55,42.85,43.1,2057.0,88677.0,-1.0333,0.4618,869.0,-495.0,0.0,15.0,-480.0,27635.0,261.0,369.0,17.0,109.0,39.0,8.09,1.91,6.96
2011/04/26,43.1,43.8,43.0,43.8,1355.0,58940.0,1.6241,0.3042,734.0,-151.0,0.0,-9.0,-160.0,27638.0,172.0,142.0,15.0,153.0,59.0,8.22,1.94,6.85
2011/04/27,44.0,44.15,43.8,43.8,2104.0,92537.0,0.0,0.4723,1004.0,-249.0,49.0,56.0,-144.0,27580.0,195.0,221.0,0.0,249.0,96.0,8.22,1.94,6.85
2011/04/28,44.3,44.3,43.8,43.9,1896.0,83387.0,0.2283,0.4256,858.0,-243.0,0.0,23.0,-220.0,27472.0,57.0,159.0,2.0,319.0,72.0,8.24,1.94,6.83
2011/04/29,44.3,44.3,43.05,43.1,2029.0,88159.0,-1.8223,0.4555,964.0,-299.0,0.0,20.0,-279.0,27390.0,167.0,222.0,13.0,361.0,55.0,8.09,1.86,6.96
2011/05/03,40.1,40.1,40.1,40.1,3059.0,122700.0,-6.9606,0.6867,1296.0,117.0,340.0,-10.0,447.0,26896.0,320.0,777.0,5.0,674.0,318.0,8.99,1.73,7.48
2011/05/04,38.5,39.25,38.1,39.25,8609.0,332782.0,-2.1197,1.9325,3567.0,-149.0,0.0,1.0,-148.0,26596.0,943.0,1192.0,377.0,384.0,87.0,8.8,1.7,7.64
2011/05/05,39.1,39.6,38.8,39.1,3579.0,140285.0,-0.3822,0.8034,1566.0,161.0,0.0,-59.0,102.0,26501.0,547.0,605.0,112.0,305.0,33.0,8.77,1.69,7.67
2011/05/06,39.2,39.55,38.8,39.5,2009.0,79046.0,1.023,0.451,882.0,169.0,0.0,4.0,173.0,26178.0,247.0,360.0,53.0,320.0,68.0,8.86,1.71,7.59
2011/05/09,39.0,39.1,38.55,38.6,3844.0,149334.0,-2.2785,0.8629,1596.0,300.0,460.0,-13.0,747.0,25631.0,414.0,941.0,18.0,411.0,109.0,8.65,1.67,7.77
2011/05/10,38.6,39.0,38.6,38.65,1277.0,49580.0,0.1295,0.2867,644.0,83.0,0.0,-21.0,62.0,25511.0,212.0,325.0,16.0,401.0,7.0,8.67,1.67,7.76
2011/05/11,38.8,38.95,38.55,38.6,1434.0,55518.0,-0.1294,0.3219,622.0,66.0,0.0,18.0,84.0,25232.0,153.0,401.0,26.0,392.0,17.0,8.65,1.67,7.77
2011/05/12,38.7,38.8,38.55,38.7,772.0,29915.0,0.2591,0.1733,404.0,12.0,1.0,-27.0,-14.0,25256.0,126.0,102.0,41.0,355.0,4.0,8.68,1.67,7.75
2011/05/13,38.7,39.15,38.7,38.9,1138.0,44338.0,0.5168,0.2555,620.0,-134.0,-2.0,-9.0,-145.0,25203.0,103.0,141.0,20.0,336.0,1.0,8.72,1.68,7.71
2011/05/16,38.9,39.0,38.7,38.7,702.0,27240.0,-0.5141,0.1576,416.0,-57.0,1.0,0.0,-56.0,25133.0,26.0,96.0,66.0,340.0,70.0,8.68,1.67,7.75
2011/05/17,38.7,38.7,38.15,38.2,1317.0,50437.0,-1.292,0.2956,738.0,-144.0,0.0,0.0,-144.0,25119.0,123.0,135.0,8.0,378.0,46.0,8.57,1.65,7.85
2011/05/18,38.0,38.65,38.0,38.1,1887.0,71894.0,-0.2618,0.4236,965.0,-318.0,0.0,-16.0,-334.0,25103.0,133.0,126.0,5.0,403.0,30.0,8.54,1.65,7.87
2011/05/19,38.1,38.3,35.45,35.8,7793.0,282363.0,-6.0367,1.7493,3224.0,-106.0,0.0,-37.0,-143.0,25343.0,1023.0,733.0,22.0,1001.0,620.0,8.03,1.55,8.38
2011/05/20,35.8,35.8,35.05,35.5,4538.0,160903.0,-0.838,1.0187,1762.0,-1134.0,0.0,-2.0,-1136.0,24797.0,398.0,799.0,349.0,739.0,87.0,7.96,1.53,8.45
2011/05/23,35.1,35.35,35.0,35.3,1590.0,55976.0,-0.5634,0.3569,658.0,-394.0,0.0,0.0,-394.0,24774.0,356.0,329.0,188.0,581.0,30.0,7.91,1.52,8.5
2011/05/24,35.1,36.15,35.1,36.0,1601.0,57051.0,1.983,0.3594,810.0,-119.0,0.0,-53.0,-172.0,24637.0,164.0,268.0,86.0,524.0,29.0,8.07,1.56,8.33
2011/05/25,35.8,35.9,35.65,35.75,1268.0,45328.0,-0.6944,0.2846,621.0,-325.0,0.0,-2.0,-327.0,24613.0,94.0,106.0,12.0,543.0,31.0,8.02,1.54,8.39
2011/05/26,36.2,36.4,36.0,36.15,1141.0,41181.0,1.1189,0.2561,666.0,-339.0,0.0,1.0,-338.0,24635.0,213.0,142.0,109.0,465.0,31.0,8.11,1.56,8.3
2011/05/27,36.15,36.65,36.15,36.4,1311.0,47836.0,0.6916,0.2943,715.0,-366.0,0.0,-10.0,-376.0,24559.0,211.0,281.0,119.0,349.0,3.0,8.16,1.57,8.24
2011/05/30,36.55,37.8,36.5,37.4,1739.0,64945.0,2.7473,0.3904,1103.0,-264.0,0.0,-31.0,-295.0,24592.0,325.0,281.0,10.0,348.0,9.0,8.39,1.62,8.02
2011/05/31,37.65,37.75,37.45,37.65,1452.0,54621.0,0.6684,0.3259,750.0,-197.0,0.0,1.0,-197.0,24346.0,156.0,386.0,107.0,245.0,4.0,8.44,1.63,7.97
2011/06/01,37.8,38.3,37.7,38.2,1626.0,61886.0,1.4608,0.365,882.0,49.0,0.0,-6.0,43.0,24363.0,323.0,306.0,17.0,239.0,11.0,8.57,1.65,7.85
2011/06/02,38.0,38.0,37.55,37.75,1290.0,48705.0,-1.178,0.2896,736.0,17.0,0.0,11.0,28.0,24235.0,110.0,234.0,8.0,245.0,14.0,8.46,1.63,7.95
2011/06/03,37.75,38.4,37.75,38.2,1280.0,48922.0,1.1921,0.2873,700.0,-42.0,0.0,49.0,7.0,24079.0,146.0,282.0,22.0,238.0,15.0,8.57,1.65,7.85
2011/06/07,38.4,38.85,38.25,38.85,1445.0,55682.0,1.7016,0.3244,769.0,-40.0,0.0,-25.0,-65.0,24021.0,212.0,265.0,34.0,206.0,2.0,8.71,1.68,7.72
2011/06/08,38.85,38.95,38.35,38.45,1636.0,63164.0,-1.0296,0.3672,835.0,-15.0,0.0,-132.0,-147.0,23888.0,110.0,229.0,2.0,215.0,11.0,8.62,1.66,7.8
2011/06/09,38.55,39.0,38.55,38.8,1901.0,73739.0,0.9103,0.4267,900.0,83.0,0.0,-154.0,-71.0,23732.0,267.0,418.0,24.0,201.0,10.0,8.7,1.68,7.73
2011/06/10,38.9,39.0,38.1,38.1,1137.0,43745.0,-1.8041,0.2552,677.0,-194.0,0.0,0.0,-194.0,23552.0,142.0,307.0,4.0,245.0,48.0,8.54,1.65,7.87
2011/06/13,37.9,38.0,37.5,37.6,881.0,33190.0,-1.3123,0.1978,477.0,-59.0,0.0,-13.0,-72.0,23468.0,52.0,136.0,5.0,253.0,13.0,8.43,1.62,7.98
2011/06/14,37.6,37.85,37.55,37.55,772.0,29126.0,-0.133,0.1733,429.0,-89.0,1.0,-27.0,-115.0,23388.0,68.0,67.0,23.0,270.0,40.0,8.42,1.62,7.99
2011/06/15,37.7,38.2,37.55,38.05,927.0,35094.0,1.3316,0.2081,496.0,322.0,24.0,-83.0,263.0,23345.0,52.0,95.0,1.0,291.0,22.0,8.53,1.64,7.88
2011/06/16,37.5,37.6,37.05,37.05,899.0,33519.0,-2.6281,0.2018,515.0,-110.0,-154.0,-10.0,-274.0,23356.0,73.0,60.0,11.0,324.0,44.0,8.31,1.6,8.1
2011/06/17,37.05,38.95,37.05,38.85,3018.0,115021.0,4.8583,0.6775,1164.0,1919.0,-916.0,-18.0,986.0,23193.0,91.0,253.0,29.0,367.0,72.0,8.71,1.68,7.72
2011/06/20,38.85,39.8,38.5,38.5,3083.0,120228.0,-0.9009,0.6921,1589.0,-76.0,-57.0,-9.0,-142.0,23354.0,587.0,422.0,82.0,318.0,33.0,8.63,1.66,7.79
2011/06/21,38.6,39.0,38.1,38.65,1265.0,48806.0,0.3896,0.284,534.0,152.0,1.0,-59.0,94.0,23089.0,104.0,369.0,39.0,300.0,21.0,8.67,1.67,7.76
2011/06/22,39.0,39.15,38.75,38.9,1005.0,39144.0,0.6468,0.2256,622.0,215.0,1.0,-7.0,209.0,23074.0,128.0,139.0,9.0,292.0,1.0,8.72,1.68,7.71
2011/06/23,39.0,39.0,38.5,38.9,694.0,26912.0,0.0,0.1558,421.0,357.0,0.0,-1.0,356.0,23038.0,35.0,64.0,11.0,285.0,5.0,8.72,1.68,7.71
2011/06/24,39.2,39.45,38.8,39.35,1554.0,60806.0,1.1568,0.3488,985.0,991.0,1.0,2.0,994.0,22970.0,84.0,151.0,10.0,277.0,2.0,8.82,1.7,7.62
2011/06/27,38.95,39.3,38.6,39.2,703.0,27464.0,-0.3812,0.1578,428.0,338.0,0.0,-36.0,302.0,22855.0,62.0,176.0,0.0,277.0,0.0,8.79,1.69,7.65
2011/06/28,39.5,39.5,38.9,39.0,1099.0,42966.0,-0.5102,0.2467,474.0,487.0,-2.0,-1.0,484.0,22288.0,68.0,563.0,12.0,265.0,0.0,8.74,1.68,7.69
2011/06/29,39.35,39.35,39.0,39.2,924.0,36162.0,0.5128,0.2074,551.0,238.0,3.0,14.0,255.0,22299.0,118.0,107.0,0.0,265.0,0.0,8.79,1.69,7.65
2011/06/30,39.2,39.6,39.2,39.6,1430.0,56381.0,1.0204,0.321,774.0,379.0,1.0,3.0,383.0,22246.0,180.0,232.0,1.0,269.0,5.0,8.88,1.71,7.58
2011/07/01,39.9,40.9,39.7,40.55,3158.0,127244.0,2.399,0.7089,1530.0,913.0,83.0,15.0,1011.0,22264.0,449.0,431.0,55.0,239.0,25.0,9.09,1.75,7.4
2011/07/04,40.7,40.8,40.1,40.15,1076.0,43403.0,-0.9864,0.2415,584.0,-114.0,0.0,15.0,-99.0,22331.0,187.0,120.0,32.0,207.0,0.0,9.0,1.73,7.47
2011/07/05,40.0,40.1,39.65,39.75,871.0,34704.0,-0.9963,0.1955,429.0,-18.0,0.0,-7.0,-25.0,22275.0,85.0,138.0,0.0,207.0,0.0,8.91,1.72,7.55
2011/07/06,39.75,40.45,39.75,40.1,827.0,33160.0,0.8805,0.1856,474.0,148.0,-1.0,-25.0,122.0,22282.0,149.0,132.0,0.0,208.0,1.0,8.99,1.73,7.48
2011/07/07,39.8,39.8,39.5,39.6,1012.0,40092.0,-1.2469,0.2272,528.0,260.0,0.0,-7.0,253.0,22178.0,55.0,159.0,3.0,205.0,0.0,8.88,1.71,7.58
2011/07/08,39.7,40.0,39.1,39.3,906.0,35769.0,-0.7576,0.2034,355.0,20.0,-1.0,1.0,20.0,22072.0,171.0,276.0,5.0,221.0,21.0,8.81,1.7,7.63
2011/07/11,38.9,39.0,38.35,38.6,914.0,35300.0,-1.7812,0.2052,459.0,50.0,0.0,-11.0,39.0,21970.0,66.0,161.0,3.0,218.0,0.0,8.65,1.67,7.77
2011/07/12,38.0,38.6,37.8,38.3,815.0,31082.0,-0.7772,0.1829,476.0,319.0,1.0,-8.0,312.0,21799.0,28.0,111.0,44.0,174.0,0.0,8.59,1.65,7.83
2011/07/13,37.7,38.1,37.7,37.9,870.0,33039.0,-1.0444,0.1953,424.0,42.0,71.0,-20.0,93.0,21719.0,57.0,133.0,11.0,163.0,0.0,8.5,1.64,7.92
2011/07/14,37.9,38.3,37.05,37.75,776.0,29156.0,-0.3958,0.1742,428.0,-7.0,14.0,-8.0,-1.0,21549.0,35.0,198.0,23.0,166.0,26.0,8.46,1.63,7.95
2011/07/15,37.75,38.5,37.75,38.5,702.0,26836.0,1.9868,0.1576,403.0,115.0,2.0,37.0,154.0,21450.0,11.0,110.0,18.0,160.0,12.0,8.63,1.66,7.79
2011/07/18,38.5,38.5,37.7,37.8,512.0,19470.0,-1.8182,0.1149,303.0,35.0,0.0,-7.0,28.0,21345.0,65.0,158.0,5.0,155.0,0.0,8.48,1.63,7.94
2011/07/19,37.8,38.0,37.5,37.7,513.0,19372.0,-0.2646,0.1152,255.0,22.0,1.0,0.0,23.0,21314.0,85.0,95.0,0.0,157.0,2.0,8.45,1.63,7.96
2011/07/20,37.85,38.2,37.8,38.0,556.0,21131.0,0.7958,0.1248,287.0,136.0,1.0,-21.0,116.0,21217.0,61.0,126.0,2.0,155.0,0.0,8.52,1.64,7.89
2011/07/21,38.5,38.5,38.0,38.4,570.0,21828.0,1.0526,0.128,302.0,88.0,1.0,71.0,160.0,21134.0,70.0,113.0,0.0,167.0,12.0,8.61,1.66,7.81
2011/07/22,38.6,38.6,38.25,38.25,687.0,26397.0,-0.3906,0.1542,385.0,81.0,-2.0,2.0,81.0,21052.0,119.0,198.0,12.0,156.0,1.0,8.58,1.65,7.84
2011/07/25,38.0,38.0,37.65,37.65,632.0,23884.0,-1.5686,0.1419,309.0,9.0,-1.0,-1.0,7.0,20956.0,52.0,93.0,0.0,156.0,0.0,8.44,1.63,7.97
2011/07/26,37.9,38.2,37.85,37.95,801.0,30468.0,0.7968,0.1798,356.0,28.0,0.0,0.0,28.0,20930.0,95.0,113.0,0.0,159.0,3.0,8.51,1.64,7.91
2011/07/27,37.95,38.7,37.85,38.7,1498.0,57223.0,1.9763,0.3363,641.0,542.0,-2.0,12.0,552.0,20803.0,139.0,232.0,17.0,168.0,26.0,8.68,1.67,7.75
2011/07/28,38.7,39.6,38.2,39.45,2148.0,83863.0,1.938,0.4822,1134.0,1303.0,-1.0,-7.0,1295.0,20629.0,135.0,309.0,18.0,166.0,16.0,8.85,1.7,7.6
2011/07/29,39.8,40.4,39.5,39.7,3456.0,137843.0,0.6337,0.7758,1501.0,584.0,0.0,139.0,723.0,20993.0,698.0,318.0,16.0,224.0,74.0,8.9,1.71,7.56
2011/08/01,40.4,41.2,40.25,41.1,5925.0,242212.0,3.5264,1.33,2545.0,1021.0,1.0,29.0,1051.0,21328.0,1036.0,674.0,88.0,174.0,38.0,9.22,1.78,7.3
2011/08/02,41.1,41.1,40.5,40.95,2827.0,115464.0,-0.365,0.6346,1296.0,931.0,-544.0,-155.0,232.0,21233.0,276.0,371.0,15.0,159.0,0.0,9.18,1.77,7.33
2011/08/03,40.15,40.65,39.7,40.0,2790.0,111840.0,-2.3199,0.6263,1395.0,971.0,3.0,4.0,978.0,21116.0,298.0,414.0,29.0,130.0,0.0,8.97,1.73,7.5
2011/08/04,40.45,40.45,39.1,39.25,1712.0,68079.0,-1.875,0.3843,971.0,335.0,6.0,2.0,343.0,21067.0,224.0,271.0,10.0,121.0,1.0,8.8,1.7,7.64
2011/08/05,36.65,37.5,36.55,36.55,4189.0,153921.0,-6.879,0.9403,1676.0,88.0,4.0,-18.0,74.0,20527.0,423.0,961.0,40.0,81.0,0.0,8.2,1.58,8.21
2011/08/08,35.8,36.0,34.0,34.1,3884.0,134504.0,-6.7031,0.8719,1832.0,32.0,-54.0,-12.0,-34.0,19673.0,490.0,1252.0,44.0,37.0,0.0,7.65,1.47,8.8
2011/08/09,31.75,33.5,31.75,32.6,4371.0,140380.0,-4.3988,0.9812,1497.0,-10.0,7.0,-6.0,-9.0,18578.0,734.0,1720.0,18.0,19.0,0.0,7.31,1.41,9.2
2011/08/10,33.5,34.35,33.45,34.35,3338.0,113086.0,5.3681,0.7493,1394.0,-513.0,-592.0,-6.0,-1111.0,18792.0,530.0,299.0,0.0,261.0,242.0,7.7,1.48,8.73
2011/08/11,32.8,33.5,32.5,33.5,2536.0,83615.0,-2.4745,0.5693,1207.0,-691.0,-695.0,0.0,-1386.0,18890.0,340.0,191.0,167.0,94.0,0.0,7.51,1.45,8.96
2011/08/12,33.9,34.2,33.5,33.5,2037.0,68829.0,0.0,0.4572,971.0,-609.0,0.0,-15.0,-624.0,18549.0,318.0,651.0,0.0,143.0,49.0,7.51,1.45,8.96
2011/08/15,33.95,34.1,33.7,34.05,951.0,32307.0,1.6418,0.2135,546.0,-6.0,-69.0,2.0,-73.0,18406.0,91.0,234.0,3.0,150.0,10.0,7.63,1.47,8.81
2011/08/16,34.35,34.55,34.05,34.55,1383.0,47425.0,1.4684,0.3104,756.0,-277.0,1.0,0.0,-276.0,18324.0,161.0,242.0,0.0,155.0,5.0,7.75,1.49,8.68
2011/08/17,34.5,34.55,34.05,34.35,919.0,31482.0,-0.5789,0.2063,504.0,-306.0,1.0,1.0,-304.0,18294.0,102.0,127.0,0.0,155.0,0.0,7.7,1.48,8.73
2011/08/18,34.1,34.1,33.4,33.65,1351.0,45460.0,-2.0378,0.3033,693.0,-551.0,1.0,-3.0,-553.0,18302.0,168.0,146.0,10.0,140.0,0.0,7.54,1.45,8.92
2011/08/19,31.65,32.3,31.65,31.75,2064.0,65876.0,-5.6464,0.4633,1046.0,-268.0,1.0,6.0,-261.0,17959.0,277.0,597.0,5.0,135.0,0.0,7.12,1.37,9.45
2011/08/22,31.75,32.55,31.5,31.9,1544.0,49467.0,0.4724,0.3466,792.0,39.0,0.0,1.0,40.0,17737.0,124.0,319.0,64.0,96.0,25.0,7.15,1.38,9.4
2011/08/23,32.0,33.25,32.0,33.0,1215.0,39440.0,3.4483,0.2727,564.0,160.0,1.0,4.0,165.0,17855.0,260.0,136.0,31.0,67.0,2.0,7.4,1.43,9.09
2011/08/24,33.5,33.5,32.65,32.95,1316.0,43321.0,-0.1515,0.2954,505.0,-111.0,0.0,3.0,-108.0,17841.0,206.0,210.0,48.0,19.0,0.0,7.39,1.42,9.1
2011/08/25,33.3,33.35,32.55,32.7,1142.0,37652.0,-0.7587,0.2563,637.0,-210.0,0.0,5.0,-205.0,17796.0,153.0,197.0,19.0,0.0,0.0,7.33,1.41,9.17
2011/08/26,32.8,33.0,32.3,32.7,955.0,31167.0,0.0,0.2144,448.0,94.0,1.0,0.0,95.0,17689.0,0.0,107.0,0.0,0.0,0.0,7.33,1.61,9.17
2011/08/29,32.7,32.7,32.1,32.6,2407.0,78021.0,-0.3058,0.5403,1030.0,270.0,1.0,44.0,315.0,17459.0,0.0,224.0,0.0,0.0,0.0,10.12,1.61,9.2
2011/08/30,33.0,34.0,32.7,33.6,6844.0,229427.0,3.0675,1.5363,1908.0,74.0,0.0,584.0,658.0,16792.0,0.0,635.0,0.0,0.0,0.0,10.43,1.66,8.93
2011/08/31,30.6,30.6,29.6,30.1,4289.0,129393.0,-1.4883,0.9628,1484.0,-353.0,0.0,-73.0,-426.0,17457.0,788.0,113.0,0.0,3.0,3.0,9.35,1.49,9.97
2011/09/01,30.2,30.45,30.05,30.1,2085.0,63016.0,0.0,0.468,981.0,74.0,4.0,0.0,78.0,17507.0,323.0,264.0,0.0,92.0,89.0,9.35,1.49,9.97
2011/09/02,30.0,30.0,29.6,29.85,1399.0,41685.0,-0.8306,0.314,732.0,-1.0,-1.0,0.0,-2.0,17469.0,166.0,173.0,5.0,87.0,0.0,9.27,1.47,10.05
2011/09/05,29.2,29.45,29.0,29.35,1462.0,42692.0,-1.675,0.3282,774.0,-88.0,-1.0,-2.0,-91.0,17489.0,129.0,109.0,0.0,87.0,0.0,9.14,1.46,10.22
2011/09/06,29.0,29.1,27.75,28.3,2055.0,58064.0,-3.5775,0.4613,1127.0,26.0,0.0,-4.0,22.0,17210.0,241.0,502.0,18.0,69.0,0.0,8.82,1.4,10.6
2011/09/07,28.7,29.1,28.5,28.75,1386.0,39829.0,1.5901,0.3111,617.0,-188.0,2.0,13.0,-173.0,17289.0,167.0,82.0,12.0,68.0,11.0,8.96,1.43,10.43
2011/09/08,29.45,30.3,29.2,29.9,2203.0,65509.0,4.0,0.4945,1221.0,42.0,0.0,4.0,46.0,17509.0,576.0,330.0,5.0,524.0,461.0,9.31,1.48,10.03
2011/09/09,30.2,30.25,29.8,29.8,1831.0,54947.0,-0.3344,0.411,1019.0,880.0,0.0,5.0,885.0,16893.0,108.0,722.0,9.0,515.0,0.0,9.28,1.48,10.07
2011/09/13,29.65,29.75,29.2,29.3,994.0,29226.0,-1.6779,0.2231,588.0,263.0,-1.0,-1.0,261.0,16730.0,126.0,109.0,19.0,496.0,0.0,9.13,1.45,10.24
2011/09/14,29.6,30.0,28.6,28.7,2123.0,62053.0,-2.0478,0.4766,1125.0,270.0,1.0,-10.0,261.0,16543.0,151.0,296.0,14.0,482.0,0.0,8.94,1.42,10.45
2011/09/15,29.0,29.4,28.5,28.6,1660.0,48063.0,-0.3484,0.3726,833.0,-260.0,-9.0,0.0,-269.0,16768.0,367.0,142.0,9.0,478.0,5.0,8.91,1.42,10.49
2011/09/16,29.1,29.3,28.75,29.2,1809.0,52705.0,2.0979,0.4061,854.0,-211.0,0.0,4.0,-207.0,16646.0,342.0,455.0,0.0,492.0,14.0,9.1,1.45,10.27
2011/09/19,29.2,29.2,28.55,28.8,666.0,19181.0,-1.3699,0.1495,400.0,-195.0,1.0,0.0,-194.0,16620.0,135.0,116.0,2.0,490.0,0.0,8.97,1.43,10.42
2011/09/20,28.8,29.1,28.65,28.85,998.0,28816.0,0.1736,0.224,488.0,-364.0,0.0,0.0,-364.0,16940.0,372.0,48.0,1.0,489.0,0.0,8.99,1.43,10.4
2011/09/21,28.85,29.5,28.8,29.3,1719.0,50183.0,1.5598,0.3859,906.0,-73.0,5.0,-3.0,-71.0,16958.0,230.0,207.0,0.0,495.0,6.0,9.13,1.45,10.24
2011/09/22,29.0,29.0,28.7,28.7,962.0,27718.0,-2.0478,0.2159,478.0,-432.0,0.0,0.0,-432.0,16913.0,162.0,196.0,14.0,481.0,0.0,8.94,1.42,10.45
2011/09/23,27.9,27.9,27.1,27.8,1691.0,46452.0,-3.1359,0.3796,700.0,-704.0,0.0,-33.0,-737.0,17083.0,373.0,197.0,8.0,473.0,0.0,8.66,1.38,10.79
2011/09/26,27.8,27.8,26.0,26.9,2214.0,59362.0,-3.2374,0.497,937.0,-777.0,3.0,2.0,-772.0,17004.0,382.0,451.0,1.0,472.0,0.0,8.38,1.33,11.15
2011/09/27,27.0,27.45,26.5,26.85,1565.0,42132.0,-0.1859,0.3513,778.0,-417.0,2.0,-7.0,-423.0,16963.0,285.0,279.0,0.0,494.0,22.0,8.36,1.33,11.17
2011/09/28,26.95,27.0,26.35,26.7,1219.0,32435.0,-0.5587,0.2736,590.0,-56.0,-1.0,0.0,-57.0,16918.0,114.0,155.0,6.0,488.0,0.0,8.32,1.32,11.24
2011/09/29,26.45,26.9,26.3,26.7,931.0,24864.0,0.0,0.209,526.0,11.0,1.0,0.0,12.0,16790.0,82.0,162.0,0.0,491.0,3.0,8.32,1.32,11.24
2011/09/30,26.9,27.4,26.8,27.4,1242.0,33623.0,2.6217,0.2788,648.0,-294.0,0.0,4.0,-290.0,16650.0,152.0,191.0,0.0,502.0,11.0,8.54,1.36,10.95
2011/10/03,27.0,27.25,26.6,26.8,811.0,21813.0,-2.1898,0.182,401.0,-151.0,0.0,-2.0,-153.0,16640.0,134.0,82.0,1.0,501.0,0.0,8.35,1.33,11.19
2011/10/04,26.3,26.55,26.25,26.3,1154.0,30457.0,-1.8657,0.259,559.0,-275.0,1.0,0.0,-274.0,16546.0,120.0,203.0,18.0,473.0,0.0,8.19,1.3,11.41
2011/10/05,25.95,26.3,25.95,26.1,1004.0,26123.0,-0.7605,0.2254,523.0,-444.0,0.0,-1.0,-445.0,16565.0,83.0,63.0,5.0,474.0,6.0,8.13,1.29,11.49
2011/10/06,26.2,26.45,25.7,25.75,1294.0,33652.0,-1.341,0.2905,728.0,-267.0,0.0,0.0,-267.0,16503.0,220.0,281.0,0.0,487.0,13.0,8.02,1.28,11.65
2011/10/07,26.0,26.1,25.5,25.6,1740.0,44889.0,-0.5825,0.3906,792.0,-429.0,0.0,1.0,-428.0,16338.0,271.0,395.0,0.0,487.0,0.0,7.98,1.27,11.72
2011/10/11,26.05,26.15,25.9,26.15,1552.0,40422.0,2.1484,0.3484,683.0,-186.0,0.0,1.0,-185.0,16433.0,290.0,175.0,0.0,488.0,1.0,8.15,1.3,11.47
2011/10/12,26.15,26.3,26.0,26.0,1411.0,36857.0,-0.5736,0.3167,687.0,-516.0,0.0,1.0,-515.0,16498.0,398.0,325.0,0.0,498.0,10.0,8.1,1.29,11.54
2011/10/13,26.3,26.6,26.15,26.55,2293.0,60618.0,2.1154,0.5147,952.0,-427.0,0.0,1.0,-426.0,16668.0,647.0,445.0,127.0,371.0,0.0,8.27,1.32,11.3
2011/10/14,26.6,26.6,26.25,26.5,1088.0,28741.0,-0.1883,0.2442,543.0,108.0,29.0,0.0,137.0,16613.0,98.0,150.0,0.0,371.0,0.0,8.26,1.31,11.32
2011/10/17,27.2,27.2,26.75,27.1,1748.0,47197.0,2.2642,0.3924,728.0,23.0,0.0,0.0,23.0,16276.0,380.0,705.0,0.0,372.0,1.0,8.44,1.34,11.07
2011/10/18,26.9,26.9,26.55,26.85,837.0,22375.0,-0.9225,0.1879,382.0,64.0,10.0,-3.0,71.0,16149.0,113.0,239.0,1.0,371.0,0.0,8.36,1.33,11.17
2011/10/19,27.05,27.15,26.8,26.85,909.0,24531.0,0.0,0.204,432.0,33.0,0.0,-13.0,20.0,16090.0,158.0,203.0,0.0,377.0,6.0,8.36,1.33,11.17
2011/10/20,26.85,27.0,26.6,26.7,541.0,14526.0,-0.5587,0.1214,284.0,94.0,0.0,0.0,94.0,16007.0,25.0,102.0,118.0,259.0,0.0,8.32,1.32,11.24
2011/10/21,26.7,26.9,26.3,26.6,663.0,17535.0,-0.3745,0.1488,325.0,10.0,0.0,0.0,10.0,15875.0,100.0,229.0,0.0,259.0,0.0,8.29,1.32,11.28
2011/10/24,26.8,27.1,26.8,27.05,744.0,20061.0,1.6917,0.167,423.0,183.0,2.0,1.0,186.0,15899.0,203.0,173.0,0.0,259.0,0.0,8.43,1.34,11.09
2011/10/25,27.3,27.7,27.1,27.4,1434.0,39375.0,1.2939,0.3219,703.0,119.0,0.0,4.0,123.0,15867.0,248.0,271.0,5.0,254.0,0.0,8.54,1.36,10.95
2011/10/26,27.3,27.6,27.0,27.5,982.0,26841.0,0.365,0.2204,509.0,-28.0,0.0,4.0,-24.0,15826.0,159.0,182.0,10.0,244.0,0.0,8.57,1.36,10.91
2011/10/27,27.9,29.4,27.85,29.4,3722.0,107528.0,6.9091,0.8355,1610.0,46.0,125.0,9.0,180.0,16344.0,1182.0,662.0,0.0,269.0,25.0,9.16,1.46,10.2
2011/10/28,29.8,30.5,29.2,29.35,6703.0,200396.0,-0.1701,1.5046,2507.0,-162.0,2.0,42.0,-118.0,16150.0,1219.0,1330.0,25.0,284.0,40.0,9.14,1.46,10.22
2011/10/31,29.05,29.05,28.0,28.0,1909.0,54359.0,-4.5997,0.4285,942.0,-74.0,-1.0,-21.0,-96.0,15914.0,409.0,633.0,16.0,268.0,0.0,8.72,1.33,10.71
2011/11/01,27.0,28.45,27.0,28.15,880.0,24583.0,0.5357,0.1975,500.0,241.0,-2.0,-10.0,229.0,15804.0,108.0,217.0,15.0,254.0,2.0,11.22,1.33,10.66
2011/11/02,27.5,28.15,27.5,28.15,678.0,18880.0,0.0,0.1522,387.0,71.0,0.0,10.0,81.0,15730.0,157.0,206.0,16.0,238.0,0.0,11.22,1.33,10.66
2011/11/03,28.0,28.0,27.45,27.45,1232.0,34028.0,-2.4867,0.2765,716.0,-60.0,0.0,-24.0,-84.0,15784.0,208.0,151.0,6.0,232.0,0.0,10.94,1.3,10.93
2011/11/04,28.0,28.0,27.65,27.7,1051.0,29220.0,0.9107,0.2359,489.0,108.0,-1.0,5.0,112.0,15852.0,229.0,159.0,5.0,229.0,2.0,11.04,1.31,10.83
2011/11/07,28.0,28.2,27.75,28.15,684.0,19187.0,1.6245,0.1535,344.0,89.0,0.0,0.0,89.0,15770.0,122.0,198.0,0.0,229.0,0.0,11.22,1.33,10.66
2011/11/08,28.45,28.85,28.3,28.6,1599.0,45784.0,1.5986,0.3589,772.0,72.0,2.0,56.0,130.0,15898.0,391.0,260.0,0.0,241.0,12.0,11.39,1.35,10.49
2011/11/09,29.0,29.15,28.5,28.55,2061.0,59171.0,-0.1748,0.4626,557.0,-104.0,0.0,8.0,-96.0,15804.0,157.0,228.0,1.0,241.0,1.0,11.37,1.35,10.51
2011/11/10,27.6,28.1,27.2,27.5,1880.0,52155.0,-3.6778,0.422,698.0,-406.0,0.0,-45.0,-451.0,15693.0,162.0,273.0,15.0,226.0,0.0,10.96,1.3,10.91
2011/11/11,27.5,27.6,27.15,27.5,902.0,24765.0,0.0,0.2025,467.0,-368.0,0.0,4.0,-364.0,15548.0,113.0,128.0,0.0,226.0,0.0,10.96,1.3,10.91
2011/11/14,28.0,28.05,27.6,27.7,1052.0,29312.0,0.7273,0.2361,565.0,-248.0,11.0,3.0,-234.0,15575.0,162.0,135.0,5.0,222.0,1.0,11.04,1.31,10.83
2011/11/15,27.8,28.0,27.5,27.7,457.0,12661.0,0.0,0.1026,256.0,109.0,0.0,-5.0,104.0,15551.0,42.0,66.0,0.0,223.0,1.0,11.04,1.31,10.83
2011/11/16,27.7,27.8,27.4,27.5,833.0,22951.0,-0.722,0.187,368.0,16.0,0.0,-5.0,11.0,15405.0,52.0,163.0,2.0,221.0,0.0,10.96,1.3,10.91
2011/11/17,27.0,27.65,27.0,27.6,601.0,16515.0,0.3636,0.1349,315.0,163.0,-1.0,2.0,164.0,15368.0,31.0,68.0,0.0,222.0,1.0,11.0,1.31,10.87
2011/11/18,27.5,27.5,27.3,27.3,518.0,14221.0,-1.087,0.1163,237.0,79.0,0.0,0.0,79.0,15332.0,35.0,71.0,0.0,222.0,0.0,10.88,1.29,10.99
2011/11/21,27.3,27.3,26.05,26.45,980.0,25839.0,-3.1136,0.22,586.0,202.0,2.0,-12.0,192.0,15215.0,80.0,193.0,0.0,222.0,0.0,10.54,1.25,11.34
2011/11/22,26.35,26.35,25.7,25.7,1414.0,36614.0,-2.8355,0.3174,651.0,133.0,0.0,-1.0,132.0,14940.0,175.0,445.0,0.0,222.0,0.0,10.24,1.22,11.67
2011/11/23,25.6,25.8,24.5,24.75,1622.0,40959.0,-3.6965,0.3641,759.0,247.0,3.0,-12.0,238.0,14462.0,108.0,563.0,0.0,237.0,15.0,9.86,1.17,12.12
2011/11/24,23.95,25.1,23.85,24.7,1078.0,26363.0,-0.202,0.242,507.0,229.0,1.0,-1.0,229.0,14219.0,85.0,317.0,1.0,236.0,0.0,9.84,1.17,12.15
2011/11/25,24.7,25.4,24.05,24.35,1646.0,40186.0,-1.417,0.3695,629.0,-144.0,-119.0,-2.0,-265.0,14215.0,163.0,149.0,0.0,236.0,0.0,9.7,1.15,12.32
2011/11/28,24.6,25.35,24.6,25.0,749.0,18798.0,2.6694,0.1681,533.0,428.0,0.0,4.0,432.0,14100.0,40.0,151.0,0.0,237.0,1.0,9.96,1.18,12.0
2011/11/29,25.6,25.65,25.35,25.5,987.0,25224.0,2.0,0.2216,440.0,324.0,1.0,0.0,325.0,14104.0,72.0,68.0,0.0,248.0,11.0,10.16,1.21,11.76
2011/11/30,25.8,26.3,25.4,26.3,895.0,23057.0,3.1373,0.2005,615.0,466.0,0.0,2.0,468.0,14039.0,57.0,121.0,1.0,260.0,13.0,10.48,1.25,11.41
2011/12/01,27.0,27.2,26.6,26.7,1779.0,47894.0,1.5209,0.3986,804.0,361.0,-3.0,11.0,369.0,13917.0,264.0,370.0,11.0,254.0,5.0,10.64,1.26,11.24
2011/12/02,26.7,27.0,26.15,26.45,980.0,26048.0,-0.9363,0.2196,564.0,64.0,0.0,6.0,70.0,13956.0,129.0,90.0,2.0,252.0,0.0,10.54,1.25,11.34
2011/12/05,26.5,26.85,26.45,26.45,772.0,20551.0,0.0,0.173,387.0,174.0,-1.0,11.0,184.0,14172.0,260.0,44.0,0.0,254.0,2.0,10.54,1.25,11.34
2011/12/06,26.7,26.7,25.85,25.85,597.0,15602.0,-2.2684,0.1338,369.0,128.0,0.0,2.0,130.0,14106.0,52.0,118.0,0.0,254.0,0.0,10.3,1.22,11.61
2011/12/07,25.9,26.3,25.9,26.25,696.0,18204.0,1.5474,0.1559,457.0,415.0,1.0,13.0,429.0,14099.0,106.0,100.0,0.0,255.0,1.0,10.46,1.24,11.43
2011/12/08,26.25,26.35,25.8,25.95,530.0,13774.0,-1.1429,0.1187,371.0,161.0,0.0,9.0,170.0,14064.0,16.0,50.0,0.0,255.0,0.0,10.34,1.23,11.56
2011/12/09,25.75,26.45,25.15,26.3,851.0,22135.0,1.3487,0.1907,586.0,515.0,-14.0,-1.0,500.0,14002.0,43.0,105.0,22.0,235.0,2.0,10.48,1.25,11.41
2011/12/12,26.5,26.7,26.0,26.3,692.0,18246.0,0.0,0.155,367.0,205.0,0.0,4.0,209.0,13994.0,56.0,64.0,2.0,234.0,1.0,10.48,1.25,11.41
2011/12/13,26.0,26.3,26.0,26.0,545.0,14245.0,-1.1407,0.1221,241.0,62.0,0.0,-3.0,59.0,14000.0,24.0,18.0,1.0,253.0,20.0,10.36,1.23,11.54
2011/12/14,25.9,26.5,25.9,26.4,525.0,13811.0,1.5385,0.1176,320.0,135.0,76.0,0.0,211.0,13970.0,16.0,36.0,0.0,252.0,0.0,10.52,1.25,11.36
2011/12/15,26.3,26.35,25.9,26.2,718.0,18789.0,-0.7576,0.1609,426.0,281.0,75.0,-10.0,346.0,13952.0,29.0,47.0,0.0,252.0,0.0,10.44,1.24,11.45
2011/12/16,26.4,26.4,25.95,26.05,640.0,16701.0,-0.5725,0.1434,369.0,114.0,1.0,-10.0,105.0,13922.0,57.0,70.0,0.0,253.0,1.0,10.38,1.23,11.52
2011/12/19,26.05,26.05,25.25,25.25,1035.0,26464.0,-3.071,0.2319,512.0,185.0,2.0,-1.0,186.0,13682.0,64.0,276.0,0.0,253.0,0.0,10.06,1.2,11.88
2011/12/20,25.35,25.8,25.35,25.45,354.0,9047.0,0.7921,0.0793,284.0,87.0,1.0,-4.0,84.0,13674.0,29.0,30.0,0.0,255.0,2.0,10.14,1.21,11.79
2011/12/21,26.3,26.75,26.0,26.7,905.0,23977.0,4.9116,0.2028,494.0,273.0,0.0,14.0,287.0,13744.0,149.0,63.0,2.0,256.0,3.0,10.64,1.26,11.24
2011/12/22,26.7,27.0,26.25,27.0,730.0,19532.0,1.1236,0.1636,266.0,121.0,3.0,13.0,137.0,13684.0,63.0,123.0,0.0,262.0,6.0,10.76,1.28,11.11
2011/12/23,27.0,27.45,26.9,27.35,1949.0,52957.0,1.2963,0.4367,741.0,271.0,-2.0,104.0,373.0,13182.0,217.0,719.0,25.0,245.0,8.0,10.9,1.3,10.97
2011/12/26,27.45,27.45,26.75,26.75,799.0,21557.0,-2.1938,0.179,389.0,-7.0,0.0,-18.0,-25.0,13196.0,107.0,92.0,1.0,244.0,1.0,10.66,1.27,11.21
2011/12/27,26.75,26.85,26.15,26.2,1031.0,27204.0,-2.0561,0.231,449.0,117.0,3.0,-27.0,93.0,13204.0,289.0,280.0,0.0,246.0,2.0,10.44,1.24,11.45
2011/12/28,26.2,26.4,26.0,26.05,1036.0,27164.0,-0.5725,0.2321,523.0,109.0,-2.0,-15.0,92.0,13440.0,280.0,38.0,2.0,246.0,2.0,10.38,1.23,11.52
2011/12/29,26.0,26.3,26.0,26.1,600.0,15695.0,0.1919,0.1344,335.0,189.0,0.0,2.0,191.0,13351.0,22.0,111.0,3.0,245.0,2.0,10.4,1.24,11.49
2011/12/30,26.2,26.3,26.0,26.0,784.0,20446.0,-0.3831,0.1754,344.0,106.0,-2.0,-2.0,102.0,13353.0,52.0,33.0,13.0,231.0,0.0,10.36,1.23,11.54
2012/01/02,26.05,26.05,25.6,25.65,606.0,15619.0,-1.3462,0.1356,252.0,4.0,4.0,-39.0,-31.0,13161.0,58.0,249.0,0.0,231.0,0.0,10.22,1.22,11.7
2012/01/03,25.8,26.35,25.75,26.2,587.0,15371.0,2.1442,0.1313,291.0,38.0,-6.0,0.0,32.0,13223.0,160.0,93.0,20.0,213.0,2.0,10.44,1.24,11.45
2012/01/04,26.35,26.45,26.0,26.15,550.0,14420.0,-0.1908,0.1231,312.0,-13.0,0.0,0.0,-13.0,13266.0,99.0,56.0,1.0,213.0,1.0,10.42,1.24,11.47
2012/01/05,26.2,26.3,26.05,26.2,1164.0,30503.0,0.1912,0.2604,453.0,123.0,5.0,0.0,128.0,13469.0,252.0,36.0,0.0,213.0,0.0,10.44,1.24,11.45
2012/01/06,26.2,26.45,26.05,26.3,1332.0,35005.0,0.3817,0.298,786.0,397.0,-1.0,1.0,397.0,13502.0,224.0,160.0,1.0,211.0,0.0,10.48,1.25,11.41
2012/01/09,26.05,26.3,26.05,26.1,943.0,24635.0,-0.7605,0.211,416.0,245.0,0.0,-26.0,219.0,13518.0,160.0,144.0,6.0,205.0,0.0,10.4,1.24,11.49
2012/01/10,26.1,26.4,26.1,26.25,1292.0,33930.0,0.5747,0.2891,660.0,429.0,0.0,6.0,435.0,13502.0,272.0,286.0,0.0,207.0,2.0,10.46,1.24,11.43
2012/01/11,26.3,26.7,26.2,26.6,1845.0,48719.0,1.3333,0.4128,808.0,469.0,-2.0,10.0,477.0,13309.0,146.0,291.0,2.0,206.0,1.0,10.6,1.26,11.28
2012/01/12,26.7,26.7,26.2,26.2,1707.0,45037.0,-1.5038,0.3819,667.0,179.0,45.0,-1.0,223.0,13399.0,212.0,109.0,0.0,206.0,0.0,10.44,1.24,11.45
2012/01/13,26.3,26.7,26.1,26.25,1431.0,37634.0,0.1908,0.3202,656.0,209.0,-7.0,-7.0,195.0,13065.0,90.0,353.0,0.0,206.0,1.0,10.46,1.24,11.43
2012/01/16,26.25,26.5,26.1,26.2,858.0,22523.0,-0.1905,0.192,383.0,5.0,-1.0,-7.0,-3.0,12964.0,61.0,157.0,0.0,209.0,3.0,10.44,1.24,11.45
2012/01/17,26.5,26.7,26.25,26.6,1129.0,30013.0,1.5267,0.2526,519.0,330.0,274.0,0.0,604.0,12850.0,76.0,167.0,0.0,211.0,2.0,10.6,1.26,11.28
2012/01/18,26.7,27.25,26.6,27.0,2093.0,56373.0,1.5038,0.4683,1048.0,556.0,-2.0,1.0,555.0,12571.0,294.0,530.0,168.0,44.0,1.0,10.76,1.28,11.11
2012/01/30,27.5,27.7,27.0,27.35,2472.0,67516.0,1.2963,0.5531,951.0,659.0,-4.0,28.0,683.0,12371.0,328.0,494.0,0.0,88.0,45.0,10.9,1.3,10.97
2012/01/31,27.5,28.4,27.2,28.2,3182.0,88598.0,3.1079,0.7118,1283.0,545.0,0.0,28.0,573.0,12161.0,599.0,797.0,44.0,67.0,23.0,11.24,1.34,10.64
2012/02/01,28.25,28.45,27.8,28.25,2135.0,60088.0,0.1773,0.4776,1036.0,314.0,-3.0,-6.0,305.0,12262.0,400.0,267.0,13.0,54.0,0.0,11.25,1.34,10.62
2012/02/02,28.55,29.75,28.35,29.7,4421.0,128241.0,5.1327,0.989,1831.0,283.0,-3.0,66.0,346.0,12575.0,1001.0,649.0,10.0,79.0,35.0,11.83,1.41,10.1
2012/02/03,29.75,30.4,29.1,30.4,4168.0,124646.0,2.3569,0.9324,1779.0,192.0,-3.0,305.0,494.0,12874.0,1050.0,732.0,1.0,80.0,17.0,12.11,1.44,9.87
2012/02/04,31.1,31.65,30.6,30.65,4782.0,149144.0,0.8224,1.0697,1868.0,-23.0,596.0,-295.0,278.0,12982.0,1332.0,1222.0,12.0,77.0,9.0,12.21,1.45,9.79
2012/02/06,30.7,30.8,30.0,30.8,4182.0,127384.0,0.4894,0.9355,1754.0,452.0,194.0,-4.0,642.0,12596.0,412.0,793.0,4.0,72.0,1.0,12.27,1.46,9.74
2012/02/07,30.6,31.25,30.45,30.9,2635.0,80884.0,0.3247,0.5895,883.0,176.0,100.0,3.0,279.0,12731.0,553.0,364.0,2.0,72.0,2.0,12.31,1.46,9.71
2012/02/08,31.0,31.35,30.7,30.8,2738.0,84832.0,-0.3236,0.6125,1269.0,120.0,199.0,25.0,344.0,12720.0,629.0,637.0,2.0,86.0,16.0,12.27,1.46,9.74
2012/02/09,30.8,31.25,30.75,30.9,2355.0,72844.0,0.3247,0.5268,1058.0,305.0,0.0,-3.0,302.0,13017.0,557.0,255.0,1.0,103.0,18.0,12.31,1.46,9.71
2012/02/10,31.0,31.3,30.7,30.7,2363.0,72982.0,-0.6472,0.5286,1223.0,-449.0,-67.0,38.0,-478.0,13196.0,615.0,410.0,10.0,94.0,2.0,12.23,1.45,9.77
2012/02/13,30.7,30.7,29.85,30.0,2680.0,80794.0,-2.2801,0.5995,1379.0,-573.0,-7.0,16.0,-564.0,13400.0,633.0,429.0,38.0,57.0,1.0,11.95,1.42,10.0
2012/02/14,30.0,30.15,29.2,29.5,3265.0,97178.0,-1.6667,0.7304,1460.0,-1101.0,-3.0,17.0,-1087.0,13494.0,406.0,312.0,1.0,58.0,2.0,11.75,1.4,10.17
2012/02/15,29.05,30.15,29.05,30.1,5163.0,152946.0,2.0339,1.155,1781.0,-1186.0,-1104.0,93.0,-2197.0,13852.0,922.0,520.0,5.0,54.0,1.0,11.99,1.43,9.97
2012/02/16,29.95,30.0,29.2,29.25,3669.0,108581.0,-2.8239,0.8208,1977.0,-1070.0,-276.0,-2.0,-1348.0,14027.0,603.0,427.0,7.0,47.0,0.0,11.65,1.39,10.26
2012/02/17,29.7,29.75,28.55,28.95,2807.0,81410.0,-1.0256,0.6279,1754.0,-1145.0,4.0,5.0,-1136.0,14120.0,402.0,307.0,3.0,54.0,10.0,11.53,1.37,10.36
2012/02/20,29.4,29.95,28.95,29.9,2045.0,60331.0,3.2815,0.4575,1036.0,210.0,-1.0,-5.0,204.0,13644.0,167.0,565.0,1.0,75.0,22.0,11.91,1.42,10.03
2012/02/21,30.0,30.15,29.25,29.5,2862.0,85226.0,-1.3378,0.6402,954.0,-121.0,0.0,10.0,-111.0,13664.0,285.0,252.0,0.0,75.0,0.0,11.75,1.4,10.17
2012/02/22,29.5,30.15,29.3,29.75,2475.0,74004.0,0.8475,0.5537,982.0,698.0,0.0,12.0,710.0,13623.0,617.0,658.0,10.0,76.0,11.0,11.85,1.41,10.08
2012/02/23,29.85,30.4,29.8,30.3,2718.0,81993.0,1.8487,0.608,1006.0,821.0,-1.0,18.0,838.0,13351.0,425.0,697.0,0.0,77.0,1.0,12.07,1.44,9.9
2012/02/24,30.4,31.2,30.4,30.85,3601.0,110913.0,1.8152,0.8055,1522.0,859.0,-5.0,-17.0,837.0,13224.0,681.0,806.0,0.0,102.0,25.0,12.29,1.46,9.72
2012/02/29,31.1,31.2,30.45,30.8,2942.0,90620.0,-0.1621,0.6581,1132.0,674.0,0.0,3.0,677.0,13217.0,757.0,733.0,5.0,97.0,0.0,12.27,1.46,9.74
2012/03/01,30.9,31.3,30.8,31.1,2317.0,71932.0,0.974,0.5183,962.0,524.0,65.0,-9.0,580.0,13170.0,351.0,362.0,0.0,100.0,3.0,12.39,1.47,9.65
2012/03/02,31.5,31.5,30.85,31.05,2003.0,62326.0,-0.1608,0.4481,825.0,396.0,-2.0,-51.0,343.0,12955.0,392.0,582.0,0.0,105.0,5.0,12.37,1.47,9.66
2012/03/03,31.05,31.05,30.5,30.65,1010.0,30961.0,-1.2882,0.2259,482.0,-10.0,0.0,6.0,-4.0,12865.0,221.0,299.0,0.0,105.0,0.0,12.21,1.45,9.79
2012/03/05,30.7,30.7,29.85,29.85,1768.0,53242.0,-2.6101,0.3955,808.0,40.0,-2.0,-67.0,-29.0,12434.0,222.0,653.0,3.0,102.0,0.0,11.89,1.41,10.05
2012/03/06,29.7,29.7,29.0,29.45,1679.0,49226.0,-1.34,0.3756,851.0,-53.0,0.0,-36.0,-89.0,12237.0,239.0,434.0,29.0,73.0,0.0,11.73,1.4,10.19
2012/03/07,29.45,30.6,29.2,30.3,2715.0,81961.0,2.8862,0.6073,1212.0,174.0,0.0,-3.0,171.0,12563.0,1093.0,669.0,0.0,114.0,41.0,12.07,1.44,9.9
2012/03/08,30.6,30.65,30.05,30.25,1446.0,43874.0,-0.165,0.3235,784.0,-285.0,-5.0,9.0,-281.0,12598.0,342.0,305.0,6.0,108.0,0.0,12.05,1.43,9.92
2012/03/09,30.65,30.65,30.0,30.2,1018.0,30832.0,-0.1653,0.2277,545.0,-73.0,0.0,3.0,-70.0,12485.0,261.0,280.0,10.0,99.0,1.0,12.03,1.43,9.93
2012/03/12,30.4,30.4,29.85,29.9,1135.0,34172.0,-0.9934,0.2539,526.0,29.0,-1.0,9.0,37.0,12455.0,214.0,242.0,0.0,97.0,0.0,11.91,1.42,10.03
2012/03/13,29.9,30.25,29.8,29.85,859.0,25763.0,-0.1672,0.1922,500.0,122.0,10.0,5.0,137.0,12340.0,168.0,274.0,22.0,75.0,0.0,11.89,1.41,10.05
2012/03/14,30.3,30.3,29.85,30.0,1955.0,58726.0,0.5025,0.4373,829.0,509.0,3.0,10.0,522.0,12178.0,253.0,403.0,1.0,78.0,9.0,11.95,1.42,10.0
2012/03/15,30.0,30.25,29.95,30.0,2028.0,60892.0,0.0,0.4536,841.0,222.0,-1.0,27.0,248.0,12209.0,344.0,301.0,1.0,78.0,1.0,11.95,1.42,10.0
2012/03/16,30.0,30.8,30.0,30.6,1814.0,55377.0,2.0,0.4058,812.0,143.0,-1.0,-15.0,127.0,12271.0,429.0,340.0,1.0,89.0,12.0,12.19,1.45,9.8
2012/03/19,30.8,30.8,30.25,30.5,1294.0,39447.0,-0.3268,0.2895,688.0,39.0,0.0,-9.0,30.0,12247.0,203.0,223.0,0.0,89.0,0.0,12.15,1.44,9.84
2012/03/20,30.5,30.7,30.15,30.15,979.0,29729.0,-1.1475,0.219,487.0,-21.0,-2.0,-1.0,-24.0,12168.0,121.0,198.0,12.0,77.0,0.0,12.01,1.43,9.95
2012/03/21,30.1,30.4,29.8,30.4,1093.0,32920.0,0.8292,0.2445,575.0,75.0,0.0,-36.0,39.0,12068.0,121.0,211.0,0.0,80.0,3.0,12.11,1.44,9.87
2012/03/22,30.4,31.15,30.4,30.8,2360.0,72873.0,1.3158,0.5279,1269.0,164.0,0.0,-15.0,149.0,12373.0,727.0,419.0,1.0,96.0,17.0,12.27,1.46,9.74
2012/03/23,30.95,31.0,30.5,30.7,1068.0,32724.0,-0.3247,0.2389,678.0,-40.0,0.0,40.0,0.0,12454.0,243.0,162.0,1.0,95.0,0.0,12.23,1.45,9.77
2012/03/26,30.9,30.9,30.05,30.2,1507.0,45655.0,-1.6287,0.3371,894.0,49.0,0.0,-7.0,42.0,12324.0,151.0,281.0,13.0,82.0,0.0,12.03,1.38,9.93
2012/03/27,30.5,30.5,30.0,30.05,1114.0,33605.0,-0.4967,0.2492,525.0,-105.0,0.0,-1.0,-106.0,12213.0,189.0,236.0,19.0,62.0,0.0,12.27,1.37,9.98
2012/03/28,30.0,30.5,30.0,30.5,1569.0,47380.0,1.4975,0.351,898.0,344.0,0.0,484.0,828.0,11926.0,100.0,313.0,0.0,63.0,1.0,12.45,1.39,9.84
2012/03/29,30.5,30.8,29.5,29.55,3388.0,102209.0,-3.1148,0.7579,1594.0,378.0,0.0,-508.0,-130.0,12561.0,1166.0,507.0,1.0,154.0,92.0,12.06,1.35,10.15
2012/03/30,29.6,29.8,29.2,29.5,1459.0,43167.0,-0.1692,0.3263,797.0,189.0,-2.0,-17.0,170.0,12092.0,271.0,739.0,103.0,57.0,6.0,12.04,1.35,10.17
2012/04/02,29.6,29.6,29.2,29.4,647.0,19049.0,-0.339,0.1447,376.0,86.0,5.0,-22.0,69.0,11886.0,55.0,256.0,23.0,34.0,0.0,12.0,1.34,10.2
2012/04/03,29.4,29.6,27.35,28.0,2221.0,63216.0,-4.7619,0.4968,1115.0,-83.0,0.0,-54.0,-137.0,11622.0,306.0,570.0,17.0,17.0,0.0,11.43,1.28,10.71
2012/04/05,27.0,27.4,26.4,27.2,1763.0,47297.0,-2.8571,0.3943,861.0,191.0,-5.0,-47.0,139.0,11382.0,264.0,483.0,10.0,7.0,0.0,11.1,1.24,11.03
2012/04/06,27.2,28.0,27.2,27.75,1144.0,31716.0,2.0221,0.2559,633.0,-20.0,0.0,-2.0,-22.0,11505.0,237.0,108.0,0.0,21.0,14.0,11.33,1.27,10.81
2012/04/09,27.5,27.7,27.2,27.3,601.0,16459.0,-1.6216,0.1344,460.0,-103.0,-1.0,-6.0,-110.0,11503.0,51.0,52.0,14.0,7.0,0.0,11.14,1.25,10.99
2012/04/10,27.35,27.9,27.35,27.5,666.0,18395.0,0.7326,0.149,324.0,25.0,0.0,1.0,26.0,11568.0,90.0,23.0,0.0,35.0,28.0,11.22,1.26,10.91
2012/04/11,27.05,27.45,27.0,27.3,486.0,13244.0,-0.7273,0.1087,368.0,101.0,0.0,12.0,113.0,11552.0,55.0,71.0,28.0,7.0,0.0,11.14,1.25,10.99
2012/04/12,27.35,27.65,27.3,27.55,307.0,8450.0,0.9158,0.0687,237.0,-42.0,0.0,2.0,-40.0,11572.0,41.0,21.0,0.0,7.0,0.0,11.24,1.26,10.89
2012/04/13,28.0,28.25,27.8,28.25,718.0,20121.0,2.5408,0.1606,439.0,149.0,3.0,-8.0,144.0,11509.0,182.0,233.0,4.0,3.0,0.0,11.53,1.29,10.62
2012/04/16,28.25,28.25,27.65,27.95,643.0,17926.0,-1.0619,0.1438,354.0,20.0,-7.0,0.0,13.0,11408.0,31.0,110.0,3.0,0.0,0.0,11.41,1.28,10.73
2012/04/17,27.95,27.95,27.15,27.4,701.0,19197.0,-1.9678,0.1568,442.0,19.0,0.0,-4.0,15.0,11289.0,0.0,113.0,0.0,0.0,0.0,11.18,1.25,10.95
2012/04/18,27.5,27.55,27.05,27.35,587.0,16040.0,-0.1825,0.1313,411.0,181.0,0.0,-3.0,178.0,11185.0,0.0,97.0,0.0,0.0,0.0,11.16,1.25,10.97
2012/04/19,27.4,27.4,27.0,27.2,642.0,17454.0,-0.5484,0.1436,330.0,113.0,3.0,5.0,121.0,10945.0,0.0,238.0,0.0,0.0,0.0,11.1,1.24,11.03
2012/04/20,27.2,27.2,27.0,27.0,646.0,17507.0,-0.7353,0.1445,375.0,106.0,0.0,-9.0,97.0,10756.0,38.0,222.0,0.0,0.0,0.0,11.02,1.23,11.11
2012/04/23,26.9,27.2,26.6,26.75,566.0,15232.0,-0.9259,0.1266,314.0,-109.0,0.0,40.0,-69.0,10777.0,96.0,75.0,0.0,0.0,0.0,10.92,1.22,11.21
2012/04/24,26.5,26.8,26.4,26.5,857.0,22770.0,-0.9346,0.1917,381.0,-67.0,3.0,-20.0,-84.0,10853.0,103.0,26.0,0.0,0.0,0.0,10.82,1.21,11.32
2012/04/25,26.5,26.9,26.5,26.6,688.0,18378.0,0.3774,0.1539,339.0,60.0,0.0,-21.0,39.0,10739.0,54.0,157.0,0.0,1.0,3.0,10.86,1.22,11.28
2012/04/26,26.95,27.05,26.7,26.8,461.0,12407.0,0.7519,0.1031,214.0,-7.0,0.0,1.0,-6.0,10862.0,166.0,42.0,0.0,1.0,0.0,10.94,1.23,11.19
2012/04/27,26.8,27.0,26.4,26.4,571.0,15208.0,-1.4925,0.1277,274.0,-48.0,0.0,-11.0,-59.0,10807.0,35.0,69.0,0.0,1.0,0.0,10.78,1.21,11.36
2012/04/30,26.6,27.05,26.6,26.85,659.0,17719.0,1.7045,0.1474,366.0,14.0,0.0,-3.0,11.0,10831.0,104.0,71.0,0.0,7.0,6.0,10.96,1.18,11.17
2012/05/02,27.3,28.05,27.1,27.9,974.0,26950.0,3.9106,0.2178,564.0,145.0,9.0,0.0,154.0,10837.0,168.0,162.0,0.0,10.0,3.0,10.37,1.23,10.75
2012/05/03,27.95,28.6,27.75,28.35,1078.0,30430.0,1.6129,0.2411,616.0,-9.0,15.0,68.0,74.0,10782.0,146.0,194.0,0.0,12.0,2.0,10.54,1.25,10.58
2012/05/04,28.4,28.55,28.15,28.45,778.0,22119.0,0.3527,0.174,468.0,104.0,-1.0,-49.0,54.0,10757.0,106.0,130.0,1.0,12.0,1.0,10.62,1.26,6.33
2012/05/07,28.2,28.2,27.9,28.15,575.0,16140.0,-1.0545,0.1286,380.0,-16.0,0.0,20.0,4.0,10694.0,28.0,90.0,0.0,12.0,0.0,10.5,1.25,6.39
2012/05/08,28.15,28.45,28.1,28.45,544.0,15428.0,1.0657,0.1217,294.0,-37.0,0.0,10.0,-27.0,10698.0,74.0,69.0,0.0,16.0,4.0,10.62,1.26,6.33
2012/05/09,28.2,28.65,28.0,28.4,636.0,18091.0,-0.1757,0.1422,455.0,3.0,0.0,29.0,32.0,10611.0,31.0,117.0,1.0,16.0,1.0,10.6,1.26,6.34
2012/05/10,28.15,28.55,28.15,28.5,501.0,14268.0,0.3521,0.1121,384.0,136.0,0.0,29.0,165.0,10559.0,31.0,83.0,0.0,21.0,5.0,10.63,1.26,6.32
2012/05/11,28.5,28.5,28.1,28.2,602.0,17042.0,-1.0526,0.1346,378.0,78.0,0.0,11.0,89.0,10477.0,57.0,119.0,1.0,20.0,0.0,10.52,1.25,6.38
2012/05/14,28.2,28.2,27.75,27.8,623.0,17434.0,-1.4184,0.1393,406.0,-22.0,0.0,9.0,-13.0,10398.0,33.0,112.0,0.0,27.0,7.0,10.37,1.23,6.47
2012/05/15,27.15,28.45,27.1,28.45,862.0,23841.0,2.3381,0.1928,568.0,46.0,7.0,172.0,225.0,10284.0,89.0,191.0,13.0,25.0,11.0,10.62,1.26,6.33
2012/05/16,28.35,28.35,28.0,28.25,800.0,22545.0,-0.703,0.1789,548.0,132.0,8.0,116.0,256.0,10070.0,54.0,267.0,6.0,19.0,0.0,10.54,1.25,6.37
2012/05/17,28.25,28.65,28.0,28.0,662.0,18734.0,-0.885,0.1481,345.0,-39.0,0.0,7.0,-32.0,10194.0,260.0,106.0,0.0,36.0,17.0,10.45,1.24,6.43
2012/05/18,28.0,28.0,27.25,27.25,1009.0,27842.0,-2.6786,0.2257,547.0,-45.0,0.0,253.0,208.0,10062.0,133.0,264.0,5.0,32.0,1.0,10.17,1.21,6.61
2012/05/21,27.55,28.35,27.55,28.3,1322.0,36926.0,3.8532,0.2957,688.0,129.0,0.0,63.0,192.0,10280.0,459.0,241.0,1.0,44.0,13.0,10.56,1.25,6.36
2012/05/22,28.35,28.9,28.3,28.7,3034.0,87045.0,1.4134,0.6786,1167.0,73.0,0.0,-593.0,-520.0,10235.0,801.0,846.0,16.0,143.0,115.0,10.71,1.27,6.27
2012/05/23,28.6,28.6,28.15,28.3,939.0,26628.0,-1.3937,0.21,596.0,-114.0,-1.0,20.0,-95.0,10172.0,110.0,173.0,77.0,66.0,0.0,10.56,1.25,6.36
2012/05/24,28.3,28.45,27.4,27.45,2122.0,59172.0,-3.0035,0.4746,1043.0,-448.0,0.0,80.0,-368.0,10190.0,602.0,581.0,31.0,35.0,0.0,10.24,1.22,6.56
2012/05/25,27.5,27.8,27.25,27.35,761.0,20913.0,-0.3643,0.1702,619.0,-286.0,13.0,6.0,-267.0,10106.0,35.0,119.0,1.0,76.0,42.0,10.21,1.21,6.58
2012/05/28,27.55,27.55,26.9,27.45,1403.0,38124.0,0.3656,0.3138,457.0,-20.0,0.0,-17.0,-37.0,10237.0,221.0,58.0,50.0,28.0,2.0,10.24,1.22,6.56
2012/05/29,27.45,28.55,27.45,28.2,3561.0,99765.0,2.7322,0.7964,896.0,175.0,2.0,-110.0,67.0,10134.0,512.0,604.0,0.0,35.0,7.0,10.52,1.25,6.38
2012/05/30,28.15,28.15,27.55,27.65,1473.0,41002.0,-1.9504,0.3294,668.0,-122.0,-9.0,-6.0,-137.0,10233.0,184.0,85.0,4.0,31.0,0.0,10.32,1.22,6.51
2012/05/31,27.45,28.25,27.25,28.25,1236.0,34403.0,2.17,0.2764,638.0,276.0,0.0,-7.0,269.0,10240.0,160.0,148.0,3.0,32.0,4.0,10.54,1.25,6.37
2012/06/01,28.25,28.25,27.6,27.6,816.0,22770.0,-2.3009,0.1825,414.0,-128.0,0.0,74.0,-54.0,10150.0,59.0,120.0,2.0,30.0,0.0,10.3,1.22,6.52
2012/06/04,27.1,27.2,25.9,26.05,2385.0,63613.0,-5.6159,0.5334,758.0,-165.0,3.0,-6.0,-168.0,10280.0,352.0,222.0,4.0,26.0,0.0,9.72,1.15,6.91
2012/06/05,26.5,26.8,26.5,26.6,542.0,14451.0,2.1113,0.1212,331.0,6.0,2.0,-4.0,4.0,10187.0,46.0,136.0,0.0,26.0,0.0,9.93,1.18,6.77
2012/06/06,26.7,27.15,26.7,27.1,552.0,14925.0,1.8797,0.1235,331.0,114.0,0.0,-14.0,100.0,10289.0,156.0,54.0,1.0,35.0,10.0,10.11,1.2,6.64
2012/06/07,27.3,27.5,26.95,26.95,462.0,12551.0,-0.5535,0.1033,363.0,-124.0,0.0,0.0,-124.0,10278.0,53.0,64.0,1.0,34.0,0.0,10.06,1.19,6.68
2012/06/08,27.25,27.25,26.9,27.1,285.0,7722.0,0.5566,0.0637,170.0,47.0,0.0,0.0,47.0,10185.0,12.0,55.0,1.0,39.0,6.0,10.11,1.2,6.64
2012/06/11,27.2,27.5,27.05,27.25,352.0,9599.0,0.5535,0.0787,231.0,-164.0,0.0,7.0,-157.0,10246.0,95.0,32.0,0.0,39.0,0.0,10.17,1.21,6.61
2012/06/12,27.0,27.1,26.95,27.0,197.0,5320.0,-0.9174,0.0441,116.0,-8.0,0.0,0.0,-8.0,10176.0,11.0,61.0,0.0,39.0,0.0,10.07,1.2,6.67
2012/06/13,27.1,27.25,27.0,27.25,323.0,8783.0,0.9259,0.0722,189.0,78.0,10.0,-1.0,87.0,10137.0,17.0,48.0,0.0,39.0,0.0,10.17,1.21,6.61
2012/06/14,27.4,27.5,27.2,27.3,486.0,13294.0,0.1835,0.1087,297.0,186.0,34.0,0.0,220.0,10110.0,84.0,111.0,7.0,32.0,0.0,10.19,1.21,6.59
2012/06/15,27.6,27.65,25.55,25.55,4343.0,116425.0,-6.4103,0.9713,1070.0,-1591.0,0.0,13.0,-1578.0,10340.0,275.0,27.0,6.0,26.0,0.0,9.53,1.13,7.05
2012/06/18,26.6,26.75,25.65,26.35,4081.0,107168.0,3.1311,0.9127,1472.0,-2540.0,0.0,-6.0,-2546.0,10986.0,846.0,200.0,1.0,38.0,13.0,9.83,1.17,6.83
2012/06/19,26.35,26.45,26.2,26.45,538.0,14208.0,0.3795,0.1203,338.0,-57.0,0.0,0.0,-57.0,10847.0,60.0,145.0,0.0,43.0,5.0,9.87,1.17,6.81
2012/06/20,26.5,26.7,26.5,26.6,663.0,17629.0,0.5671,0.1483,329.0,-19.0,0.0,2.0,-17.0,10884.0,128.0,89.0,5.0,38.0,0.0,9.93,1.18,6.77
2012/06/21,26.7,26.95,26.5,26.9,1160.0,31110.0,1.1278,0.2594,551.0,-97.0,0.0,-22.0,-119.0,10869.0,292.0,284.0,0.0,40.0,2.0,10.04,1.19,6.69
2012/06/22,26.5,26.8,26.4,26.8,645.0,17155.0,-0.3717,0.1443,318.0,-139.0,0.0,-7.0,-146.0,10838.0,113.0,139.0,3.0,37.0,0.0,10.0,1.19,6.72
2012/06/25,26.8,26.85,26.6,26.65,403.0,10780.0,-0.5597,0.0901,258.0,-47.0,0.0,-6.0,-53.0,10795.0,45.0,85.0,1.0,36.0,0.0,9.94,1.18,6.75
2012/06/26,26.65,26.65,26.4,26.45,434.0,11515.0,-0.7505,0.0971,255.0,-45.0,-15.0,-5.0,-65.0,10704.0,29.0,109.0,0.0,36.0,0.0,9.87,1.17,6.81
2012/06/27,26.8,26.8,26.5,26.6,411.0,10952.0,0.5671,0.0919,220.0,18.0,0.0,2.0,20.0,10606.0,37.0,122.0,0.0,41.0,5.0,9.93,1.18,6.77
2012/06/28,26.8,26.8,26.65,26.7,961.0,25704.0,0.3759,0.2149,269.0,33.0,-4.0,5.0,34.0,10647.0,164.0,100.0,0.0,41.0,0.0,9.96,1.18,6.74
2012/06/29,26.8,27.2,26.8,27.2,1000.0,27035.0,1.8727,0.2237,550.0,370.0,0.0,-16.0,354.0,10564.0,79.0,160.0,2.0,40.0,1.0,10.15,1.2,6.62
2012/07/02,27.5,27.8,27.3,27.4,800.0,21993.0,0.7353,0.1789,401.0,-42.0,-9.0,25.0,-26.0,10569.0,134.0,127.0,0.0,41.0,2.0,10.22,1.21,6.57
2012/07/03,27.4,27.6,27.2,27.45,762.0,20908.0,0.1825,0.1704,359.0,-20.0,2.0,11.0,-7.0,10504.0,74.0,138.0,10.0,31.0,0.0,10.24,1.22,6.56
2012/07/04,27.75,27.8,27.55,27.75,830.0,22987.0,1.0929,0.1856,370.0,84.0,0.0,-7.0,77.0,10159.0,38.0,203.0,0.0,31.0,1.0,10.35,1.23,6.49
2012/07/05,27.9,27.9,27.5,27.55,845.0,23392.0,-0.7207,0.189,317.0,-47.0,-1.0,7.0,-41.0,10091.0,101.0,162.0,0.0,31.0,0.0,10.28,1.22,6.53
2012/07/06,27.6,27.7,27.3,27.35,529.0,14527.0,-0.726,0.1183,251.0,38.0,0.0,11.0,49.0,10004.0,42.0,127.0,0.0,31.0,0.0,10.21,1.21,6.58
2012/07/09,27.0,27.45,27.0,27.45,638.0,17377.0,0.3656,0.1427,315.0,169.0,0.0,-2.0,167.0,9970.0,65.0,65.0,0.0,31.0,0.0,10.24,1.22,6.56
2012/07/10,27.45,27.6,27.3,27.5,653.0,17946.0,0.1821,0.146,300.0,267.0,0.0,5.0,272.0,9868.0,10.0,112.0,0.0,30.0,0.0,10.26,1.22,6.55
2012/07/11,27.3,27.65,27.3,27.65,349.0,9621.0,0.5455,0.0781,217.0,91.0,0.0,4.0,95.0,9854.0,36.0,49.0,1.0,29.0,0.0,10.32,1.22,6.51
2012/07/12,27.7,27.75,27.3,27.4,673.0,18480.0,-0.9042,0.1505,330.0,119.0,0.0,-4.0,115.0,9655.0,10.0,198.0,0.0,29.0,0.0,10.22,1.21,6.57
2012/07/13,27.4,27.4,27.1,27.35,648.0,17680.0,-0.1825,0.1449,442.0,363.0,0.0,2.0,365.0,9484.0,13.0,163.0,0.0,29.0,0.0,10.21,1.21,6.58
2012/07/16,27.5,27.5,27.25,27.35,324.0,8890.0,0.0,0.0725,191.0,51.0,0.0,-10.0,41.0,9463.0,7.0,15.0,0.0,29.0,0.0,10.21,1.21,6.58
2012/07/17,27.25,27.65,27.1,27.45,505.0,13838.0,0.3656,0.1129,387.0,-17.0,14.0,48.0,45.0,9472.0,32.0,22.0,0.0,31.0,2.0,10.24,1.22,6.56
2012/07/18,27.45,27.5,27.15,27.35,484.0,13195.0,-0.3643,0.1082,325.0,-183.0,0.0,-37.0,-220.0,9476.0,51.0,42.0,2.0,29.0,0.0,10.21,1.21,6.58
2012/07/19,27.35,27.6,27.3,27.4,525.0,14425.0,0.1828,0.1174,339.0,121.0,0.0,-1.0,120.0,9446.0,64.0,85.0,0.0,29.0,0.0,10.22,1.21,6.57
2012/07/20,27.4,27.65,27.35,27.65,344.0,9499.0,0.9124,0.0769,206.0,111.0,0.0,-7.0,104.0,9472.0,89.0,62.0,0.0,28.0,0.0,10.32,1.22,6.51
2012/07/23,27.6,27.6,27.25,27.5,464.0,12735.0,-0.5425,0.1038,197.0,55.0,0.0,-9.0,46.0,9429.0,34.0,77.0,0.0,28.0,0.0,10.26,1.22,6.55
2012/07/24,27.2,27.5,27.2,27.5,447.0,12261.0,0.0,0.1,221.0,13.0,0.0,-1.0,12.0,9444.0,74.0,50.0,0.0,28.0,0.0,10.26,1.22,6.55
2012/07/25,27.35,27.6,27.35,27.5,401.0,11035.0,0.0,0.0897,217.0,85.0,0.0,0.0,85.0,9428.0,16.0,30.0,0.0,29.0,1.0,10.26,1.22,6.55
2012/07/26,27.6,27.65,27.35,27.35,506.0,13908.0,-0.5455,0.1132,200.0,33.0,0.0,4.0,37.0,9409.0,53.0,72.0,4.0,25.0,0.0,10.21,1.21,6.58
2012/07/27,27.5,27.8,27.45,27.8,974.0,26926.0,1.6453,0.2178,452.0,112.0,0.0,-11.0,101.0,9536.0,246.0,119.0,10.0,13.0,0.0,10.37,1.23,6.47
2012/07/30,27.9,28.4,27.9,28.35,1364.0,38474.0,1.9784,0.305,625.0,61.0,0.0,178.0,239.0,9712.0,478.0,294.0,1.0,11.0,0.0,10.58,1.26,6.35
2012/07/31,28.6,28.6,28.1,28.2,1469.0,41533.0,-0.5291,0.3285,543.0,-557.0,229.0,-14.0,-342.0,9549.0,256.0,160.0,1.0,10.0,0.0,10.52,1.25,6.38
2012/08/01,28.3,28.35,28.1,28.25,846.0,23930.0,0.1773,0.1892,397.0,43.0,229.0,-94.0,178.0,9473.0,150.0,218.0,10.0,0.0,0.0,10.54,1.25,6.37
2012/08/03,28.1,28.2,27.95,28.0,1102.0,30978.0,-0.885,0.2465,685.0,61.0,232.0,-30.0,263.0,9327.0,0.0,146.0,0.0,0.0,0.0,10.45,1.24,6.43
2012/08/06,28.3,28.5,28.2,28.4,2127.0,60310.0,1.4286,0.4757,675.0,285.0,231.0,-128.0,388.0,8850.0,0.0,464.0,0.0,0.0,0.0,10.6,1.26,6.34
2012/08/07,28.4,28.45,28.2,28.35,3248.0,92066.0,-0.1761,0.7264,994.0,345.0,218.0,101.0,664.0,8467.0,0.0,383.0,0.0,0.0,0.0,10.58,1.26,6.35
2012/08/08,26.65,27.0,26.65,26.8,2429.0,65056.0,0.8814,0.5432,908.0,277.0,-3.0,-42.0,232.0,8533.0,292.0,226.0,0.0,6.0,6.0,10.0,1.19,6.72
2012/08/09,26.95,27.3,26.9,27.3,1115.0,30232.0,1.8657,0.2494,676.0,505.0,37.0,-106.0,436.0,8525.0,169.0,176.0,0.0,19.0,13.0,10.19,1.21,6.59
2012/08/10,27.6,27.6,27.25,27.3,845.0,23157.0,0.0,0.189,608.0,339.0,0.0,-24.0,315.0,8481.0,59.0,81.0,0.0,21.0,2.0,10.19,1.21,6.59
2012/08/13,27.5,27.75,27.45,27.75,923.0,25520.0,1.6484,0.2064,574.0,374.0,0.0,-1.0,373.0,8394.0,65.0,100.0,0.0,22.0,1.0,10.35,1.23,6.49
2012/08/14,27.75,27.9,27.45,27.45,618.0,17078.0,-1.0811,0.1382,370.0,147.0,0.0,2.0,149.0,8434.0,81.0,36.0,0.0,22.0,1.0,10.24,1.22,6.56
2012/08/15,27.55,27.6,27.35,27.4,668.0,18351.0,-0.1821,0.1494,430.0,388.0,-56.0,-5.0,327.0,8402.0,43.0,64.0,0.0,22.0,0.0,10.22,1.21,6.57
2012/08/16,27.4,28.25,27.35,28.2,1587.0,44217.0,2.9197,0.3549,631.0,26.0,-1.0,705.0,730.0,8385.0,207.0,224.0,0.0,327.0,306.0,10.52,1.25,6.38
2012/08/17,28.2,28.2,27.75,27.85,1293.0,36098.0,-1.2411,0.2892,612.0,75.0,0.0,-541.0,-466.0,8455.0,216.0,124.0,108.0,219.0,0.0,10.39,1.23,6.46
2012/08/20,27.9,28.15,27.75,28.0,1316.0,36809.0,0.5386,0.2943,719.0,597.0,5.0,-55.0,547.0,8401.0,300.0,352.0,4.0,216.0,1.0,10.45,1.24,6.43
2012/08/21,28.2,29.2,28.05,29.1,3580.0,102507.0,3.9286,0.8006,1566.0,452.0,-1.0,400.0,851.0,8389.0,597.0,609.0,0.0,234.0,18.0,10.86,1.29,6.19
2012/08/22,29.0,29.35,28.85,29.15,2044.0,59517.0,0.1718,0.4571,846.0,105.0,-1.0,-215.0,-111.0,8531.0,487.0,344.0,21.0,213.0,0.0,10.88,1.29,6.17
2012/08/23,29.15,29.15,28.8,29.1,1336.0,38743.0,-0.1715,0.2988,564.0,236.0,0.0,-91.0,145.0,8614.0,312.0,229.0,1.0,212.0,0.0,10.86,1.29,6.19
2012/08/24,28.8,29.05,28.8,29.0,874.0,25312.0,-0.3436,0.1955,445.0,72.0,0.0,34.0,106.0,8697.0,274.0,189.0,10.0,202.0,0.0,10.82,1.28,6.21
2012/08/27,29.1,29.85,28.8,29.8,3076.0,90876.0,2.7586,0.6879,1229.0,-11.0,204.0,39.0,232.0,9102.0,928.0,520.0,90.0,128.0,16.0,11.12,1.32,6.04
2012/08/28,29.6,29.6,28.2,28.4,2782.0,79529.0,-4.698,0.6222,1281.0,120.0,0.0,-116.0,4.0,8634.0,613.0,1081.0,13.0,115.0,0.0,10.6,1.31,6.34
2012/08/29,28.4,28.75,28.4,28.75,1210.0,34588.0,1.2324,0.2706,541.0,256.0,-201.0,-6.0,49.0,8645.0,213.0,202.0,0.0,121.0,6.0,9.07,1.33,6.26
2012/08/30,28.7,28.95,28.55,28.65,1219.0,35131.0,-0.3478,0.2726,572.0,189.0,0.0,-90.0,99.0,8727.0,390.0,308.0,11.0,121.0,11.0,9.04,1.32,6.28
2012/08/31,28.4,29.05,28.4,29.0,965.0,27871.0,1.2216,0.2158,495.0,472.0,-1.0,-12.0,459.0,8559.0,67.0,221.0,6.0,132.0,17.0,9.15,1.34,6.21
2012/09/03,29.3,29.3,28.7,29.1,1413.0,41052.0,0.3448,0.316,857.0,28.0,-1.0,9.0,36.0,8583.0,241.0,206.0,2.0,156.0,27.0,9.18,1.34,6.19
2012/09/04,29.1,29.1,28.75,29.0,1184.0,34191.0,-0.3436,0.2648,706.0,2.0,0.0,0.0,2.0,8595.0,125.0,113.0,2.0,154.0,0.0,9.15,1.34,6.21
2012/09/05,28.7,29.0,28.55,29.0,1566.0,44965.0,0.0,0.3502,683.0,421.0,0.0,0.0,421.0,8449.0,97.0,243.0,15.0,139.0,0.0,9.15,1.34,6.21
2012/09/06,29.1,29.1,28.6,28.6,1038.0,29883.0,-1.3793,0.2321,566.0,-251.0,0.0,22.0,-229.0,8562.0,225.0,112.0,4.0,135.0,0.0,9.02,1.32,6.29
2012/09/07,29.1,29.1,28.25,28.25,1472.0,42106.0,-1.2238,0.3292,670.0,-122.0,-1.0,40.0,-83.0,8509.0,172.0,219.0,4.0,146.0,15.0,8.91,1.3,6.37
2012/09/10,28.1,28.45,28.1,28.2,1175.0,33189.0,-0.177,0.2628,581.0,-260.0,0.0,9.0,-251.0,8426.0,148.0,212.0,1.0,150.0,5.0,8.9,1.3,6.38
2012/09/11,28.2,28.25,28.0,28.0,857.0,24131.0,-0.7092,0.1916,500.0,-172.0,0.0,18.0,-154.0,8457.0,85.0,54.0,2.0,148.0,0.0,8.83,1.29,6.43
2012/09/12,28.15,28.2,27.85,27.85,2152.0,60215.0,-0.5357,0.4812,1181.0,-1263.0,0.0,16.0,-1247.0,8635.0,376.0,198.0,79.0,74.0,5.0,8.79,1.28,6.46
2012/09/13,27.9,28.0,27.7,27.8,1724.0,47962.0,-0.1795,0.3855,746.0,-321.0,6.0,-16.0,-331.0,8588.0,299.0,344.0,0.0,85.0,11.0,8.77,1.28,6.47
2012/09/14,28.0,28.25,27.9,27.95,2772.0,77594.0,0.5396,0.6199,1241.0,-557.0,0.0,23.0,-534.0,8780.0,462.0,252.0,13.0,82.0,10.0,8.82,1.29,6.44
2012/09/17,28.0,28.35,27.75,27.8,2377.0,66524.0,-0.5367,0.5316,1075.0,-444.0,0.0,-18.0,-462.0,8818.0,389.0,318.0,12.0,87.0,17.0,8.77,1.28,6.47
2012/09/18,27.6,27.65,27.3,27.45,2579.0,70890.0,-1.259,0.5767,1159.0,-539.0,-18.0,154.0,-403.0,8700.0,337.0,455.0,16.0,71.0,0.0,8.66,1.27,6.56
2012/09/19,27.6,27.8,27.4,27.8,1828.0,50510.0,1.275,0.4088,934.0,-301.0,0.0,15.0,-286.0,8661.0,154.0,193.0,1.0,86.0,16.0,8.77,1.28,6.47
2012/09/20,27.8,28.2,27.75,27.85,2244.0,62611.0,0.1799,0.5018,1189.0,-952.0,0.0,-101.0,-1053.0,8780.0,289.0,170.0,0.0,92.0,6.0,8.79,1.28,6.46
2012/09/21,28.0,28.1,27.75,27.75,1464.0,40764.0,-0.3591,0.3274,833.0,-588.0,0.0,71.0,-517.0,8717.0,101.0,164.0,0.0,94.0,2.0,8.75,1.28,6.49
2012/09/24,28.0,28.0,27.6,27.85,697.0,19364.0,0.3604,0.1559,372.0,-266.0,0.0,58.0,-208.0,8881.0,224.0,59.0,2.0,91.0,0.0,8.79,1.28,6.46
2012/09/25,27.85,27.85,27.55,27.7,593.0,16442.0,-0.5386,0.1326,304.0,-89.0,0.0,39.0,-50.0,8806.0,38.0,102.0,1.0,89.0,0.0,8.74,1.28,6.5
2012/09/26,27.55,27.6,27.3,27.45,1092.0,29969.0,-0.9025,0.2442,545.0,-460.0,-1.0,16.0,-445.0,8782.0,85.0,104.0,1.0,88.0,0.0,8.66,1.27,6.56
2012/09/27,27.65,27.65,27.3,27.3,1008.0,27657.0,-0.5464,0.2254,586.0,-415.0,1.0,21.0,-393.0,8826.0,111.0,42.0,0.0,98.0,10.0,8.61,1.26,6.59
2012/09/28,27.3,27.45,26.55,26.55,3243.0,86806.0,-2.7473,0.7252,1440.0,-1476.0,1.0,4.0,-1471.0,8987.0,349.0,186.0,9.0,89.0,0.0,8.38,1.22,6.78
2012/10/01,26.5,27.0,26.5,26.85,964.0,25855.0,1.1299,0.2156,598.0,29.0,126.0,-6.0,149.0,9076.0,184.0,95.0,10.0,86.0,7.0,8.47,1.24,6.7
2012/10/02,26.95,26.95,26.8,26.9,635.0,17092.0,0.1862,0.142,305.0,-58.0,200.0,2.0,144.0,9102.0,104.0,77.0,2.0,96.0,12.0,8.49,1.24,6.69
2012/10/03,27.0,27.1,26.85,26.9,1746.0,47135.0,0.0,0.3904,342.0,-117.0,60.0,-6.0,-63.0,9137.0,103.0,68.0,0.0,98.0,2.0,8.49,1.24,6.69
2012/10/04,26.85,26.9,26.55,26.6,1103.0,29417.0,-1.1152,0.2467,745.0,-634.0,40.0,-16.0,-610.0,9180.0,140.0,97.0,8.0,90.0,0.0,8.39,1.23,6.77
2012/10/05,26.6,26.9,26.6,26.75,724.0,19345.0,0.5639,0.1619,491.0,-224.0,50.0,5.0,-169.0,9227.0,88.0,34.0,0.0,103.0,13.0,8.44,1.23,6.73
2012/10/08,26.75,26.9,26.6,26.6,619.0,16534.0,-0.5607,0.1384,323.0,-140.0,0.0,-5.0,-145.0,9232.0,128.0,98.0,3.0,100.0,0.0,8.39,1.23,6.77
2012/10/09,26.6,26.85,26.5,26.65,937.0,24932.0,0.188,0.2095,559.0,23.0,0.0,-60.0,-37.0,9185.0,109.0,149.0,0.0,123.0,23.0,8.41,1.23,6.75
2012/10/11,26.65,26.65,26.0,26.0,1530.0,40167.0,-2.439,0.3421,905.0,-411.0,0.0,-43.0,-454.0,8969.0,91.0,307.0,6.0,117.0,0.0,8.2,1.2,6.92
2012/10/12,26.1,26.3,25.85,25.95,985.0,25641.0,-0.1923,0.2203,595.0,-417.0,33.0,-46.0,-430.0,8988.0,73.0,52.0,1.0,127.0,11.0,8.19,1.2,6.94
2012/10/15,25.85,26.0,25.7,25.8,587.0,15175.0,-0.578,0.1313,361.0,-56.0,40.0,4.0,-12.0,8992.0,38.0,24.0,0.0,132.0,5.0,8.14,1.19,6.98
2012/10/16,25.95,26.15,25.7,26.1,860.0,22306.0,1.1628,0.1923,499.0,-100.0,0.0,7.0,-93.0,9131.0,150.0,10.0,2.0,135.0,5.0,8.23,1.2,6.9
2012/10/17,26.4,26.4,25.95,25.95,1099.0,28722.0,-0.5747,0.2458,555.0,-29.0,-355.0,-13.0,-397.0,9168.0,87.0,42.0,0.0,135.0,0.0,8.19,1.2,6.94
2012/10/18,26.1,26.2,26.0,26.05,508.0,13247.0,0.3854,0.1136,233.0,-37.0,4.0,14.0,-19.0,9280.0,199.0,70.0,0.0,139.0,4.0,8.22,1.2,6.91
2012/10/19,26.1,26.1,25.75,25.8,783.0,20231.0,-0.9597,0.1751,383.0,-163.0,0.0,-15.0,-178.0,9316.0,106.0,48.0,0.0,140.0,1.0,8.14,1.19,6.98
2012/10/22,25.6,25.6,25.35,25.6,758.0,19318.0,-0.7752,0.1695,344.0,-40.0,0.0,-12.0,-52.0,9285.0,59.0,90.0,2.0,138.0,0.0,8.08,1.18,7.03
2012/10/23,25.6,25.8,25.4,25.75,350.0,9012.0,0.5859,0.0783,185.0,18.0,0.0,-1.0,17.0,9236.0,32.0,75.0,10.0,132.0,4.0,8.12,1.19,6.99
2012/10/24,25.5,25.75,25.4,25.6,344.0,8818.0,-0.5825,0.0769,185.0,-24.0,0.0,-7.0,-31.0,9201.0,27.0,62.0,0.0,132.0,0.0,8.08,1.18,7.03
2012/10/25,25.65,25.9,25.1,25.1,1112.0,28154.0,-1.9531,0.2487,638.0,-392.0,-211.0,-32.0,-635.0,9359.0,222.0,64.0,2.0,131.0,1.0,7.92,1.16,7.17
2012/10/26,25.6,26.3,25.45,25.6,2821.0,72837.0,1.992,0.6308,1478.0,-152.0,30.0,-24.0,-146.0,9166.0,326.0,519.0,98.0,163.0,130.0,8.08,1.18,7.03
2012/10/29,25.8,26.25,25.65,25.85,1710.0,44346.0,0.9766,0.3824,788.0,-178.0,17.0,-24.0,-185.0,9323.0,319.0,150.0,92.0,133.0,62.0,8.15,1.16,6.96
2012/10/30,26.1,26.25,25.9,26.25,1391.0,36301.0,1.5474,0.3111,830.0,-328.0,50.0,29.0,-249.0,9428.0,236.0,130.0,6.0,132.0,15.0,8.5,1.18,6.86
2012/10/31,26.3,26.45,26.1,26.3,1322.0,34689.0,0.1905,0.2956,778.0,-112.0,0.0,-3.0,-115.0,9281.0,55.0,200.0,8.0,146.0,22.0,8.51,1.18,6.84
2012/11/01,26.3,26.7,25.9,26.6,1413.0,37298.0,1.1407,0.316,774.0,-30.0,-12.0,17.0,-25.0,9268.0,133.0,143.0,22.0,133.0,9.0,8.61,1.19,6.77
2012/11/02,26.8,26.8,26.1,26.1,2081.0,55108.0,-1.8797,0.4654,926.0,-383.0,-7.0,32.0,-358.0,9224.0,181.0,215.0,32.0,101.0,0.0,8.45,1.17,6.9
2012/11/05,26.1,26.55,26.05,26.4,1137.0,29887.0,1.1494,0.2543,499.0,278.0,-305.0,4.0,-23.0,9175.0,87.0,131.0,6.0,113.0,18.0,8.54,1.18,6.82
2012/11/06,26.6,26.6,26.3,26.6,697.0,18492.0,0.7576,0.1559,363.0,258.0,0.0,17.0,275.0,9117.0,50.0,108.0,2.0,116.0,5.0,8.61,1.19,6.77
2012/11/07,26.7,26.8,26.35,26.55,816.0,21686.0,-0.188,0.1825,444.0,191.0,0.0,30.0,221.0,8984.0,69.0,201.0,9.0,108.0,1.0,8.59,1.19,6.78
2012/11/08,26.3,26.7,26.25,26.7,808.0,21399.0,0.565,0.1807,380.0,179.0,0.0,-14.0,165.0,8958.0,72.0,98.0,4.0,114.0,10.0,8.64,1.2,6.74
2012/11/09,26.7,26.9,26.45,26.6,1375.0,36800.0,-0.3745,0.3075,632.0,434.0,20.0,-14.0,440.0,8640.0,29.0,322.0,2.0,122.0,10.0,8.61,1.19,6.77
2012/11/12,26.6,26.85,26.6,26.65,625.0,16713.0,0.188,0.1398,333.0,111.0,0.0,-19.0,92.0,8487.0,92.0,185.0,1.0,121.0,0.0,8.62,1.19,6.75
2012/11/13,26.9,26.9,26.3,26.7,741.0,19656.0,0.1876,0.1657,405.0,-292.0,1.0,-11.0,-302.0,8706.0,290.0,40.0,17.0,105.0,1.0,8.64,1.2,6.74
2012/11/14,26.8,26.85,26.5,26.6,569.0,15177.0,-0.3745,0.1272,328.0,142.0,0.0,11.0,153.0,8658.0,57.0,105.0,1.0,119.0,15.0,8.61,1.19,6.77
2012/11/15,26.5,26.6,26.3,26.5,615.0,16292.0,-0.3759,0.1375,343.0,90.0,0.0,-7.0,83.0,8568.0,52.0,140.0,31.0,88.0,0.0,8.58,1.19,6.79
2012/11/16,26.4,26.75,26.4,26.4,507.0,13435.0,-0.3774,0.1134,291.0,142.0,0.0,-7.0,135.0,8577.0,67.0,33.0,1.0,91.0,4.0,8.54,1.18,6.82
2012/11/19,26.55,26.65,26.3,26.45,504.0,13337.0,0.1894,0.1127,280.0,189.0,0.0,15.0,204.0,8413.0,42.0,203.0,7.0,95.0,11.0,8.56,1.19,6.81
2012/11/20,26.6,26.65,26.45,26.45,511.0,13572.0,0.0,0.1143,252.0,140.0,0.0,5.0,145.0,8418.0,79.0,74.0,0.0,111.0,16.0,8.56,1.19,6.81
2012/11/21,26.5,26.65,26.35,26.45,477.0,12659.0,0.0,0.1067,284.0,33.0,0.0,-11.0,22.0,8424.0,60.0,53.0,7.0,107.0,3.0,8.56,1.19,6.81
2012/11/22,26.5,26.5,26.3,26.3,280.0,7390.0,-0.5671,0.0626,152.0,1.0,-1.0,-20.0,-20.0,8417.0,24.0,25.0,15.0,91.0,0.0,8.51,1.18,6.84
2012/11/23,26.5,26.7,26.45,26.7,1026.0,27287.0,1.5209,0.2294,479.0,276.0,0.0,15.0,291.0,8442.0,124.0,98.0,6.0,88.0,4.0,8.64,1.2,6.74
2012/11/26,26.9,27.2,26.8,27.15,1782.0,48142.0,1.6854,0.3985,675.0,205.0,0.0,46.0,251.0,8704.0,498.0,136.0,7.0,83.0,2.0,8.79,1.22,6.63
2012/11/27,27.3,27.3,27.05,27.25,1587.0,43215.0,0.3683,0.3549,565.0,467.0,0.0,0.0,467.0,8854.0,362.0,212.0,0.0,90.0,7.0,8.82,1.22,6.61
2012/11/28,27.35,27.35,27.0,27.05,801.0,21720.0,-0.7339,0.1791,425.0,193.0,-43.0,1.0,151.0,8827.0,106.0,133.0,1.0,89.0,0.0,8.75,1.21,6.65
2012/11/29,27.15,27.3,27.1,27.2,1384.0,37702.0,0.5545,0.3095,703.0,803.0,0.0,16.0,819.0,8873.0,141.0,94.0,2.0,87.0,0.0,8.8,1.22,6.62
2012/11/30,27.2,27.5,27.1,27.35,1543.0,42218.0,0.5515,0.3441,690.0,488.0,-1.0,-29.0,458.0,8755.0,146.0,104.0,5.0,94.0,12.0,8.85,1.23,6.58
2012/12/03,27.35,27.75,27.35,27.6,2431.0,67109.0,0.9141,0.5421,1006.0,1151.0,0.0,-152.0,999.0,8767.0,295.0,283.0,1.0,97.0,4.0,8.93,1.24,6.52
2012/12/04,27.8,28.2,27.55,28.15,2937.0,82037.0,1.9928,0.655,1122.0,913.0,-4.0,32.0,941.0,9122.0,620.0,251.0,0.0,120.0,23.0,9.11,1.26,6.39
2012/12/05,28.15,28.15,27.85,28.0,1129.0,31639.0,-0.5329,0.2518,559.0,359.0,0.0,25.0,384.0,9057.0,138.0,203.0,10.0,110.0,0.0,9.06,1.26,6.43
2012/12/06,28.0,28.0,27.75,27.95,905.0,25223.0,-0.1786,0.2018,532.0,207.0,0.0,-43.0,164.0,8988.0,111.0,180.0,0.0,108.0,0.0,9.05,1.25,6.44
2012/12/07,27.9,27.9,27.7,27.8,937.0,26086.0,-0.5367,0.209,545.0,525.0,0.0,10.0,535.0,8967.0,82.0,103.0,2.0,106.0,0.0,9.0,1.25,6.47
2012/12/10,27.85,27.95,27.5,27.7,839.0,23234.0,-0.3597,0.1871,435.0,396.0,-1.0,23.0,418.0,8827.0,70.0,210.0,3.0,103.0,0.0,8.96,1.24,6.5
2012/12/11,27.6,27.6,27.3,27.3,895.0,24549.0,-1.444,0.1996,524.0,322.0,0.0,-23.0,299.0,8724.0,55.0,148.0,0.0,103.0,0.0,8.83,1.22,6.59
2012/12/12,27.35,27.65,27.35,27.5,934.0,25679.0,0.7326,0.2083,443.0,433.0,0.0,-11.0,422.0,8743.0,102.0,79.0,7.0,96.0,0.0,8.9,1.23,6.55
2012/12/13,27.55,27.8,27.5,27.8,1185.0,32804.0,1.0909,0.2643,535.0,410.0,0.0,-3.0,407.0,8688.0,137.0,189.0,10.0,100.0,14.0,9.0,1.25,6.47
2012/12/14,27.85,27.85,27.65,27.7,713.0,19798.0,-0.3597,0.159,386.0,187.0,-1.0,-25.0,161.0,8597.0,77.0,168.0,1.0,99.0,0.0,8.96,1.24,6.5
2012/12/17,27.7,27.9,27.55,27.9,888.0,24651.0,0.722,0.198,537.0,638.0,0.0,-14.0,624.0,8500.0,39.0,136.0,0.0,101.0,3.0,9.03,1.25,6.45
2012/12/18,27.9,27.9,27.55,27.7,858.0,23749.0,-0.7168,0.1913,424.0,307.0,0.0,-8.0,299.0,8489.0,108.0,119.0,0.0,101.0,0.0,8.96,1.24,6.5
2012/12/19,27.7,27.8,27.6,27.65,653.0,18100.0,-0.1805,0.1456,429.0,330.0,0.0,-43.0,287.0,8399.0,61.0,150.0,2.0,102.0,3.0,8.95,1.24,6.51
2012/12/20,27.65,27.7,27.55,27.65,504.0,13932.0,0.0,0.1124,252.0,132.0,-1.0,-12.0,119.0,8281.0,72.0,190.0,2.0,101.0,1.0,8.95,1.24,6.51
2012/12/21,27.65,27.65,27.2,27.5,1064.0,29178.0,-0.5425,0.2373,471.0,241.0,-8.0,-6.0,227.0,8176.0,83.0,176.0,3.0,99.0,1.0,8.9,1.23,6.55
2012/12/22,27.5,27.5,27.25,27.25,284.0,7770.0,-0.9091,0.0633,149.0,0.0,-12.0,3.0,-9.0,8161.0,49.0,64.0,4.0,100.0,5.0,8.82,1.22,6.61
2012/12/24,27.2,27.2,26.8,26.8,1288.0,34735.0,-1.6514,0.2872,625.0,41.0,-288.0,13.0,-234.0,8068.0,124.0,217.0,2.0,98.0,0.0,8.67,1.2,6.72
2012/12/25,26.65,27.1,26.65,27.0,935.0,25184.0,0.7463,0.2085,386.0,323.0,0.0,-3.0,320.0,8159.0,174.0,83.0,0.0,102.0,4.0,8.74,1.21,6.67
2012/12/26,27.0,27.1,26.65,26.75,1663.0,44627.0,-0.9259,0.3709,601.0,84.0,0.0,0.0,84.0,8398.0,319.0,78.0,1.0,111.0,10.0,8.66,1.2,6.73
2012/12/27,26.75,26.95,26.7,26.9,700.0,18780.0,0.5607,0.1561,358.0,159.0,-272.0,-1.0,-114.0,8385.0,56.0,69.0,0.0,126.0,15.0,8.71,1.21,6.69
2012/12/28,26.9,27.2,26.9,27.2,1176.0,31879.0,1.1152,0.262,630.0,516.0,-110.0,10.0,416.0,8417.0,300.0,267.0,0.0,127.0,1.0,8.8,1.22,6.62
2013/01/02,27.3,27.55,27.2,27.45,866.0,23716.0,0.9191,0.1929,560.0,163.0,0.0,-51.0,112.0,8392.0,126.0,151.0,0.0,127.0,0.0,8.88,1.23,6.56
2013/01/03,27.6,27.8,27.55,27.65,1130.0,31280.0,0.7286,0.2518,584.0,151.0,-1.0,0.0,150.0,8559.0,299.0,132.0,0.0,147.0,20.0,8.95,1.24,6.51
2013/01/04,27.65,27.65,27.4,27.5,991.0,27268.0,-0.5425,0.2208,484.0,102.0,-2.0,-4.0,96.0,8576.0,169.0,152.0,0.0,148.0,1.0,8.9,1.23,6.55
2013/01/07,27.5,27.6,27.4,27.6,547.0,15084.0,0.3636,0.1219,274.0,191.0,5.0,-3.0,193.0,8484.0,19.0,111.0,0.0,148.0,0.0,8.93,1.24,6.52
2013/01/08,27.25,27.25,26.85,27.25,941.0,25493.0,-1.2681,0.2097,494.0,173.0,0.0,-9.0,164.0,8388.0,93.0,189.0,0.0,147.0,0.0,8.82,1.22,6.61
2013/01/09,27.25,27.25,27.05,27.25,552.0,15044.0,0.0,0.123,313.0,329.0,0.0,0.0,329.0,8323.0,5.0,70.0,0.0,147.0,0.0,8.82,1.22,6.61
2013/01/10,27.25,27.5,27.1,27.35,861.0,23497.0,0.367,0.1918,529.0,415.0,0.0,-8.0,407.0,8295.0,43.0,49.0,2.0,167.0,22.0,8.85,1.23,6.58
2013/01/11,27.5,27.5,27.3,27.45,960.0,26311.0,0.3656,0.2139,516.0,490.0,2.0,0.0,492.0,8109.0,31.0,216.0,0.0,174.0,7.0,8.88,1.23,6.56
2013/01/14,27.5,27.5,27.2,27.4,538.0,14703.0,-0.1821,0.1199,254.0,94.0,0.0,-1.0,93.0,8183.0,117.0,43.0,0.0,174.0,0.0,8.87,1.23,6.57
2013/01/15,27.3,27.5,27.1,27.4,1057.0,28907.0,0.0,0.2355,574.0,592.0,0.0,0.0,592.0,8131.0,48.0,90.0,0.0,174.0,0.0,8.87,1.23,6.57
2013/01/16,27.5,27.95,27.25,27.5,1764.0,48762.0,0.365,0.393,771.0,730.0,0.0,-2.0,728.0,8201.0,231.0,161.0,0.0,185.0,11.0,8.9,1.23,6.55
2013/01/17,27.5,27.7,27.1,27.2,1067.0,29309.0,-1.0909,0.2377,573.0,311.0,1.0,-2.0,310.0,7988.0,81.0,294.0,5.0,180.0,0.0,8.8,1.22,6.62
2013/01/18,27.4,27.7,27.35,27.7,602.0,16580.0,1.8382,0.1341,347.0,311.0,0.0,1.0,312.0,7962.0,44.0,70.0,0.0,210.0,30.0,8.96,1.24,6.5
2013/01/21,27.7,28.05,27.6,28.0,1772.0,49428.0,1.083,0.3948,907.0,508.0,-1.0,-2.0,505.0,8190.0,398.0,160.0,3.0,219.0,12.0,9.06,1.26,6.43
2013/01/22,28.5,28.6,28.3,28.4,3196.0,90893.0,1.4286,0.7121,1593.0,805.0,0.0,-8.0,797.0,8139.0,646.0,696.0,20.0,227.0,28.0,9.19,1.27,6.34
2013/01/23,28.4,28.5,28.2,28.35,1334.0,37825.0,-0.1761,0.2972,754.0,336.0,-1.0,0.0,335.0,8135.0,201.0,205.0,2.0,231.0,6.0,9.17,1.27,6.35
2013/01/24,28.3,28.4,28.05,28.2,992.0,27977.0,-0.5291,0.221,472.0,100.0,-2.0,-2.0,96.0,8222.0,284.0,187.0,0.0,231.0,0.0,9.13,1.26,6.38
2013/01/25,28.2,28.2,27.9,27.95,858.0,24060.0,-0.8865,0.1912,454.0,108.0,-1.0,-3.0,104.0,8260.0,186.0,142.0,5.0,233.0,7.0,9.05,1.25,6.44
2013/01/28,27.95,28.1,27.95,28.1,732.0,20520.0,0.5367,0.1631,384.0,105.0,0.0,0.0,105.0,8250.0,155.0,164.0,0.0,238.0,5.0,9.09,1.26,6.41
2013/01/29,28.1,28.35,28.1,28.1,995.0,28064.0,0.0,0.2217,549.0,91.0,0.0,23.0,114.0,8173.0,156.0,196.0,0.0,259.0,21.0,9.09,1.26,6.41
2013/01/30,28.1,28.2,28.1,28.15,902.0,25410.0,0.1779,0.201,465.0,173.0,0.0,11.0,184.0,8102.0,121.0,192.0,0.0,269.0,10.0,9.11,1.26,6.39
2013/01/31,28.15,28.2,27.75,27.75,1323.0,37048.0,-1.421,0.2947,738.0,-291.0,1.0,0.0,-290.0,8126.0,196.0,164.0,30.0,257.0,19.0,8.98,1.24,6.49
2013/02/01,27.75,28.0,27.6,27.65,1252.0,34813.0,-0.3604,0.2789,762.0,146.0,-150.0,36.0,32.0,8114.0,209.0,161.0,1.0,335.0,79.0,8.95,1.24,6.51
2013/02/04,27.65,28.05,27.65,27.9,667.0,18626.0,0.9042,0.1486,385.0,159.0,13.0,0.0,172.0,8005.0,43.0,136.0,12.0,338.0,15.0,9.03,1.25,6.45
2013/02/05,27.8,28.05,27.7,27.8,832.0,23207.0,-0.3584,0.1853,456.0,123.0,-87.0,1.0,37.0,7953.0,181.0,210.0,10.0,333.0,5.0,9.0,1.25,6.47
2013/02/06,28.0,28.0,27.65,27.7,736.0,20426.0,-0.3597,0.1639,489.0,-54.0,-3.0,0.0,-57.0,7858.0,76.0,162.0,0.0,333.0,0.0,8.96,1.24,6.5
2013/02/18,28.1,28.15,27.9,28.1,1130.0,31708.0,1.444,0.2517,652.0,162.0,0.0,0.0,162.0,7793.0,146.0,196.0,0.0,335.0,2.0,9.09,1.26,6.41
2013/02/19,28.25,28.25,28.0,28.05,699.0,19684.0,-0.1779,0.1557,441.0,-204.0,-2.0,-8.0,-214.0,7843.0,105.0,50.0,0.0,350.0,15.0,9.08,1.26,6.42
2013/02/20,28.15,28.2,28.05,28.2,1016.0,28584.0,0.5348,0.2263,481.0,-39.0,0.0,-11.0,-50.0,7831.0,185.0,196.0,0.0,354.0,4.0,9.13,1.26,6.38
2013/02/21,28.2,28.2,27.85,28.0,710.0,19878.0,-0.7092,0.1581,326.0,17.0,128.0,0.0,145.0,7687.0,39.0,163.0,0.0,354.0,0.0,9.06,1.26,6.43
2013/02/22,28.0,28.0,27.65,27.85,946.0,26312.0,-0.5357,0.2107,447.0,-106.0,-3.0,-7.0,-116.0,7682.0,190.0,142.0,2.0,352.0,0.0,9.01,1.25,6.46
2013/02/23,27.85,28.0,27.8,27.95,543.0,15150.0,0.3591,0.1209,226.0,0.0,-1.0,0.0,-1.0,7753.0,101.0,30.0,4.0,560.0,212.0,9.05,1.25,6.44
2013/02/25,28.0,28.1,27.85,28.0,559.0,15644.0,0.1789,0.1245,378.0,-59.0,130.0,0.0,71.0,7740.0,60.0,43.0,0.0,591.0,31.0,9.06,1.26,6.43
2013/02/26,28.0,28.0,27.85,27.95,402.0,11248.0,-0.1786,0.0895,228.0,79.0,50.0,0.0,129.0,7664.0,31.0,107.0,0.0,602.0,11.0,9.05,1.25,6.44
2013/02/27,27.95,28.0,27.8,27.8,643.0,17953.0,-0.5367,0.1432,336.0,-84.0,0.0,10.0,-74.0,7621.0,76.0,119.0,5.0,597.0,0.0,9.0,1.25,6.47
2013/03/01,27.9,28.05,27.85,27.95,824.0,23037.0,0.5396,0.1835,469.0,126.0,0.0,0.0,126.0,7587.0,71.0,105.0,0.0,657.0,61.0,9.05,1.25,6.44
2013/03/04,28.05,28.1,27.85,27.9,916.0,25618.0,-0.1789,0.204,474.0,-157.0,0.0,0.0,-157.0,7414.0,56.0,129.0,6.0,696.0,45.0,9.03,1.25,6.45
2013/03/05,27.95,28.0,27.8,27.8,808.0,22499.0,-0.3584,0.18,369.0,-54.0,0.0,0.0,-54.0,7424.0,69.0,56.0,0.0,733.0,37.0,9.0,1.25,6.47
2013/03/06,28.0,28.0,27.7,27.7,846.0,23490.0,-0.3597,0.1884,424.0,-81.0,0.0,0.0,-81.0,7369.0,37.0,92.0,0.0,794.0,61.0,8.96,1.24,6.5
2013/03/07,27.7,27.8,27.65,27.7,903.0,25040.0,0.0,0.2011,514.0,-207.0,0.0,7.0,-200.0,7343.0,112.0,136.0,1.0,931.0,138.0,8.96,1.24,6.5
2013/03/08,27.7,28.2,27.7,28.0,1520.0,42545.0,1.083,0.3385,599.0,61.0,-2.0,164.0,223.0,7381.0,359.0,321.0,0.0,1179.0,248.0,9.06,1.26,6.43
2013/03/11,28.0,28.0,27.6,27.7,2169.0,60149.0,-1.0714,0.4831,918.0,314.0,0.0,-168.0,146.0,7312.0,284.0,319.0,34.0,1149.0,4.0,8.96,1.24,6.5
2013/03/12,27.7,27.85,27.6,27.65,949.0,26258.0,-0.1805,0.2114,506.0,151.0,-310.0,0.0,-159.0,7148.0,39.0,202.0,1.0,1165.0,17.0,8.95,1.24,6.51
2013/03/13,27.65,27.8,27.35,27.5,1312.0,36038.0,-0.5425,0.2922,761.0,50.0,5.0,8.0,63.0,6942.0,122.0,328.0,0.0,1170.0,5.0,8.9,1.23,6.55
2013/03/14,27.5,27.5,27.25,27.3,689.0,18882.0,-0.7273,0.1535,426.0,46.0,-1.0,-13.0,32.0,6960.0,171.0,90.0,30.0,1140.0,0.0,8.83,1.22,6.59
2013/03/15,27.3,27.4,26.9,26.9,1629.0,44148.0,-1.4652,0.3628,790.0,-205.0,-3.0,25.0,-183.0,6927.0,175.0,207.0,67.0,1077.0,4.0,8.71,1.21,6.69
2013/03/18,26.7,26.9,26.5,26.9,1528.0,40747.0,0.0,0.3403,706.0,147.0,-2.0,-1.0,144.0,6987.0,355.0,295.0,14.0,1075.0,12.0,8.71,1.21,6.69
2013/03/19,26.9,27.45,26.65,27.4,1381.0,37268.0,1.8587,0.3076,605.0,-349.0,0.0,0.0,-349.0,6907.0,63.0,134.0,1.0,1140.0,66.0,8.87,1.23,6.57
2013/03/20,27.3,27.5,27.05,27.05,2522.0,68876.0,-1.2774,0.5617,752.0,-151.0,0.0,-13.0,-164.0,6857.0,299.0,44.0,42.0,1104.0,6.0,8.75,1.21,6.65
2013/03/21,27.1,27.2,27.0,27.05,642.0,17405.0,0.0,0.143,345.0,-38.0,0.0,-7.0,-45.0,6836.0,92.0,113.0,9.0,1111.0,16.0,8.75,1.19,6.65
2013/03/22,27.05,27.2,26.9,26.95,740.0,19999.0,-0.3697,0.1648,419.0,-274.0,-1.0,0.0,-275.0,6776.0,132.0,180.0,4.0,1107.0,0.0,8.92,1.18,6.68
2013/03/25,27.1,27.25,27.0,27.1,638.0,17308.0,0.5566,0.1421,363.0,52.0,0.0,0.0,52.0,6812.0,117.0,81.0,10.0,1102.0,5.0,8.97,1.19,6.64
2013/03/26,27.1,27.25,27.05,27.1,410.0,11136.0,0.0,0.0913,272.0,-18.0,0.0,-2.0,-20.0,6822.0,61.0,49.0,36.0,1071.0,5.0,8.97,1.19,6.64
2013/03/27,27.1,27.3,27.1,27.1,637.0,17321.0,0.0,0.1419,304.0,53.0,105.0,0.0,158.0,6696.0,40.0,146.0,2.0,1069.0,0.0,8.97,1.19,6.64
2013/03/28,27.1,27.3,27.0,27.3,810.0,22006.0,0.738,0.1804,452.0,-156.0,0.0,-8.0,-164.0,6660.0,42.0,76.0,20.0,1049.0,0.0,9.04,1.2,6.59
2013/03/29,27.4,27.4,27.0,27.0,1207.0,32710.0,-1.0989,0.2688,532.0,-120.0,0.0,6.0,-114.0,6634.0,82.0,108.0,36.0,1013.0,0.0,8.94,1.18,6.67
2013/04/01,27.0,27.1,27.0,27.0,406.0,10981.0,0.0,0.0904,219.0,-7.0,-1.0,-10.0,-18.0,6594.0,36.0,76.0,61.0,957.0,5.0,8.94,1.18,6.67
2013/04/02,27.0,27.25,27.0,27.25,644.0,17467.0,0.9259,0.1434,311.0,199.0,0.0,0.0,199.0,6440.0,12.0,166.0,70.0,907.0,20.0,9.02,1.19,6.61
2013/04/03,27.25,27.25,27.0,27.05,794.0,21513.0,-0.7339,0.1768,500.0,-75.0,0.0,2.0,-73.0,6455.0,51.0,36.0,31.0,876.0,0.0,8.96,1.19,6.65
2013/04/08,26.9,27.05,26.5,26.55,1280.0,34110.0,-1.8484,0.2851,683.0,35.0,0.0,-8.0,27.0,6241.0,65.0,279.0,113.0,763.0,0.0,8.79,1.16,6.78
2013/04/09,26.2,26.45,26.2,26.3,1361.0,35811.0,-0.9416,0.3031,676.0,-219.0,0.0,0.0,-219.0,6173.0,56.0,123.0,42.0,721.0,0.0,8.71,1.15,6.84
2013/04/10,26.3,26.65,26.25,26.6,786.0,20822.0,1.1407,0.1751,453.0,199.0,0.0,0.0,199.0,6092.0,43.0,119.0,25.0,696.0,0.0,8.81,1.17,6.77
2013/04/11,26.6,26.9,26.6,26.85,580.0,15548.0,0.9398,0.1292,354.0,24.0,0.0,0.0,24.0,6063.0,24.0,53.0,267.0,429.0,0.0,8.89,1.18,6.7
2013/04/12,26.85,26.85,26.5,26.65,674.0,17994.0,-0.7449,0.1501,424.0,-128.0,-1.0,0.0,-129.0,6035.0,13.0,41.0,178.0,251.0,0.0,8.82,1.17,6.75
2013/04/15,26.65,26.7,26.3,26.3,795.0,21087.0,-1.3133,0.1771,458.0,-386.0,-2.0,0.0,-388.0,5940.0,22.0,67.0,251.0,0.0,0.0,8.71,1.15,6.84
2013/04/16,26.05,26.45,26.0,26.45,789.0,20662.0,0.5703,0.1757,455.0,-48.0,0.0,0.0,-48.0,5910.0,0.0,20.0,0.0,0.0,0.0,8.76,1.16,6.81
2013/04/17,26.45,26.5,26.2,26.4,666.0,17583.0,-0.189,0.1483,417.0,21.0,-67.0,-46.0,-92.0,5880.0,0.0,30.0,0.0,0.0,0.0,8.74,1.16,6.82
2013/04/18,26.7,26.7,26.5,26.6,720.0,19184.0,0.7576,0.1604,614.0,348.0,0.0,0.0,348.0,5829.0,0.0,51.0,0.0,0.0,0.0,8.81,1.17,6.77
2013/04/19,26.6,26.6,26.4,26.5,623.0,16534.0,-0.3759,0.1388,402.0,108.0,-4.0,0.0,104.0,5938.0,129.0,20.0,0.0,102.0,102.0,8.77,1.16,6.79
2013/04/22,26.5,26.7,26.4,26.5,763.0,20249.0,0.0,0.1699,363.0,-85.0,0.0,0.0,-85.0,6009.0,81.0,10.0,0.0,438.0,336.0,8.77,1.16,6.79
2013/04/23,26.4,26.5,26.3,26.4,545.0,14391.0,-0.3774,0.1214,381.0,193.0,-3.0,0.0,190.0,6046.0,61.0,21.0,0.0,471.0,33.0,8.74,1.16,6.82
2013/04/24,26.4,26.9,26.4,26.8,2360.0,63048.0,1.5152,0.5256,940.0,38.0,-1.0,-7.0,30.0,6165.0,504.0,380.0,0.0,927.0,456.0,8.87,1.17,6.72
2013/04/25,26.9,27.3,26.9,27.15,2541.0,69003.0,1.306,0.5659,1122.0,-362.0,-5.0,0.0,-367.0,6230.0,313.0,248.0,1.0,1239.0,313.0,8.99,1.19,6.63
2013/04/26,27.3,27.3,27.05,27.05,1374.0,37334.0,-0.3683,0.306,586.0,-29.0,-3.0,0.0,-32.0,6437.0,305.0,96.0,0.0,1333.0,94.0,8.96,1.19,6.65
2013/04/29,27.1,27.15,27.0,27.05,522.0,14148.0,0.0,0.1163,209.0,51.0,-2.0,5.0,54.0,6496.0,133.0,74.0,0.0,1471.0,138.0,8.96,1.19,6.65
2013/04/30,27.2,27.2,27.0,27.0,944.0,25563.0,-0.1848,0.2103,581.0,-109.0,0.0,2.0,-107.0,6465.0,57.0,88.0,5.0,1545.0,79.0,8.94,1.18,6.67
2013/05/02,27.1,27.2,27.0,27.1,845.0,22916.0,0.3704,0.1882,520.0,279.0,0.0,0.0,279.0,6457.0,59.0,67.0,20.0,1715.0,190.0,8.97,1.19,8.12
2013/05/03,27.1,27.2,27.0,27.1,1138.0,30829.0,0.0,0.2535,433.0,162.0,-6.0,0.0,156.0,6513.0,72.0,15.0,0.0,1765.0,50.0,8.97,1.19,8.12
2013/05/06,27.25,27.25,27.0,27.0,1104.0,29871.0,-0.369,0.2459,455.0,103.0,-3.0,0.0,100.0,6530.0,56.0,39.0,2.0,1771.0,8.0,8.97,1.19,8.15
2013/05/07,27.0,27.1,26.95,27.1,690.0,18652.0,0.3704,0.1537,241.0,45.0,0.0,0.0,45.0,6542.0,17.0,5.0,0.0,1787.0,16.0,9.0,1.19,8.12
2013/05/08,27.2,27.25,27.0,27.0,1211.0,32819.0,-0.369,0.2697,574.0,-46.0,0.0,0.0,-46.0,6524.0,84.0,101.0,1.0,1788.0,2.0,8.97,1.19,8.15
2013/05/09,27.0,27.1,26.9,26.95,1285.0,34682.0,-0.1852,0.2862,679.0,-92.0,-1.0,0.0,-93.0,6640.0,127.0,11.0,7.0,1803.0,22.0,8.95,1.19,8.16
2013/05/10,27.0,27.1,26.85,26.85,824.0,22222.0,-0.3711,0.1835,341.0,-203.0,0.0,1.0,-202.0,6591.0,89.0,138.0,0.0,1898.0,95.0,8.92,1.18,8.19
2013/05/13,26.8,26.8,26.15,26.35,3392.0,89216.0,-1.8622,0.7555,1417.0,-1134.0,-3.0,0.0,-1137.0,6493.0,232.0,330.0,251.0,1647.0,0.0,8.75,1.15,8.35
2013/05/14,26.3,26.3,26.1,26.2,1305.0,34168.0,-0.5693,0.2907,490.0,-373.0,0.0,2.0,-371.0,6428.0,40.0,105.0,100.0,1547.0,0.0,10.44,1.15,8.4
2013/05/15,26.2,26.45,26.15,26.45,873.0,22953.0,0.9542,0.1944,427.0,-61.0,0.0,-9.0,-70.0,6405.0,29.0,52.0,60.0,1490.0,3.0,10.54,1.16,8.32
2013/05/16,26.5,26.55,26.2,26.25,1883.0,49532.0,-0.7561,0.4194,969.0,-674.0,0.0,4.0,-670.0,6243.0,128.0,285.0,83.0,1407.0,0.0,10.46,1.15,8.38
2013/05/17,26.25,26.35,26.2,26.2,859.0,22580.0,-0.1905,0.1913,498.0,-217.0,0.0,3.0,-214.0,6270.0,71.0,42.0,4.0,1413.0,10.0,10.44,1.15,8.4
2013/05/20,26.2,26.35,26.2,26.25,993.0,26080.0,0.1908,0.2212,495.0,-431.0,-2.0,0.0,-433.0,6294.0,53.0,29.0,18.0,1399.0,4.0,10.46,1.15,8.38
2013/05/21,26.25,26.4,26.2,26.4,1114.0,29325.0,0.5714,0.2481,466.0,-296.0,0.0,0.0,-296.0,6473.0,208.0,28.0,60.0,1339.0,0.0,10.52,1.16,8.33
2013/05/22,26.4,26.45,26.25,26.3,1509.0,39714.0,-0.3788,0.3361,799.0,-957.0,-9.0,0.0,-966.0,6641.0,207.0,38.0,54.0,1296.0,11.0,10.48,1.15,8.37
2013/05/23,26.3,26.3,26.2,26.25,1266.0,33252.0,-0.1901,0.282,748.0,-519.0,0.0,-3.0,-522.0,6605.0,44.0,80.0,197.0,1129.0,30.0,10.46,1.15,8.38
2013/05/24,26.25,26.35,26.2,26.25,950.0,24947.0,0.0,0.2116,505.0,-326.0,-3.0,-1.0,-330.0,6579.0,50.0,76.0,0.0,1158.0,30.0,10.46,1.15,8.38
2013/05/27,26.25,26.65,26.25,26.6,1112.0,29440.0,1.3333,0.2477,461.0,-332.0,0.0,-1.0,-333.0,6925.0,477.0,131.0,3.0,1156.0,1.0,10.6,1.17,8.27
2013/05/28,26.6,26.6,26.3,26.35,725.0,19132.0,-0.9398,0.1615,345.0,-181.0,0.0,0.0,-181.0,6921.0,68.0,72.0,0.0,1156.0,0.0,10.5,1.15,8.35
2013/05/29,26.35,26.45,26.3,26.35,1362.0,35927.0,0.0,0.3033,528.0,-418.0,0.0,0.0,-418.0,6596.0,90.0,415.0,0.0,1186.0,30.0,10.5,1.15,8.35
2013/05/30,26.35,26.5,26.3,26.35,726.0,19153.0,0.0,0.1617,307.0,-136.0,-1.0,0.0,-137.0,6510.0,18.0,104.0,0.0,1226.0,40.0,10.5,1.15,8.35
2013/05/31,26.35,26.5,26.35,26.35,818.0,21618.0,0.0,0.1822,394.0,-72.0,0.0,0.0,-72.0,6618.0,155.0,47.0,0.0,1226.0,0.0,10.5,1.15,8.35
2013/06/03,26.3,26.35,26.25,26.3,874.0,22970.0,-0.1898,0.1947,465.0,-116.0,-119.0,0.0,-235.0,6609.0,50.0,59.0,0.0,1226.0,0.0,10.48,1.15,8.37
2013/06/04,26.3,26.35,26.25,26.25,716.0,18843.0,-0.1901,0.1595,416.0,-76.0,0.0,0.0,-76.0,6607.0,62.0,54.0,12.0,1225.0,11.0,10.46,1.15,8.38
2013/06/05,26.25,26.3,26.2,26.2,839.0,22048.0,-0.1905,0.1869,448.0,64.0,0.0,-4.0,60.0,6550.0,84.0,141.0,41.0,1194.0,10.0,10.44,1.15,8.4
2013/06/06,26.2,26.25,26.15,26.15,631.0,16532.0,-0.1908,0.1405,373.0,-20.0,0.0,-3.0,-23.0,6466.0,34.0,113.0,0.0,1230.0,36.0,10.42,1.15,8.41
2013/06/07,26.15,26.2,26.1,26.1,677.0,17735.0,-0.1912,0.1508,369.0,83.0,2.0,-16.0,69.0,6425.0,14.0,55.0,18.0,1248.0,36.0,10.4,1.14,8.43
2013/06/10,26.15,26.3,26.15,26.25,367.0,9630.0,0.5747,0.0817,209.0,24.0,0.0,1.0,25.0,6413.0,12.0,24.0,7.0,1252.0,11.0,10.46,1.15,8.38
2013/06/11,26.2,26.2,26.0,26.05,1057.0,27559.0,-0.7619,0.2354,472.0,-76.0,-78.0,-1.0,-155.0,6423.0,66.0,56.0,55.0,1197.0,0.0,10.38,1.14,8.45
2013/06/13,26.0,26.0,25.6,25.65,1504.0,38653.0,-1.5355,0.335,761.0,-22.0,-74.0,0.0,-96.0,6307.0,68.0,84.0,62.0,1135.0,0.0,10.22,1.12,8.58
2013/06/14,25.7,25.9,25.5,25.65,933.0,23917.0,0.0,0.2078,548.0,74.0,0.0,-1.0,73.0,6258.0,39.0,88.0,0.0,1180.0,45.0,10.22,1.12,8.58
2013/06/17,25.65,26.0,25.65,26.0,447.0,11590.0,1.3645,0.0996,313.0,129.0,0.0,0.0,129.0,6225.0,14.0,47.0,10.0,1200.0,30.0,10.36,1.14,8.46
2013/06/18,26.2,26.2,25.9,26.2,331.0,8642.0,0.7692,0.0737,240.0,95.0,0.0,-2.0,93.0,6201.0,13.0,37.0,3.0,1197.0,0.0,10.44,1.15,8.4
2013/06/19,26.3,26.3,26.1,26.15,463.0,12135.0,-0.1908,0.1031,301.0,-9.0,0.0,0.0,-9.0,6220.0,42.0,23.0,40.0,1158.0,1.0,10.42,1.15,8.41
2013/06/20,26.0,26.15,25.85,25.95,641.0,16686.0,-0.7648,0.1428,424.0,218.0,0.0,0.0,218.0,6193.0,17.0,44.0,48.0,1110.0,0.0,10.34,1.14,8.48
2013/06/21,25.9,27.1,25.6,27.1,2427.0,64355.0,4.4316,0.5406,756.0,1167.0,0.0,1.0,1168.0,6126.0,93.0,160.0,16.0,1096.0,2.0,10.8,1.19,8.12
2013/06/24,27.0,27.1,26.55,26.75,2167.0,58189.0,-1.2915,0.4826,921.0,613.0,-1.0,0.0,612.0,6198.0,301.0,229.0,96.0,1020.0,20.0,10.66,1.17,8.22
2013/06/25,26.75,26.85,26.5,26.5,1030.0,27442.0,-0.9346,0.2294,587.0,8.0,0.0,11.0,19.0,6183.0,151.0,146.0,161.0,859.0,0.0,10.56,1.16,8.3
2013/06/26,26.5,26.8,26.5,26.75,502.0,13377.0,0.9434,0.1118,349.0,177.0,0.0,0.0,177.0,6107.0,28.0,104.0,0.0,859.0,0.0,10.66,1.17,8.22
2013/06/27,26.8,27.0,26.6,26.8,977.0,26207.0,0.1869,0.2176,478.0,137.0,1.0,-2.0,136.0,6079.0,65.0,93.0,0.0,859.0,0.0,10.68,1.17,8.21
2013/06/28,26.9,26.95,26.65,26.9,414.0,11104.0,0.3731,0.0922,248.0,105.0,1.0,-9.0,97.0,6051.0,27.0,55.0,0.0,859.0,0.0,10.72,1.18,8.18
2013/07/01,26.9,26.9,26.65,26.75,566.0,15149.0,-0.5576,0.1261,257.0,28.0,0.0,0.0,28.0,6086.0,46.0,11.0,150.0,709.0,0.0,10.66,1.17,8.22
2013/07/02,26.7,26.75,26.4,26.4,693.0,18416.0,-1.3084,0.1543,363.0,-10.0,0.0,-4.0,-14.0,6144.0,128.0,70.0,36.0,673.0,0.0,10.52,1.16,8.33
2013/07/03,26.4,26.6,26.4,26.4,687.0,18203.0,0.0,0.153,421.0,170.0,0.0,-2.0,168.0,6143.0,72.0,73.0,12.0,662.0,1.0,10.52,1.16,8.33
2013/07/04,26.4,26.55,26.35,26.55,318.0,8426.0,0.5682,0.0708,213.0,84.0,-1.0,12.0,95.0,6125.0,17.0,35.0,0.0,662.0,0.0,10.58,1.16,8.29
2013/07/05,26.6,26.7,26.5,26.55,422.0,11251.0,0.0,0.094,273.0,3.0,-18.0,5.0,-10.0,6123.0,21.0,23.0,105.0,557.0,0.0,10.58,1.16,8.29
2013/07/08,26.6,26.7,26.4,26.6,311.0,8276.0,0.1883,0.0693,196.0,87.0,0.0,-1.0,86.0,6121.0,30.0,32.0,40.0,537.0,20.0,10.6,1.17,8.27
2013/07/09,26.4,26.45,26.2,26.25,669.0,17619.0,-1.3158,0.149,379.0,-48.0,0.0,0.0,-48.0,6165.0,79.0,35.0,37.0,500.0,0.0,10.46,1.15,8.38
2013/07/10,26.25,26.4,26.2,26.25,620.0,16313.0,0.0,0.1381,297.0,22.0,0.0,0.0,22.0,6162.0,38.0,41.0,5.0,499.0,4.0,10.46,1.15,8.38
2013/07/11,26.25,26.4,26.2,26.2,786.0,20683.0,-0.1905,0.1751,418.0,-93.0,9.0,2.0,-82.0,6161.0,121.0,122.0,2.0,497.0,0.0,10.44,1.15,8.4
2013/07/12,26.4,26.4,26.2,26.3,411.0,10793.0,0.3817,0.0915,266.0,22.0,0.0,2.0,24.0,6151.0,43.0,53.0,2.0,495.0,0.0,10.48,1.15,8.37
2013/07/15,26.4,26.75,26.4,26.7,1013.0,26985.0,1.5209,0.2256,507.0,279.0,0.0,5.0,284.0,6136.0,73.0,88.0,118.0,377.0,0.0,10.64,1.17,8.24
2013/07/16,26.7,26.7,26.5,26.6,583.0,15520.0,-0.3745,0.1298,351.0,5.0,0.0,14.0,19.0,6103.0,17.0,50.0,8.0,369.0,0.0,10.6,1.17,8.27
2013/07/17,26.7,26.8,26.6,26.75,871.0,23249.0,0.5639,0.194,465.0,-109.0,0.0,3.0,-106.0,5951.0,31.0,183.0,26.0,343.0,0.0,10.66,1.17,8.22
2013/07/18,26.8,26.85,26.7,26.85,712.0,19086.0,0.3738,0.1586,411.0,141.0,0.0,0.0,141.0,5958.0,81.0,74.0,22.0,323.0,2.0,10.7,1.18,8.19
2013/07/19,26.85,26.85,26.65,26.8,722.0,19332.0,-0.1862,0.1608,341.0,93.0,0.0,2.0,95.0,5857.0,16.0,117.0,39.0,284.0,0.0,10.68,1.17,8.21
2013/07/22,26.8,26.85,26.7,26.8,691.0,18500.0,0.0,0.1539,402.0,263.0,0.0,0.0,263.0,5754.0,43.0,86.0,28.0,257.0,1.0,10.68,1.17,8.21
2013/07/23,26.8,26.85,26.65,26.8,1165.0,31178.0,0.0,0.2595,477.0,-55.0,0.0,4.0,-51.0,5588.0,57.0,223.0,78.0,179.0,0.0,10.68,1.17,8.21
2013/07/24,26.8,26.8,26.6,26.6,1320.0,35237.0,-0.7463,0.294,470.0,173.0,0.0,0.0,173.0,5641.0,127.0,41.0,179.0,0.0,0.0,10.6,1.17,8.27
2013/07/25,26.6,26.85,26.6,26.65,1182.0,31610.0,0.188,0.2633,574.0,235.0,0.0,1.0,236.0,5582.0,0.0,59.0,0.0,0.0,0.0,10.62,1.17,8.26
2013/07/26,26.7,26.8,26.65,26.7,2402.0,63950.0,0.1876,0.535,547.0,277.0,0.0,1161.0,1438.0,5537.0,0.0,45.0,0.0,0.0,0.0,10.64,1.17,8.24
2013/07/29,26.8,27.1,26.75,26.85,5326.0,143292.0,0.5618,1.1862,1605.0,-427.0,0.0,37.0,-390.0,5013.0,0.0,478.0,0.0,0.0,0.0,10.7,1.18,8.19
2013/07/30,24.65,24.8,24.4,24.45,3548.0,87157.0,-0.7449,0.7902,1065.0,129.0,0.0,-1205.0,-1076.0,5005.0,240.0,248.0,0.0,17.0,17.0,9.74,1.07,9.0
2013/07/31,24.4,24.4,24.0,24.1,1631.0,39430.0,-1.4315,0.3633,877.0,-36.0,0.0,0.0,-36.0,5080.0,236.0,151.0,0.0,17.0,0.0,9.6,1.06,9.13
2013/08/01,24.0,24.05,23.1,23.35,2286.0,53798.0,-3.112,0.5091,940.0,-39.0,0.0,0.0,-39.0,5231.0,479.0,320.0,0.0,17.0,0.0,9.3,1.02,9.42
2013/08/02,23.4,23.6,23.3,23.55,1135.0,26650.0,0.8565,0.2528,668.0,576.0,0.0,0.0,576.0,4949.0,49.0,328.0,0.0,145.0,128.0,9.38,1.03,9.34
2013/08/05,23.6,23.8,23.55,23.8,859.0,20363.0,1.0616,0.1913,453.0,222.0,0.0,0.0,222.0,4948.0,58.0,58.0,0.0,219.0,74.0,9.48,1.04,9.24
2013/08/06,23.95,23.95,23.6,23.9,683.0,16253.0,0.4202,0.1521,453.0,184.0,0.0,0.0,184.0,4889.0,18.0,65.0,6.0,227.0,14.0,9.52,1.05,9.21
2013/08/07,23.9,23.9,23.3,23.3,783.0,18412.0,-2.5105,0.1744,481.0,-61.0,0.0,0.0,-61.0,4935.0,86.0,8.0,3.0,224.0,0.0,9.28,1.02,9.44
2013/08/08,23.4,23.65,23.3,23.55,1039.0,24436.0,1.073,0.2314,339.0,144.0,0.0,-9.0,135.0,4976.0,103.0,62.0,0.0,273.0,49.0,9.38,1.03,9.34
2013/08/09,23.55,23.55,23.3,23.4,465.0,10893.0,-0.6369,0.1036,255.0,29.0,0.0,-1.0,28.0,5001.0,41.0,16.0,0.0,293.0,20.0,9.32,1.02,9.4
2013/08/12,23.3,23.3,23.15,23.3,785.0,18246.0,-0.4274,0.1748,397.0,251.0,0.0,0.0,251.0,5023.0,61.0,39.0,25.0,268.0,0.0,9.28,1.1,9.44
2013/08/13,23.3,23.5,23.3,23.45,574.0,13456.0,0.6438,0.1278,355.0,272.0,0.0,0.0,272.0,4992.0,26.0,57.0,3.0,310.0,45.0,12.61,1.11,9.38
2013/08/14,23.45,23.45,23.2,23.35,402.0,9387.0,-0.4264,0.0895,278.0,31.0,0.0,0.0,31.0,5013.0,33.0,12.0,53.0,257.0,0.0,12.55,1.1,9.42
2013/08/15,23.4,23.4,22.95,23.0,855.0,19754.0,-1.4989,0.1904,455.0,95.0,-5.0,-3.0,87.0,4919.0,91.0,57.0,5.0,252.0,0.0,12.37,1.09,9.57
2013/08/16,22.9,22.9,22.6,22.6,1124.0,25492.0,-1.7391,0.2503,644.0,-26.0,-1.0,0.0,-27.0,4964.0,132.0,87.0,31.0,221.0,0.0,12.15,1.07,9.73
2013/08/19,22.6,22.6,22.2,22.25,898.0,20053.0,-1.5487,0.2,533.0,116.0,0.0,-13.0,103.0,5049.0,142.0,56.0,1.0,225.0,5.0,11.96,1.05,9.89
2013/08/20,22.25,22.25,21.6,21.6,1992.0,43590.0,-2.9213,0.4437,998.0,87.0,0.0,0.0,87.0,5166.0,265.0,148.0,0.0,225.0,0.0,11.61,1.02,10.19
2013/08/22,21.45,21.9,21.45,21.9,1083.0,23537.0,1.3889,0.2412,518.0,507.0,0.0,0.0,507.0,5150.0,66.0,80.0,22.0,245.0,42.0,11.77,1.03,10.05
2013/08/23,21.9,22.3,21.9,22.25,856.0,19011.0,1.5982,0.1907,449.0,-105.0,0.0,-3.0,-108.0,5098.0,111.0,163.0,50.0,240.0,45.0,11.96,1.05,9.89
2013/08/26,22.3,22.3,22.15,22.15,319.0,7087.0,-0.4494,0.071,191.0,38.0,0.0,-8.0,30.0,5070.0,49.0,36.0,20.0,225.0,5.0,11.91,1.05,9.93
2013/08/27,22.2,22.3,22.15,22.2,430.0,9556.0,0.2257,0.0958,251.0,170.0,0.0,0.0,170.0,5040.0,7.0,21.0,5.0,235.0,15.0,11.94,1.05,9.91
2013/08/28,22.15,22.25,22.0,22.25,559.0,12380.0,0.2252,0.1245,379.0,140.0,0.0,0.0,140.0,4978.0,6.0,68.0,10.0,243.0,18.0,11.96,1.05,9.89
2013/08/29,22.3,22.35,22.15,22.15,383.0,8520.0,-0.4494,0.0853,220.0,3.0,0.0,0.0,3.0,4858.0,49.0,47.0,0.0,246.0,3.0,11.91,1.05,9.93
2013/08/30,22.05,22.2,22.0,22.0,605.0,13362.0,-0.6772,0.1347,334.0,26.0,0.0,-1.0,25.0,4805.0,54.0,105.0,10.0,238.0,2.0,11.83,1.04,10.0
2013/09/02,22.0,22.2,21.9,22.0,473.0,10420.0,0.0,0.1053,287.0,82.0,0.0,0.0,82.0,4801.0,26.0,28.0,5.0,233.0,0.0,11.83,1.04,10.0
2013/09/03,22.25,22.45,22.15,22.35,458.0,10224.0,1.5909,0.102,274.0,148.0,-25.0,0.0,123.0,4772.0,73.0,100.0,3.0,240.0,10.0,12.02,1.06,9.84
2013/09/04,22.35,22.5,22.2,22.3,367.0,8210.0,-0.2237,0.0817,276.0,-26.0,0.0,0.0,-26.0,4733.0,26.0,65.0,3.0,237.0,0.0,11.99,1.05,9.87
2013/09/05,22.6,22.6,22.1,22.25,780.0,17412.0,-0.2242,0.1737,335.0,60.0,1.0,6.0,67.0,4838.0,146.0,38.0,15.0,222.0,0.0,11.96,1.05,9.89
2013/09/06,22.3,22.45,22.25,22.45,488.0,10920.0,0.8989,0.1087,257.0,24.0,0.0,0.0,24.0,4798.0,26.0,65.0,0.0,222.0,0.0,12.07,1.06,9.8
2013/09/09,22.5,22.55,22.3,22.45,484.0,10839.0,0.0,0.1078,242.0,5.0,0.0,0.0,5.0,4727.0,34.0,105.0,0.0,222.0,0.0,12.07,1.06,9.8
2013/09/10,22.45,22.5,22.2,22.3,577.0,12913.0,-0.6682,0.1285,306.0,100.0,0.0,0.0,100.0,4715.0,38.0,41.0,0.0,235.0,13.0,11.99,1.05,9.87
2013/09/11,22.3,22.35,22.1,22.3,541.0,12041.0,0.0,0.1205,253.0,156.0,0.0,0.0,156.0,4684.0,13.0,43.0,13.0,237.0,15.0,11.99,1.05,9.87
2013/09/12,22.3,22.3,22.0,22.2,928.0,20545.0,-0.4484,0.2067,530.0,148.0,-1.0,0.0,147.0,4711.0,79.0,50.0,0.0,237.0,0.0,11.94,1.05,9.91
2013/09/13,22.2,22.25,22.05,22.05,338.0,7489.0,-0.6757,0.0753,172.0,105.0,-1.0,0.0,104.0,4677.0,7.0,41.0,1.0,240.0,4.0,11.85,1.04,9.98
2013/09/14,22.05,22.15,22.0,22.05,303.0,6689.0,0.0,0.0675,173.0,0.0,0.0,0.0,0.0,4688.0,22.0,9.0,4.0,241.0,5.0,11.85,1.04,9.98
2013/09/16,22.0,22.2,22.0,22.1,751.0,16603.0,0.2268,0.1673,388.0,275.0,0.0,0.0,275.0,4681.0,23.0,30.0,1.0,247.0,7.0,11.88,1.04,9.95
2013/09/17,22.1,22.15,22.0,22.15,403.0,8915.0,0.2262,0.0898,240.0,92.0,0.0,0.0,92.0,4634.0,11.0,57.0,0.0,247.0,0.0,11.91,1.05,9.93
2013/09/18,22.05,22.2,22.05,22.2,626.0,13859.0,0.2257,0.1394,329.0,140.0,0.0,0.0,140.0,4603.0,10.0,38.0,82.0,165.0,0.0,11.94,1.05,9.91
2013/09/23,22.2,22.5,22.2,22.4,941.0,21017.0,0.9009,0.2096,467.0,34.0,0.0,0.0,34.0,4633.0,137.0,107.0,0.0,165.0,0.0,12.04,1.06,9.82
2013/09/24,22.4,22.45,22.3,22.4,533.0,11952.0,0.0,0.1187,245.0,131.0,0.0,0.0,131.0,4588.0,37.0,82.0,0.0,165.0,0.0,12.04,1.06,9.82
2013/09/25,22.4,22.5,22.15,22.35,617.0,13760.0,-0.2232,0.1374,325.0,-14.0,0.0,0.0,-14.0,4596.0,49.0,40.0,3.0,162.0,0.0,12.02,1.06,9.84
2013/09/26,22.35,22.35,22.2,22.25,342.0,7629.0,-0.4474,0.0762,199.0,66.0,0.0,0.0,66.0,4575.0,3.0,11.0,0.0,162.0,0.0,11.96,1.05,9.89
2013/09/27,22.25,22.45,22.05,22.1,885.0,19675.0,-0.6742,0.1971,472.0,199.0,2.0,0.0,201.0,4602.0,82.0,54.0,0.0,162.0,0.0,11.88,1.04,9.95
2013/09/30,22.0,22.25,22.0,22.15,517.0,11440.0,0.2262,0.1151,296.0,-113.0,0.0,0.0,-113.0,4585.0,39.0,56.0,10.0,152.0,0.0,11.91,1.05,9.93
2013/10/01,22.1,22.1,22.0,22.0,789.0,17394.0,-0.6772,0.1757,387.0,-158.0,0.0,0.0,-158.0,4555.0,29.0,59.0,0.0,152.0,0.0,11.83,1.04,10.0
2013/10/02,22.05,22.8,22.0,22.7,894.0,19968.0,3.1818,0.1991,480.0,49.0,0.0,-4.0,45.0,4957.0,564.0,122.0,0.0,160.0,8.0,12.2,1.07,9.69
2013/10/03,22.9,23.1,22.6,22.65,1394.0,31829.0,-0.2203,0.3104,661.0,69.0,0.0,-8.0,61.0,4708.0,193.0,422.0,3.0,158.0,1.0,12.18,1.07,9.71
2013/10/04,22.6,22.65,22.4,22.45,611.0,13751.0,-0.883,0.1361,266.0,49.0,0.0,0.0,49.0,4735.0,179.0,151.0,1.0,166.0,9.0,12.07,1.06,9.8
2013/10/07,22.15,22.4,22.1,22.1,604.0,13418.0,-1.559,0.1345,293.0,40.0,0.0,0.0,40.0,4785.0,86.0,36.0,0.0,166.0,0.0,11.88,1.04,9.95
2013/10/08,22.1,22.3,22.1,22.2,543.0,12043.0,0.4525,0.1209,262.0,78.0,0.0,0.0,78.0,4768.0,43.0,30.0,0.0,166.0,0.0,11.94,1.05,9.91
2013/10/09,22.4,22.4,22.0,22.05,703.0,15547.0,-0.6757,0.1566,287.0,2.0,0.0,-18.0,-16.0,4818.0,75.0,25.0,0.0,167.0,1.0,11.85,1.04,9.98
2013/10/11,22.2,22.3,22.0,22.0,657.0,14500.0,-0.2268,0.1463,356.0,76.0,0.0,3.0,79.0,4806.0,45.0,57.0,20.0,272.0,125.0,11.83,1.04,10.0
2013/10/14,22.0,22.05,21.75,21.8,744.0,16279.0,-0.9091,0.1657,443.0,143.0,0.0,1.0,144.0,4790.0,58.0,74.0,0.0,346.0,74.0,11.72,1.03,10.09
2013/10/15,21.8,21.9,21.75,21.8,521.0,11370.0,0.0,0.116,274.0,62.0,0.0,6.0,68.0,4796.0,40.0,19.0,0.0,347.0,1.0,11.72,1.03,10.09
2013/10/16,21.8,22.0,21.8,21.85,410.0,8976.0,0.2294,0.0913,267.0,246.0,0.0,-2.0,244.0,4763.0,8.0,41.0,1.0,351.0,5.0,11.75,1.03,10.07
2013/10/17,21.9,22.05,21.85,22.0,513.0,11260.0,0.6865,0.1142,209.0,35.0,0.0,0.0,35.0,4821.0,90.0,32.0,1.0,354.0,4.0,11.83,1.04,10.0
2013/10/18,22.0,22.1,21.95,22.0,476.0,10481.0,0.0,0.106,226.0,73.0,0.0,0.0,73.0,4839.0,38.0,20.0,1.0,353.0,0.0,11.83,1.04,10.0
2013/10/21,22.0,22.05,21.85,21.9,426.0,9358.0,-0.4545,0.0949,171.0,-5.0,0.0,0.0,-5.0,4883.0,51.0,7.0,49.0,305.0,1.0,11.77,1.03,10.05
2013/10/22,22.1,22.15,21.85,21.95,356.0,7840.0,0.2283,0.0793,207.0,-42.0,-7.0,0.0,-49.0,4919.0,55.0,19.0,0.0,306.0,1.0,11.8,1.04,10.02
2013/10/23,21.95,22.15,21.85,21.95,463.0,10202.0,0.0,0.1031,214.0,-56.0,0.0,0.0,-56.0,4941.0,48.0,26.0,0.0,306.0,0.0,11.8,1.04,10.02
2013/10/24,22.0,22.0,21.85,21.95,278.0,6104.0,0.0,0.0619,152.0,63.0,0.0,0.0,63.0,4951.0,41.0,31.0,5.0,301.0,0.0,11.8,1.04,10.02
2013/10/25,22.0,22.0,21.8,21.8,406.0,8887.0,-0.6834,0.0904,275.0,42.0,0.0,0.0,42.0,4932.0,16.0,35.0,5.0,296.0,0.0,11.72,1.03,10.09
2013/10/28,21.8,21.95,21.8,21.8,247.0,5395.0,0.0,0.055,181.0,35.0,0.0,0.0,35.0,4956.0,42.0,18.0,20.0,283.0,7.0,11.72,1.03,10.09
2013/10/29,21.8,21.95,21.75,21.85,260.0,5689.0,0.2294,0.0579,155.0,28.0,0.0,0.0,28.0,4989.0,39.0,6.0,10.0,274.0,1.0,11.75,1.03,10.07
2013/10/30,21.95,22.3,21.9,22.3,890.0,19719.0,2.0595,0.1982,515.0,378.0,0.0,0.0,378.0,5051.0,176.0,114.0,12.0,262.0,0.0,11.99,1.05,9.87
2013/10/31,22.3,22.3,22.05,22.15,363.0,8037.0,-0.6726,0.0808,192.0,6.0,0.0,0.0,6.0,5070.0,55.0,35.0,10.0,252.0,0.0,11.91,1.05,9.93
2013/11/01,22.15,22.2,21.95,22.0,425.0,9376.0,-0.6772,0.0946,231.0,34.0,0.0,-3.0,31.0,5091.0,38.0,12.0,0.0,252.0,0.0,11.83,1.04,10.0
2013/11/04,22.0,22.0,21.8,21.8,465.0,10183.0,-0.9091,0.1035,251.0,7.0,0.0,0.0,7.0,5058.0,40.0,73.0,0.0,252.0,0.0,11.72,1.03,10.09
2013/11/05,21.8,22.0,21.65,21.8,537.0,11705.0,0.0,0.1195,272.0,-21.0,0.0,0.0,-21.0,5074.0,39.0,23.0,0.0,252.0,0.0,11.72,1.03,10.09
2013/11/06,21.7,21.8,21.5,21.5,554.0,11956.0,-1.3761,0.1233,262.0,7.0,0.0,0.0,7.0,5052.0,57.0,79.0,0.0,286.0,34.0,11.56,1.02,10.23
2013/11/07,21.5,21.55,21.35,21.5,872.0,18736.0,0.0,0.1941,510.0,321.0,0.0,0.0,321.0,4985.0,7.0,73.0,0.0,337.0,51.0,11.56,1.02,10.23
2013/11/08,21.4,21.4,21.2,21.25,454.0,9676.0,-1.1628,0.1011,289.0,-105.0,0.0,0.0,-105.0,4992.0,44.0,31.0,15.0,339.0,17.0,11.42,1.0,10.35
2013/11/11,21.2,21.3,21.0,21.0,785.0,16595.0,-1.1765,0.1747,355.0,-12.0,0.0,0.0,-12.0,5029.0,68.0,30.0,6.0,334.0,1.0,11.29,0.98,10.48
2013/11/12,21.0,21.0,20.25,20.4,1474.0,30385.0,-2.8571,0.3281,595.0,46.0,0.0,0.0,46.0,4950.0,154.0,233.0,22.0,393.0,81.0,14.78,0.96,10.78
2013/11/13,20.4,20.4,20.05,20.2,594.0,11993.0,-0.9804,0.1322,342.0,249.0,0.0,0.0,249.0,4928.0,15.0,10.0,5.0,403.0,15.0,14.64,0.95,10.89
2013/11/14,20.2,20.55,20.2,20.5,372.0,7595.0,1.4851,0.0828,212.0,58.0,0.0,12.0,70.0,4966.0,55.0,15.0,27.0,376.0,0.0,14.86,0.96,10.73
2013/11/15,20.5,20.65,20.45,20.45,335.0,6901.0,-0.2439,0.0746,183.0,0.0,0.0,12.0,12.0,4915.0,16.0,66.0,85.0,293.0,2.0,14.82,0.96,10.76
2013/11/18,20.45,20.45,20.1,20.1,433.0,8739.0,-1.7115,0.0964,214.0,15.0,0.0,2.0,17.0,4928.0,14.0,1.0,5.0,290.0,2.0,14.57,0.94,10.95
2013/11/19,20.0,20.3,20.0,20.15,445.0,8975.0,0.2488,0.0991,242.0,-27.0,0.0,0.0,-27.0,4922.0,14.0,19.0,68.0,227.0,5.0,14.6,0.94,10.92
2013/11/20,19.95,20.45,19.95,20.0,1227.0,24743.0,-0.7444,0.2731,446.0,-432.0,0.0,0.0,-432.0,5016.0,123.0,28.0,4.0,223.0,0.0,14.49,0.94,11.0
2013/11/21,19.9,19.9,19.6,19.7,1168.0,23035.0,-1.5,0.26,474.0,-637.0,0.0,0.0,-637.0,5023.0,55.0,48.0,77.0,171.0,25.0,14.28,0.92,11.17
2013/11/22,19.6,19.7,19.4,19.5,1097.0,21431.0,-1.0152,0.2442,469.0,-428.0,0.0,0.0,-428.0,5032.0,50.0,41.0,8.0,167.0,4.0,14.13,0.91,11.28
2013/11/25,19.2,19.4,18.8,18.8,2312.0,43984.0,-3.5897,0.5146,1034.0,-699.0,0.0,0.0,-699.0,5173.0,209.0,58.0,0.0,179.0,12.0,13.62,0.88,11.7
2013/11/26,18.8,19.15,18.75,18.95,1471.0,27933.0,0.7979,0.3274,605.0,-341.0,0.0,-3.0,-344.0,5240.0,140.0,69.0,18.0,191.0,30.0,13.73,0.89,11.61
2013/11/27,18.8,19.15,18.8,19.0,1094.0,20856.0,0.2639,0.2435,497.0,-570.0,0.0,0.0,-570.0,5302.0,90.0,27.0,17.0,178.0,4.0,13.77,0.89,11.58
2013/11/28,19.0,19.4,19.0,19.2,1332.0,25641.0,1.0526,0.2965,565.0,-474.0,0.0,14.0,-460.0,5355.0,110.0,56.0,95.0,83.0,0.0,13.91,0.9,11.46
2013/11/29,19.2,19.6,19.2,19.4,1268.0,24643.0,1.0417,0.2822,554.0,-408.0,0.0,-1.0,-409.0,5390.0,74.0,39.0,1.0,82.0,0.0,14.06,0.91,11.34
2013/12/02,19.5,19.9,19.5,19.9,764.0,15071.0,2.5773,0.1701,433.0,136.0,0.0,0.0,136.0,5504.0,180.0,65.0,9.0,73.0,0.0,14.42,0.93,11.06
2013/12/03,19.95,20.0,19.65,19.7,716.0,14224.0,-1.005,0.1594,375.0,-150.0,0.0,0.0,-150.0,5579.0,144.0,69.0,7.0,77.0,11.0,14.28,0.92,11.17
2013/12/04,19.65,19.7,19.5,19.6,474.0,9300.0,-0.5076,0.1055,256.0,34.0,0.0,-1.0,33.0,5617.0,95.0,57.0,13.0,74.0,10.0,14.2,0.92,11.22
2013/12/05,19.5,19.8,19.45,19.45,442.0,8641.0,-0.7653,0.0984,304.0,70.0,0.0,0.0,70.0,5580.0,42.0,74.0,4.0,76.0,6.0,14.09,0.91,11.31
2013/12/06,19.45,19.65,19.4,19.65,1028.0,20114.0,1.0283,0.2288,235.0,130.0,0.0,0.0,130.0,5769.0,201.0,7.0,0.0,80.0,4.0,14.24,0.92,11.2
2013/12/09,19.85,20.0,19.75,19.95,848.0,16906.0,1.5267,0.1888,455.0,323.0,0.0,2.0,325.0,5666.0,44.0,146.0,16.0,66.0,2.0,14.46,0.94,11.03
2013/12/10,19.9,19.95,19.6,19.75,406.0,8016.0,-1.0025,0.0904,248.0,66.0,9.0,0.0,75.0,5585.0,28.0,107.0,0.0,68.0,2.0,14.31,0.93,11.14
2013/12/11,19.75,19.9,19.55,19.55,533.0,10509.0,-1.0127,0.1186,328.0,54.0,0.0,2.0,56.0,5538.0,41.0,80.0,2.0,76.0,10.0,14.17,0.92,11.25
2013/12/12,19.5,19.55,19.4,19.55,341.0,6656.0,0.0,0.0759,282.0,-40.0,0.0,0.0,-40.0,5549.0,33.0,12.0,1.0,77.0,2.0,14.17,0.92,11.25
2013/12/13,19.6,19.75,19.6,19.75,249.0,4903.0,1.023,0.0554,162.0,82.0,0.0,4.0,86.0,5531.0,15.0,23.0,6.0,71.0,0.0,14.31,0.93,11.14
2013/12/16,19.75,19.75,19.2,19.4,478.0,9308.0,-1.7722,0.1064,352.0,-94.0,0.0,0.0,-94.0,5535.0,39.0,35.0,1.0,77.0,7.0,14.06,0.91,11.34
2013/12/17,19.45,19.65,19.2,19.25,659.0,12760.0,-0.7732,0.1467,412.0,39.0,0.0,-1.0,38.0,5546.0,97.0,84.0,3.0,76.0,2.0,13.95,0.9,11.43
2013/12/18,19.2,19.4,19.2,19.25,640.0,12330.0,0.0,0.1425,317.0,-51.0,0.0,-2.0,-53.0,5576.0,64.0,24.0,2.0,78.0,4.0,13.95,0.9,11.43
2013/12/19,19.25,19.45,19.15,19.15,814.0,15669.0,-0.5195,0.1812,580.0,-317.0,0.0,0.0,-317.0,5728.0,164.0,12.0,5.0,73.0,0.0,13.88,0.9,11.49
2013/12/20,19.15,19.25,18.05,18.05,4918.0,90716.0,-5.7441,1.0947,1405.0,-2114.0,0.0,16.0,-2098.0,6119.0,395.0,4.0,1.0,79.0,7.0,13.08,0.85,12.19
2013/12/23,18.5,18.5,18.1,18.1,3156.0,57618.0,0.277,0.7025,1287.0,-1614.0,0.0,0.0,-1614.0,6298.0,363.0,184.0,7.0,78.0,6.0,13.12,0.85,12.15
2013/12/24,18.2,18.35,18.15,18.3,1240.0,22624.0,1.105,0.276,599.0,-593.0,-1.0,0.0,-594.0,6394.0,161.0,65.0,15.0,65.0,2.0,13.26,0.86,12.02
2013/12/25,18.3,18.4,18.25,18.35,908.0,16636.0,0.2732,0.2021,458.0,-44.0,-1.0,0.0,-45.0,6514.0,168.0,48.0,0.0,67.0,2.0,13.3,0.86,11.99
2013/12/26,18.4,18.75,18.35,18.7,1582.0,29428.0,1.9074,0.3521,763.0,-240.0,0.0,0.0,-240.0,6613.0,267.0,168.0,14.0,43.0,0.0,13.55,0.88,11.76
2013/12/27,19.2,19.2,18.5,18.55,1585.0,29721.0,-0.8021,0.3528,766.0,-337.0,3.0,0.0,-334.0,6752.0,252.0,77.0,0.0,44.0,1.0,13.44,0.87,11.86
2013/12/30,18.55,18.8,18.55,18.8,675.0,12638.0,1.3477,0.1502,438.0,-17.0,15.0,0.0,-2.0,6794.0,118.0,76.0,0.0,59.0,15.0,13.62,0.88,11.7
2013/12/31,18.8,18.9,18.65,18.8,718.0,13474.0,0.0,0.1594,416.0,-151.0,0.0,6.0,-145.0,6899.0,186.0,59.0,0.0,60.0,1.0,13.62,0.88,11.7
2014/01/02,18.75,18.85,18.6,18.6,741.0,13892.0,-1.0638,0.1645,409.0,-114.0,13.0,0.0,-101.0,6817.0,84.0,165.0,0.0,60.0,0.0,13.48,0.87,11.83
2014/01/03,18.6,19.15,18.55,19.05,1441.0,27353.0,2.4194,0.3199,695.0,5.0,0.0,0.0,5.0,6905.0,244.0,156.0,0.0,65.0,6.0,13.8,0.89,11.55
2014/01/06,19.1,19.3,18.9,18.9,929.0,17743.0,-0.7874,0.2062,413.0,54.0,0.0,1.0,55.0,6891.0,97.0,101.0,1.0,64.0,0.0,13.7,0.89,11.64
2014/01/07,19.0,19.05,18.8,19.0,855.0,16220.0,0.5291,0.1898,427.0,180.0,0.0,2.0,182.0,6867.0,82.0,106.0,0.0,65.0,1.0,13.77,0.89,11.58
2014/01/08,19.1,19.45,19.05,19.35,1548.0,29828.0,1.8421,0.3436,643.0,154.0,0.0,2.0,156.0,6622.0,302.0,547.0,3.0,64.0,2.0,14.02,0.91,11.37
2014/01/09,19.35,19.45,19.15,19.2,1195.0,23057.0,-0.7752,0.2653,527.0,124.0,0.0,-5.0,119.0,6459.0,232.0,391.0,9.0,70.0,15.0,13.91,0.9,11.46
2014/01/10,19.3,19.35,19.2,19.25,678.0,13084.0,0.2604,0.1505,380.0,59.0,0.0,0.0,59.0,6404.0,54.0,109.0,11.0,60.0,1.0,13.95,0.9,11.43
2014/01/13,19.3,19.6,19.3,19.35,1468.0,28578.0,0.5195,0.3259,519.0,-201.0,0.0,32.0,-169.0,6492.0,229.0,141.0,12.0,51.0,4.0,14.02,0.91,11.37
2014/01/14,19.35,19.5,19.1,19.15,684.0,13168.0,-1.0336,0.1518,327.0,-58.0,0.0,0.0,-58.0,6380.0,39.0,151.0,2.0,50.0,1.0,13.88,0.9,11.49
2014/01/15,19.35,19.35,19.2,19.3,716.0,13805.0,0.7833,0.1589,404.0,114.0,-1.0,-14.0,99.0,6432.0,111.0,55.0,0.0,51.0,1.0,13.99,0.9,11.4
2014/01/16,19.5,19.5,19.3,19.4,1026.0,19908.0,0.5181,0.2278,384.0,195.0,0.0,0.0,195.0,6490.0,162.0,104.0,1.0,50.0,0.0,14.06,0.91,11.34
2014/01/17,19.5,19.5,19.3,19.4,369.0,7173.0,0.0,0.0819,268.0,64.0,0.0,0.0,64.0,6477.0,53.0,66.0,0.0,53.0,3.0,14.06,0.91,11.34
2014/01/20,19.4,19.7,19.4,19.7,1090.0,21293.0,1.5464,0.242,518.0,59.0,0.0,0.0,59.0,6546.0,291.0,208.0,0.0,58.0,5.0,14.28,0.92,11.17
2014/01/21,19.75,19.75,19.5,19.55,614.0,12061.0,-0.7614,0.1363,335.0,0.0,-1.0,0.0,-1.0,6575.0,72.0,41.0,1.0,57.0,1.0,14.17,0.92,11.25
2014/01/22,19.55,19.7,19.4,19.5,588.0,11517.0,-0.2558,0.1305,300.0,-68.0,0.0,0.0,-68.0,6507.0,25.0,93.0,0.0,60.0,3.0,14.13,0.91,11.28
2014/01/23,19.6,19.65,19.45,19.6,505.0,9895.0,0.5128,0.1121,350.0,30.0,0.0,10.0,40.0,6426.0,28.0,104.0,2.0,57.0,0.0,14.2,0.92,11.22
2014/01/24,19.6,19.6,19.4,19.4,643.0,12515.0,-1.0204,0.1427,278.0,-22.0,-2.0,0.0,-24.0,6412.0,50.0,64.0,5.0,52.0,0.0,14.06,0.91,11.34
2014/01/27,19.3,19.4,19.1,19.3,487.0,9364.0,-0.5155,0.108,344.0,19.0,0.0,-1.0,18.0,6350.0,20.0,63.0,17.0,42.0,7.0,13.99,0.9,11.4
2014/02/05,19.05,19.1,18.8,18.95,641.0,12162.0,-1.8135,0.1422,391.0,-155.0,0.0,-6.0,-161.0,6324.0,28.0,54.0,1.0,41.0,0.0,13.73,0.89,11.61
2014/02/06,18.95,19.1,18.9,18.95,598.0,11349.0,0.0,0.1326,331.0,-76.0,0.0,-1.0,-77.0,6250.0,46.0,120.0,0.0,41.0,0.0,13.73,0.89,11.61
2014/02/07,19.05,19.2,18.95,19.1,466.0,8893.0,0.7916,0.1033,298.0,-31.0,0.0,-2.0,-33.0,6270.0,34.0,12.0,0.0,41.0,0.0,13.84,0.9,11.52
2014/02/10,19.15,19.25,18.95,19.0,524.0,9986.0,-0.5236,0.1162,330.0,-17.0,0.0,-1.0,-18.0,6253.0,12.0,29.0,5.0,46.0,10.0,13.77,0.89,11.58
2014/02/11,18.95,19.05,18.85,19.0,600.0,11383.0,0.0,0.1331,354.0,19.0,0.0,-1.0,18.0,6143.0,43.0,117.0,0.0,67.0,21.0,13.77,0.89,11.58
2014/02/12,19.0,19.1,18.9,19.0,637.0,12114.0,0.0,0.1413,275.0,-51.0,0.0,0.0,-51.0,6144.0,33.0,28.0,0.0,67.0,0.0,13.77,0.89,11.58
2014/02/13,19.0,19.15,18.95,19.05,680.0,12955.0,0.2632,0.1508,212.0,-14.0,0.0,-13.0,-27.0,6143.0,106.0,107.0,0.0,67.0,0.0,13.8,0.89,11.55
2014/02/14,19.2,19.2,18.95,19.0,610.0,11653.0,-0.2625,0.1353,260.0,-8.0,0.0,0.0,-8.0,6203.0,74.0,14.0,0.0,67.0,0.0,13.77,0.89,11.58
2014/02/17,19.0,19.2,19.0,19.1,549.0,10485.0,0.5263,0.1218,246.0,-25.0,0.0,0.0,-25.0,6285.0,135.0,53.0,0.0,67.0,0.0,13.84,0.9,11.52
2014/02/18,19.1,19.1,19.0,19.05,324.0,6172.0,-0.2618,0.0719,196.0,-8.0,0.0,4.0,-4.0,6290.0,32.0,27.0,1.0,66.0,0.0,13.8,0.89,11.55
2014/02/19,19.05,19.05,18.85,19.05,646.0,12266.0,0.0,0.1433,376.0,-131.0,-22.0,-15.0,-168.0,6335.0,95.0,50.0,0.0,71.0,5.0,13.8,0.89,11.55
2014/02/20,19.05,19.1,18.9,18.9,610.0,11594.0,-0.7874,0.1353,350.0,-14.0,-23.0,-3.0,-40.0,6292.0,50.0,91.0,0.0,71.0,0.0,13.7,0.89,11.64
2014/02/21,18.9,19.1,18.9,19.0,483.0,9185.0,0.5291,0.1071,237.0,-1.0,0.0,1.0,0.0,6554.0,279.0,13.0,15.0,57.0,1.0,13.77,0.89,11.58
2014/02/24,18.9,19.1,18.8,18.85,899.0,16982.0,-0.7895,0.1994,420.0,-143.0,0.0,0.0,-143.0,6316.0,126.0,364.0,0.0,57.0,0.0,13.66,0.88,11.67
2014/02/25,18.9,19.0,18.9,18.9,378.0,7175.0,0.2653,0.0838,262.0,79.0,0.0,0.0,79.0,6298.0,24.0,40.0,0.0,57.0,0.0,13.7,0.89,11.64
2014/02/26,19.0,19.05,18.9,18.9,578.0,10985.0,0.0,0.1282,246.0,0.0,0.0,0.0,0.0,6203.0,48.0,143.0,0.0,57.0,0.0,13.7,0.89,11.64
2014/02/27,18.9,19.1,18.9,19.0,776.0,14757.0,0.5291,0.1721,307.0,-30.0,0.0,-2.0,-32.0,6272.0,144.0,75.0,20.0,37.0,0.0,13.77,0.89,11.58
2014/03/03,19.0,19.7,18.95,19.6,2454.0,47855.0,3.1579,0.5442,1027.0,-43.0,0.0,-6.0,-49.0,6496.0,499.0,275.0,1.0,37.0,1.0,14.2,0.92,11.22
2014/03/04,19.6,19.95,19.5,19.8,2316.0,45786.0,1.0204,0.5136,1006.0,11.0,0.0,0.0,11.0,6516.0,416.0,394.0,1.0,41.0,5.0,14.35,0.93,11.11
2014/03/05,20.0,20.05,19.7,19.7,1362.0,27069.0,-0.5051,0.302,532.0,-37.0,0.0,0.0,-37.0,6539.0,275.0,252.0,15.0,26.0,0.0,14.28,0.92,11.17
2014/03/06,19.7,19.9,19.6,19.7,762.0,15048.0,0.0,0.169,374.0,-8.0,0.0,-13.0,-21.0,6535.0,113.0,117.0,0.0,26.0,0.0,14.28,0.92,11.17
2014/03/07,19.7,19.8,19.4,19.4,998.0,19560.0,-1.5228,0.2213,450.0,52.0,0.0,0.0,52.0,6509.0,96.0,117.0,6.0,22.0,2.0,14.06,0.91,11.34
2014/03/10,19.6,19.6,19.25,19.4,469.0,9079.0,0.0,0.104,314.0,-14.0,0.0,0.0,-14.0,6487.0,41.0,61.0,0.0,22.0,0.0,14.06,0.91,11.34
2014/03/11,19.35,19.7,19.35,19.4,448.0,8726.0,0.0,0.0993,214.0,-13.0,0.0,2.0,-11.0,6479.0,88.0,96.0,0.0,24.0,2.0,14.06,0.91,11.34
2014/03/12,19.4,19.5,19.25,19.25,482.0,9331.0,-0.7732,0.1069,317.0,-202.0,0.0,0.0,-202.0,6534.0,111.0,53.0,2.0,22.0,0.0,13.95,0.9,11.43
2014/03/13,19.25,19.45,19.25,19.3,631.0,12208.0,0.2597,0.1399,327.0,-28.0,0.0,0.0,-28.0,6541.0,92.0,85.0,0.0,21.0,0.0,13.99,0.9,11.4
2014/03/14,19.25,19.5,19.2,19.3,636.0,12316.0,0.0,0.141,346.0,-118.0,10.0,26.0,-82.0,6588.0,104.0,57.0,0.0,24.0,4.0,13.99,0.9,11.4
2014/03/17,19.3,19.7,19.25,19.35,576.0,11194.0,0.2591,0.1277,357.0,-138.0,0.0,-1.0,-139.0,6759.0,234.0,63.0,2.0,24.0,2.0,14.02,0.91,11.37
2014/03/18,19.35,19.5,19.35,19.45,528.0,10274.0,0.5168,0.1171,309.0,-90.0,0.0,0.0,-90.0,6802.0,109.0,65.0,0.0,23.0,0.0,14.09,0.91,11.31
2014/03/19,19.5,19.75,19.5,19.5,1222.0,23950.0,0.2571,0.271,448.0,-53.0,-1.0,12.0,-42.0,6771.0,292.0,317.0,3.0,20.0,0.0,14.13,0.91,11.28
2014/03/20,19.5,19.5,19.15,19.15,850.0,16394.0,-1.7949,0.1885,419.0,-144.0,0.0,22.0,-122.0,6504.0,88.0,280.0,0.0,21.0,1.0,13.88,0.9,11.49
2014/03/21,19.2,19.55,19.2,19.5,773.0,14998.0,1.8277,0.1714,333.0,389.0,0.0,-8.0,381.0,6395.0,32.0,141.0,0.0,23.0,2.0,14.13,0.91,11.28
2014/03/24,19.5,19.5,19.15,19.2,591.0,11380.0,-1.5385,0.1311,297.0,-135.0,0.0,10.0,-125.0,6406.0,58.0,47.0,2.0,20.0,0.0,13.91,0.9,11.46
2014/03/25,19.2,19.35,19.2,19.25,266.0,5122.0,0.2604,0.059,164.0,-8.0,0.0,-6.0,-14.0,6396.0,43.0,52.0,0.0,20.0,0.0,13.95,0.88,11.43
2014/03/26,19.45,19.45,19.25,19.35,546.0,10567.0,0.5195,0.1211,256.0,-8.0,0.0,1.0,-7.0,6573.0,205.0,28.0,0.0,20.0,0.0,17.92,0.89,11.37
2014/03/27,19.35,19.45,19.3,19.45,269.0,5216.0,0.5168,0.0597,196.0,26.0,0.0,0.0,26.0,6610.0,83.0,46.0,0.0,20.0,0.0,18.01,0.89,11.31
2014/03/28,19.5,19.5,19.3,19.3,386.0,7496.0,-0.7712,0.0856,197.0,52.0,0.0,0.0,52.0,6566.0,28.0,68.0,0.0,20.0,0.0,17.87,0.89,11.4
2014/03/31,19.3,19.5,19.3,19.45,387.0,7511.0,0.7772,0.0858,266.0,121.0,0.0,0.0,121.0,6502.0,78.0,142.0,0.0,20.0,0.0,18.01,0.89,11.31
2014/04/01,19.5,19.5,19.3,19.3,315.0,6100.0,-0.7712,0.0698,193.0,5.0,2.0,3.0,10.0,6548.0,60.0,14.0,0.0,40.0,20.0,17.87,0.89,11.4
2014/04/02,19.35,19.5,19.35,19.45,330.0,6425.0,0.7772,0.0732,193.0,3.0,0.0,4.0,7.0,6633.0,108.0,22.0,0.0,40.0,0.0,18.01,0.89,11.31
2014/04/03,19.45,19.5,19.3,19.35,351.0,6828.0,-0.5141,0.0778,201.0,-1.0,-5.0,-15.0,-21.0,6691.0,99.0,41.0,1.0,39.0,0.0,17.92,0.89,11.37
2014/04/07,19.3,19.4,19.25,19.4,437.0,8454.0,0.2584,0.0969,206.0,-15.0,-1.0,0.0,-16.0,6705.0,41.0,27.0,20.0,19.0,0.0,17.96,0.89,11.34
2014/04/08,19.4,19.5,19.3,19.45,569.0,11063.0,0.2577,0.1261,264.0,-13.0,0.0,0.0,-13.0,6714.0,112.0,99.0,1.0,18.0,0.0,18.01,0.89,11.31
2014/04/09,19.5,20.05,19.45,20.0,2220.0,43936.0,2.8278,0.4922,1010.0,-141.0,0.0,-2.0,-143.0,7129.0,790.0,374.0,13.0,5.0,0.0,18.52,0.92,11.0
2014/04/10,20.05,20.1,19.7,19.7,1878.0,37370.0,-1.5,0.4164,694.0,-25.0,0.0,0.0,-25.0,6920.0,320.0,525.0,0.0,5.0,0.0,18.24,0.91,11.17
2014/04/11,19.65,19.7,19.4,19.65,974.0,19073.0,-0.2538,0.2159,418.0,-39.0,0.0,0.0,-39.0,6519.0,55.0,456.0,5.0,0.0,0.0,18.19,0.9,11.2
2014/04/14,19.6,19.65,19.2,19.35,780.0,15128.0,-1.5267,0.1729,299.0,-10.0,0.0,0.0,-10.0,6430.0,0.0,89.0,0.0,0.0,0.0,17.92,0.89,11.37
2014/04/15,19.35,19.5,19.35,19.4,360.0,6994.0,0.2584,0.0798,203.0,19.0,0.0,0.0,19.0,6382.0,0.0,48.0,0.0,0.0,0.0,17.96,0.89,11.34
2014/04/16,19.4,19.65,19.4,19.6,537.0,10470.0,1.0309,0.1191,322.0,98.0,0.0,-10.0,88.0,6207.0,0.0,171.0,0.0,0.0,0.0,18.15,0.9,11.22
2014/04/17,19.6,19.7,19.5,19.5,475.0,9308.0,-0.5102,0.1053,238.0,13.0,0.0,0.0,13.0,6243.0,74.0,38.0,0.0,0.0,0.0,18.06,0.9,11.28
2014/04/18,19.6,20.2,19.6,19.9,2788.0,55661.0,2.0513,0.6181,1169.0,44.0,0.0,0.0,44.0,7054.0,999.0,188.0,0.0,63.0,63.0,18.43,0.91,11.06
2014/04/21,20.0,20.1,19.8,20.0,1341.0,26758.0,0.5025,0.2973,523.0,8.0,0.0,0.0,8.0,6846.0,341.0,426.0,1.0,77.0,15.0,18.52,0.92,11.0
2014/04/22,20.05,20.2,19.9,19.9,1687.0,33859.0,-0.5,0.374,695.0,41.0,0.0,-10.0,31.0,6609.0,302.0,539.0,2.0,97.0,22.0,18.43,0.91,11.06
2014/04/23,19.95,20.0,19.7,19.7,919.0,18251.0,-1.005,0.2037,362.0,-16.0,0.0,0.0,-16.0,6451.0,159.0,317.0,1.0,169.0,73.0,18.24,0.91,11.17
2014/04/24,19.7,19.85,19.55,19.55,682.0,13400.0,-0.7614,0.1512,282.0,-4.0,0.0,0.0,-4.0,6391.0,76.0,125.0,3.0,194.0,28.0,18.1,0.9,11.25
2014/04/25,19.55,19.7,19.1,19.2,1868.0,36032.0,-1.7903,0.4141,682.0,-74.0,0.0,4.0,-70.0,6255.0,248.0,384.0,3.0,241.0,50.0,17.78,0.88,11.46
2014/04/28,19.1,19.2,18.9,19.15,918.0,17499.0,-0.2604,0.2035,316.0,63.0,0.0,0.0,63.0,6125.0,25.0,155.0,0.0,334.0,93.0,17.73,0.88,11.49
2014/04/29,19.15,19.35,19.15,19.25,483.0,9284.0,0.5222,0.1071,228.0,10.0,0.0,0.0,10.0,6068.0,29.0,86.0,0.0,414.0,80.0,17.82,0.88,11.43
2014/04/30,19.25,19.3,19.0,19.05,872.0,16643.0,-1.039,0.1933,332.0,4.0,1.0,0.0,5.0,6010.0,146.0,199.0,0.0,520.0,106.0,17.64,0.88,11.55
2014/05/02,19.0,19.25,19.0,19.15,644.0,12326.0,0.5249,0.1428,275.0,89.0,0.0,0.0,89.0,6002.0,75.0,83.0,0.0,623.0,103.0,17.73,0.88,11.49
2014/05/05,19.05,19.25,19.0,19.15,723.0,13835.0,0.0,0.1603,290.0,25.0,0.0,-4.0,21.0,5875.0,29.0,156.0,25.0,610.0,13.0,17.73,0.88,11.49
2014/05/06,19.95,20.45,19.65,20.45,4389.0,88870.0,6.7885,0.973,1242.0,-16.0,0.0,1.0,-15.0,6003.0,698.0,570.0,0.0,762.0,152.0,18.94,0.94,10.76
2014/05/07,20.9,21.85,20.75,21.85,17674.0,378853.0,6.846,3.9181,5568.0,-1232.0,0.0,-6.0,-1238.0,7416.0,2925.0,1512.0,50.0,1548.0,837.0,20.23,1.0,10.07
2014/05/08,22.0,22.8,21.9,22.3,13956.0,312307.0,2.0595,3.0938,5086.0,-521.0,-21.0,-4.0,-546.0,7161.0,2016.0,2271.0,255.0,2068.0,775.0,20.65,1.02,9.87
2014/05/09,22.3,22.3,21.7,21.95,4730.0,103871.0,-1.5695,1.0486,2012.0,-31.0,0.0,-24.0,-55.0,6562.0,552.0,1129.0,227.0,1869.0,48.0,20.32,1.01,10.02
2014/05/12,21.95,21.95,21.55,21.75,2852.0,61847.0,-0.9112,0.6322,1184.0,134.0,0.0,-5.0,129.0,6791.0,632.0,403.0,263.0,1726.0,122.0,20.14,1.0,10.11
2014/05/13,21.55,21.55,20.5,20.9,7706.0,161493.0,-3.908,1.7083,2851.0,169.0,0.0,1.0,170.0,6871.0,893.0,803.0,505.0,1311.0,91.0,19.35,0.96,10.53
2014/05/14,20.6,20.9,20.1,20.9,3061.0,62922.0,0.0,0.6786,1352.0,381.0,0.0,12.0,393.0,6871.0,437.0,437.0,377.0,972.0,38.0,52.25,0.96,10.53
2014/05/15,20.7,20.85,20.55,20.7,1450.0,30017.0,-0.9569,0.3214,658.0,86.0,0.0,4.0,90.0,6930.0,162.0,103.0,143.0,835.0,6.0,51.75,0.96,10.63
2014/05/16,20.6,20.9,20.6,20.85,1700.0,35317.0,0.7246,0.3769,739.0,429.0,0.0,0.0,429.0,6796.0,155.0,289.0,60.0,779.0,4.0,52.13,0.96,10.55
2014/05/19,20.9,21.0,20.7,21.0,1507.0,31492.0,0.7194,0.3341,598.0,169.0,-1.0,0.0,168.0,6742.0,276.0,322.0,15.0,760.0,2.0,52.5,0.97,10.48
2014/05/20,21.0,21.1,20.7,20.7,1445.0,30114.0,-1.4286,0.3203,645.0,61.0,0.0,0.0,61.0,6679.0,143.0,206.0,28.0,732.0,0.0,51.75,0.96,10.63
2014/05/21,20.6,20.95,20.5,20.9,1230.0,25613.0,0.9662,0.2727,630.0,82.0,0.0,32.0,114.0,6648.0,171.0,202.0,100.0,706.0,75.0,52.25,0.96,10.53
2014/05/22,20.9,21.2,20.9,21.1,2157.0,45399.0,0.9569,0.4782,903.0,105.0,0.0,-7.0,98.0,6723.0,294.0,219.0,191.0,516.0,1.0,52.75,0.97,10.43
2014/05/23,21.1,21.2,20.9,20.95,1655.0,34796.0,-0.7109,0.3669,772.0,258.0,0.0,-12.0,246.0,6688.0,203.0,238.0,50.0,466.0,0.0,52.38,0.97,10.5
2014/05/26,21.0,21.0,20.75,20.95,1433.0,29978.0,0.0,0.3177,589.0,134.0,-4.0,0.0,130.0,6721.0,227.0,194.0,117.0,351.0,2.0,52.38,0.97,10.5
2014/05/27,20.95,21.2,20.85,21.2,1500.0,31613.0,1.1933,0.3325,573.0,85.0,0.0,-32.0,53.0,6906.0,358.0,173.0,1.0,372.0,22.0,53.0,0.98,10.38
2014/05/28,21.2,21.25,21.0,21.0,1287.0,27182.0,-0.9434,0.2853,514.0,-129.0,0.0,2.0,-127.0,6934.0,308.0,279.0,3.0,369.0,0.0,52.5,0.97,10.48
2014/05/29,21.0,21.15,20.9,21.15,1226.0,25813.0,0.7143,0.2718,512.0,170.0,-1.0,1.0,170.0,7118.0,243.0,58.0,2.0,367.0,0.0,52.88,0.98,10.4
2014/05/30,21.2,21.2,21.0,21.0,983.0,20752.0,-0.7092,0.2179,433.0,130.0,0.0,0.0,130.0,7144.0,127.0,101.0,0.0,367.0,0.0,52.5,0.97,10.48
2014/06/03,21.2,21.25,21.0,21.0,650.0,13701.0,0.0,0.1441,366.0,20.0,0.0,0.0,20.0,7072.0,42.0,114.0,1.0,366.0,0.0,52.5,0.97,10.48
2014/06/04,21.1,21.15,21.0,21.1,929.0,19579.0,0.4762,0.2059,449.0,119.0,0.0,0.0,119.0,7131.0,206.0,145.0,0.0,366.0,0.0,52.75,0.97,10.43
2014/06/05,21.1,21.3,21.0,21.3,1384.0,29340.0,0.9479,0.3068,598.0,275.0,0.0,0.0,275.0,7171.0,202.0,162.0,2.0,366.0,2.0,53.25,0.98,10.33
2014/06/06,21.3,21.35,21.15,21.15,1197.0,25439.0,-0.7042,0.2654,515.0,2.0,0.0,0.0,2.0,7039.0,171.0,297.0,1.0,365.0,0.0,52.88,0.98,10.4
2014/06/09,21.15,21.25,21.0,21.1,955.0,20192.0,-0.2364,0.2117,378.0,67.0,0.0,0.0,67.0,6950.0,140.0,229.0,1.0,364.0,0.0,52.75,0.97,10.43
2014/06/10,21.2,21.25,21.05,21.15,905.0,19143.0,0.237,0.2006,392.0,20.0,0.0,-2.0,18.0,6959.0,104.0,88.0,0.0,364.0,0.0,52.88,0.98,10.4
2014/06/11,21.15,21.7,20.9,21.7,3068.0,65118.0,2.6005,0.6801,1030.0,396.0,0.0,-1.0,395.0,6906.0,324.0,367.0,5.0,373.0,14.0,54.25,1.0,10.14
2014/06/12,21.75,22.15,21.75,21.8,2704.0,59240.0,0.4608,0.5994,1095.0,-17.0,0.0,0.0,-17.0,6954.0,541.0,493.0,6.0,372.0,5.0,54.5,1.01,10.09
2014/06/13,21.8,21.8,21.6,21.8,905.0,19657.0,0.0,0.2006,480.0,39.0,0.0,0.0,39.0,6932.0,152.0,174.0,0.0,373.0,1.0,54.5,1.01,10.09
2014/06/16,21.8,21.95,21.8,21.8,935.0,20450.0,0.0,0.2073,390.0,18.0,0.0,0.0,18.0,6845.0,128.0,214.0,5.0,368.0,0.0,54.5,1.01,10.09
2014/06/17,21.8,21.95,21.75,21.8,1555.0,33931.0,0.0,0.3447,609.0,89.0,0.0,0.0,89.0,6766.0,247.0,322.0,7.0,371.0,10.0,54.5,1.01,10.09
2014/06/18,21.9,21.95,21.8,21.9,1524.0,33353.0,0.4587,0.3378,828.0,174.0,0.0,11.0,185.0,6630.0,124.0,250.0,2.0,369.0,0.0,54.75,1.01,10.05
2014/06/19,21.95,22.05,21.85,21.95,1554.0,34106.0,0.2283,0.3445,628.0,56.0,0.0,3.0,59.0,6688.0,232.0,174.0,15.0,354.0,0.0,54.88,1.01,10.02
2014/06/20,22.05,22.05,21.8,21.8,1159.0,25393.0,-0.6834,0.2569,500.0,78.0,0.0,0.0,78.0,6638.0,62.0,111.0,0.0,354.0,0.0,54.5,1.01,10.09
2014/06/23,21.8,21.9,21.3,21.4,2051.0,44313.0,-1.8349,0.4547,774.0,28.0,0.0,0.0,28.0,6717.0,408.0,329.0,0.0,355.0,1.0,53.5,0.99,10.28
2014/06/24,21.35,21.75,21.35,21.75,1244.0,26873.0,1.6355,0.2758,493.0,225.0,0.0,3.0,228.0,6596.0,190.0,254.0,0.0,356.0,1.0,54.38,1.0,10.11
2014/06/25,21.75,21.75,21.5,21.6,836.0,18090.0,-0.6897,0.1853,379.0,121.0,0.0,1.0,122.0,6350.0,35.0,251.0,0.0,357.0,1.0,54.0,1.0,10.19
2014/06/26,21.6,21.8,21.6,21.7,972.0,21104.0,0.463,0.2155,531.0,168.0,0.0,0.0,168.0,6262.0,92.0,180.0,0.0,364.0,7.0,54.25,1.0,10.14
2014/06/27,21.6,21.8,21.6,21.7,936.0,20313.0,0.0,0.1978,433.0,51.0,0.0,0.0,51.0,6219.0,22.0,65.0,0.0,363.0,0.0,54.25,1.0,10.14
2014/06/30,21.7,21.9,21.7,21.8,1222.0,26663.0,0.4608,0.2583,432.0,266.0,-2.0,0.0,264.0,6261.0,223.0,181.0,0.0,363.0,0.0,54.5,1.01,10.09
2014/07/01,21.9,22.2,21.85,22.0,2139.0,47236.0,0.9174,0.4521,847.0,351.0,0.0,0.0,351.0,6429.0,488.0,310.0,20.0,351.0,8.0,55.0,1.02,10.0
2014/07/02,22.1,22.2,21.8,21.95,1871.0,41232.0,-0.2273,0.3955,815.0,493.0,0.0,0.0,493.0,6216.0,149.0,362.0,0.0,362.0,11.0,54.88,1.01,10.02
2014/07/03,21.95,22.6,21.9,22.5,3130.0,70062.0,2.5057,0.6616,1183.0,252.0,0.0,0.0,252.0,6837.0,1069.0,448.0,0.0,367.0,5.0,56.25,1.04,9.78
2014/07/04,22.6,22.75,22.3,22.35,1435.0,32234.0,-0.6667,0.3033,538.0,-36.0,0.0,2.0,-34.0,7113.0,534.0,258.0,10.0,362.0,6.0,55.88,1.03,9.84
2014/07/07,22.35,22.65,22.35,22.4,1226.0,27581.0,0.2237,0.2591,462.0,-81.0,0.0,0.0,-81.0,7293.0,405.0,225.0,0.0,365.0,3.0,56.0,1.03,9.82
2014/07/08,22.4,22.5,22.35,22.4,917.0,20555.0,0.0,0.1938,447.0,210.0,-1.0,0.0,209.0,7146.0,122.0,269.0,5.0,360.0,1.0,56.0,1.03,9.82
2014/07/09,22.4,22.65,22.4,22.5,1103.0,24850.0,0.4464,0.2331,626.0,350.0,0.0,0.0,350.0,6999.0,141.0,288.0,0.0,362.0,2.0,56.25,1.04,9.78
2014/07/10,22.7,22.7,22.4,22.45,1134.0,25518.0,-0.2222,0.2397,492.0,-57.0,0.0,0.0,-57.0,6907.0,123.0,215.0,0.0,361.0,0.0,56.13,1.04,9.8
2014/07/11,22.45,22.5,21.85,22.05,1326.0,29506.0,-1.7817,0.2803,577.0,94.0,0.0,6.0,100.0,6688.0,153.0,359.0,5.0,376.0,20.0,55.13,1.02,9.98
2014/07/14,22.05,22.6,22.0,22.3,792.0,17690.0,1.1338,0.1674,381.0,44.0,0.0,0.0,44.0,6688.0,134.0,122.0,0.0,376.0,0.0,55.75,1.03,9.87
2014/07/15,22.35,22.5,22.2,22.3,898.0,20050.0,0.0,0.1898,335.0,-2.0,0.0,-1.0,-3.0,6600.0,85.0,173.0,0.0,377.0,1.0,55.75,1.03,9.87
2014/07/16,22.3,22.4,21.95,22.05,1213.0,26855.0,-1.1211,0.2564,544.0,208.0,0.0,8.0,216.0,6441.0,158.0,317.0,5.0,372.0,0.0,55.13,1.02,9.98
2014/07/17,22.05,22.3,22.05,22.3,1053.0,23357.0,1.1338,0.2226,353.0,-30.0,0.0,-18.0,-48.0,6542.0,189.0,88.0,0.0,371.0,0.0,55.75,1.03,9.87
2014/07/18,22.35,22.35,22.1,22.35,742.0,16549.0,0.2242,0.1568,380.0,227.0,0.0,0.0,227.0,6516.0,38.0,64.0,0.0,371.0,0.0,55.88,1.03,9.84
2014/07/21,22.35,22.5,22.3,22.3,783.0,17534.0,-0.2237,0.1655,261.0,52.0,0.0,0.0,52.0,6476.0,95.0,135.0,0.0,371.0,0.0,55.75,1.03,9.87
2014/07/22,22.5,22.5,22.35,22.4,653.0,14651.0,0.4484,0.138,385.0,316.0,0.0,0.0,316.0,6387.0,20.0,98.0,0.0,374.0,3.0,56.0,1.03,9.82
2014/07/24,22.5,22.5,22.4,22.45,828.0,18607.0,0.2232,0.175,354.0,122.0,0.0,1.0,123.0,6346.0,112.0,153.0,0.0,374.0,0.0,56.13,1.04,9.8
2014/07/25,22.5,22.55,22.3,22.45,885.0,19848.0,0.0,0.1871,378.0,-17.0,0.0,0.0,-17.0,6335.0,106.0,117.0,6.0,368.0,0.0,56.13,1.04,9.8
2014/07/28,22.45,22.5,22.25,22.3,821.0,18383.0,-0.6682,0.1735,435.0,118.0,0.0,4.0,122.0,6201.0,63.0,197.0,0.0,369.0,1.0,55.75,1.03,9.87
2014/07/29,22.4,22.5,22.25,22.4,1119.0,25033.0,0.4484,0.2365,630.0,29.0,0.0,7.0,36.0,6249.0,146.0,98.0,0.0,369.0,0.0,56.0,1.03,9.82
2014/07/30,22.45,22.55,22.4,22.5,898.0,20197.0,0.4464,0.1898,411.0,115.0,12.0,0.0,127.0,6478.0,340.0,94.0,20.0,349.0,0.0,56.25,1.04,9.78
2014/07/31,22.55,22.55,22.3,22.45,767.0,17181.0,-0.2222,0.1621,360.0,58.0,1.0,0.0,59.0,6487.0,118.0,109.0,0.0,349.0,0.0,56.13,1.04,9.8
2014/08/01,22.4,22.45,22.3,22.35,869.0,19437.0,-0.4454,0.1837,321.0,27.0,0.0,0.0,27.0,6458.0,118.0,147.0,17.0,332.0,0.0,55.88,1.03,9.84
2014/08/04,22.35,22.5,22.35,22.4,880.0,19753.0,0.2237,0.186,383.0,120.0,0.0,0.0,120.0,6305.0,106.0,219.0,0.0,333.0,1.0,56.0,1.03,9.82
2014/08/05,22.45,22.5,21.95,22.3,1337.0,29780.0,-0.4464,0.2826,548.0,-52.0,0.0,0.0,-52.0,6317.0,146.0,134.0,18.0,331.0,16.0,55.75,1.03,9.87
2014/08/06,22.35,22.4,21.85,22.0,1683.0,37093.0,-1.3453,0.3557,572.0,58.0,0.0,1.0,59.0,6342.0,280.0,255.0,26.0,305.0,0.0,55.0,1.02,10.0
2014/08/07,22.0,22.25,22.0,22.1,666.0,14770.0,0.4545,0.1408,366.0,247.0,1.0,6.0,254.0,6341.0,47.0,48.0,2.0,303.0,0.0,55.25,1.02,9.95
2014/08/08,22.15,22.15,21.9,22.05,1025.0,22567.0,-0.2262,0.2166,483.0,-230.0,0.0,11.0,-219.0,6421.0,196.0,116.0,16.0,287.0,0.0,55.13,1.02,9.98
2014/08/11,22.0,22.15,21.9,22.0,849.0,18687.0,-0.2268,0.1794,385.0,75.0,0.0,0.0,75.0,6523.0,252.0,150.0,20.0,267.0,0.0,55.0,1.17,10.0
2014/08/12,22.1,22.15,21.95,22.0,803.0,17693.0,0.0,0.1697,305.0,-54.0,3.0,-1.0,-52.0,6449.0,83.0,147.0,115.0,142.0,0.0,115.79,1.17,10.0
2014/08/13,22.0,22.05,21.9,22.0,759.0,16700.0,0.0,0.1604,352.0,133.0,0.0,0.0,133.0,6420.0,148.0,177.0,20.0,121.0,0.0,115.79,1.17,9.5
2014/08/14,22.0,22.1,21.95,22.05,1421.0,31295.0,0.2273,0.3003,492.0,10.0,0.0,-5.0,5.0,6857.0,487.0,50.0,121.0,0.0,0.0,116.05,1.17,9.48
2014/08/15,22.15,22.15,21.9,22.0,1172.0,25761.0,-0.2268,0.2477,420.0,183.0,0.0,-1.0,182.0,6762.0,0.0,95.0,0.0,0.0,0.0,115.79,1.17,9.5
2014/08/18,22.0,22.0,21.1,21.2,2976.0,64402.0,-3.6364,0.629,1256.0,-159.0,0.0,0.0,-159.0,6372.0,0.0,390.0,0.0,0.0,0.0,111.58,1.13,9.86
2014/08/19,21.2,21.85,21.1,21.7,3233.0,69772.0,2.3585,0.6833,1243.0,212.0,0.0,-2.0,210.0,5871.0,0.0,500.0,0.0,0.0,0.0,114.21,1.15,9.63
2014/08/20,19.1,19.4,18.9,19.15,2747.0,52482.0,-2.0854,0.5806,1248.0,-239.0,0.0,0.0,-239.0,5680.0,272.0,463.0,0.0,151.0,151.0,100.79,1.02,10.91
2014/08/21,19.1,19.15,18.5,18.6,1762.0,32935.0,-2.8721,0.3724,862.0,-389.0,41.0,0.0,-348.0,5846.0,228.0,52.0,4.0,174.0,27.0,97.89,0.99,11.24
2014/08/22,18.6,18.85,18.55,18.75,799.0,14990.0,0.8065,0.1689,467.0,180.0,0.0,0.0,180.0,5836.0,69.0,74.0,85.0,103.0,14.0,98.68,1.0,11.15
2014/08/25,18.75,18.9,18.75,18.9,584.0,11005.0,0.8,0.1234,390.0,149.0,0.0,0.0,149.0,5760.0,14.0,90.0,8.0,96.0,1.0,99.47,1.0,11.06
2014/08/26,19.0,19.0,18.8,19.0,468.0,8862.0,0.5291,0.0989,339.0,145.0,0.0,0.0,145.0,5744.0,14.0,18.0,2.0,94.0,0.0,100.0,1.01,11.0
2014/08/27,19.05,19.25,18.95,19.2,809.0,15483.0,1.0526,0.171,546.0,541.0,0.0,0.0,541.0,5644.0,8.0,108.0,3.0,99.0,8.0,101.05,1.02,10.89
2014/08/28,19.3,19.35,19.05,19.35,641.0,12334.0,0.7813,0.1355,406.0,181.0,-4.0,0.0,177.0,5651.0,28.0,21.0,0.0,105.0,6.0,101.84,1.03,10.8
2014/08/29,19.4,19.4,19.05,19.25,547.0,10545.0,-0.5168,0.1156,395.0,83.0,0.0,0.0,83.0,5724.0,90.0,16.0,0.0,106.0,1.0,101.32,1.02,10.86
2014/09/01,19.25,19.3,19.0,19.1,431.0,8240.0,-0.7792,0.0911,239.0,37.0,0.0,10.0,47.0,5747.0,84.0,60.0,0.0,107.0,1.0,100.53,1.01,10.94
2014/09/02,19.25,19.25,19.05,19.2,381.0,7289.0,0.5236,0.0805,234.0,173.0,0.0,0.0,173.0,5725.0,3.0,25.0,3.0,114.0,10.0,101.05,1.02,10.89
2014/09/03,19.3,19.3,19.05,19.05,438.0,8408.0,-0.7812,0.0926,280.0,183.0,0.0,0.0,183.0,5729.0,15.0,11.0,0.0,115.0,1.0,100.26,1.01,10.97
2014/09/04,19.1,19.2,18.95,18.95,566.0,10792.0,-0.5249,0.1196,346.0,135.0,0.0,0.0,135.0,5600.0,64.0,26.0,1.0,114.0,0.0,99.74,1.01,11.03
2014/09/05,19.0,19.0,18.8,18.9,524.0,9909.0,-0.2639,0.1107,334.0,189.0,0.0,-2.0,187.0,5556.0,45.0,89.0,0.0,116.0,3.0,99.47,1.0,11.06
2014/09/09,18.9,19.0,18.8,18.85,583.0,11018.0,-0.2646,0.1232,313.0,17.0,68.0,0.0,85.0,5595.0,53.0,14.0,2.0,114.0,0.0,99.21,1.0,11.09
2014/09/10,18.8,18.9,18.7,18.7,602.0,11296.0,-0.7958,0.1272,318.0,-56.0,0.0,-8.0,-64.0,5623.0,62.0,20.0,4.0,125.0,15.0,98.42,0.99,11.18
2014/09/11,18.6,18.85,18.6,18.8,621.0,11634.0,0.5348,0.1312,310.0,56.0,0.0,0.0,56.0,5696.0,118.0,45.0,2.0,123.0,0.0,98.95,1.0,11.12
2014/09/12,18.8,18.8,18.6,18.6,502.0,9374.0,-1.0638,0.1061,309.0,-16.0,0.0,0.0,-16.0,5722.0,62.0,34.0,0.0,123.0,0.0,97.89,0.99,11.24
2014/09/15,18.6,18.65,18.4,18.5,663.0,12278.0,-0.5376,0.1401,361.0,81.0,-2.0,0.0,79.0,5772.0,61.0,11.0,0.0,125.0,2.0,97.37,0.98,11.3
2014/09/16,18.5,18.65,18.4,18.45,447.0,8270.0,-0.2703,0.0945,270.0,-12.0,-1.0,0.0,-13.0,5779.0,59.0,52.0,0.0,125.0,0.0,97.11,0.98,11.33
2014/09/17,18.5,18.65,18.45,18.65,818.0,15201.0,1.084,0.1729,524.0,22.0,0.0,-5.0,17.0,5810.0,93.0,62.0,2.0,123.0,0.0,98.16,0.99,11.21
2014/09/18,18.65,18.75,18.5,18.55,529.0,9864.0,-0.5362,0.1118,345.0,-77.0,0.0,0.0,-77.0,5867.0,137.0,40.0,6.0,118.0,1.0,97.63,0.99,11.27
2014/09/19,18.6,18.65,18.45,18.6,458.0,8502.0,0.2695,0.0968,260.0,13.0,0.0,0.0,13.0,5754.0,62.0,75.0,0.0,128.0,10.0,97.89,0.99,11.24
2014/09/22,18.65,18.65,18.3,18.35,695.0,12767.0,-1.3441,0.1469,404.0,-138.0,0.0,0.0,-138.0,5787.0,57.0,24.0,0.0,133.0,5.0,96.58,0.97,11.39
2014/09/23,18.35,18.5,18.3,18.4,257.0,4743.0,0.2725,0.0543,147.0,-5.0,-3.0,-1.0,-9.0,5759.0,17.0,22.0,4.0,128.0,0.0,96.84,0.98,11.36
2014/09/24,18.5,18.5,18.4,18.45,377.0,6959.0,0.2717,0.0797,234.0,28.0,0.0,0.0,28.0,5725.0,22.0,46.0,0.0,130.0,2.0,97.11,0.98,11.33
2014/09/25,18.45,18.55,18.2,18.2,400.0,7328.0,-1.355,0.0845,288.0,-173.0,0.0,-1.0,-174.0,5788.0,72.0,2.0,0.0,130.0,0.0,95.79,0.97,11.48
2014/09/26,18.15,18.2,17.9,18.0,512.0,9237.0,-1.0989,0.1082,308.0,29.0,0.0,0.0,29.0,5805.0,66.0,49.0,5.0,133.0,8.0,94.74,0.96,11.61
2014/09/29,18.0,18.0,17.6,17.65,719.0,12807.0,-1.9444,0.152,389.0,-64.0,0.0,0.0,-64.0,5730.0,26.0,100.0,0.0,162.0,29.0,92.89,0.94,11.84
2014/09/30,17.6,17.6,17.0,17.25,1277.0,21917.0,-2.2663,0.2699,680.0,86.0,0.0,5.0,91.0,5531.0,44.0,243.0,21.0,152.0,11.0,90.79,0.92,12.12
2014/10/01,17.2,17.4,17.1,17.1,679.0,11715.0,-0.8696,0.1435,389.0,142.0,0.0,0.0,142.0,5500.0,46.0,77.0,5.0,148.0,1.0,90.0,0.91,12.22
2014/10/02,17.1,17.15,17.0,17.05,548.0,9354.0,-0.2924,0.1158,306.0,-82.0,0.0,4.0,-78.0,5425.0,35.0,110.0,3.0,146.0,1.0,89.74,0.91,12.26
2014/10/03,17.05,17.2,17.0,17.15,535.0,9165.0,0.5865,0.1131,322.0,-53.0,0.0,4.0,-49.0,5542.0,127.0,10.0,3.0,143.0,0.0,90.26,0.91,12.19
2014/10/06,17.2,17.25,17.15,17.2,313.0,5384.0,0.2915,0.0662,194.0,-123.0,0.0,0.0,-123.0,5579.0,42.0,2.0,0.0,143.0,0.0,90.53,0.91,12.15
2014/10/07,17.2,17.3,17.15,17.2,482.0,8299.0,0.0,0.1019,418.0,-11.0,0.0,-1.0,-12.0,5526.0,7.0,50.0,13.0,130.0,0.0,90.53,0.91,12.15
2014/10/08,17.1,17.15,17.0,17.05,630.0,10757.0,-0.8721,0.1331,366.0,51.0,0.0,0.0,51.0,5478.0,14.0,60.0,0.0,131.0,1.0,89.74,0.91,12.26
2014/10/09,17.05,17.25,16.95,17.0,721.0,12314.0,-0.2933,0.1524,457.0,251.0,0.0,3.0,254.0,5479.0,43.0,40.0,0.0,131.0,0.0,89.47,0.9,12.29
2014/10/13,16.9,17.0,16.0,16.1,1279.0,20959.0,-5.2941,0.2703,690.0,-425.0,0.0,2.0,-423.0,5480.0,99.0,98.0,2.0,132.0,3.0,84.74,0.86,12.98
2014/10/14,16.0,16.05,15.45,15.55,1544.0,24232.0,-3.4161,0.3263,719.0,-239.0,0.0,2.0,-237.0,5371.0,237.0,346.0,0.0,139.0,7.0,81.84,0.83,13.44
2014/10/15,15.5,15.7,15.5,15.6,880.0,13725.0,0.3215,0.186,582.0,-21.0,0.0,-8.0,-29.0,5358.0,46.0,34.0,4.0,142.0,7.0,82.11,0.83,13.4
2014/10/16,15.6,15.6,15.0,15.5,1125.0,17188.0,-0.641,0.2378,677.0,21.0,0.0,-1.0,20.0,5290.0,85.0,153.0,7.0,136.0,1.0,81.58,0.82,13.48
2014/10/17,15.5,15.5,14.45,14.45,1403.0,20846.0,-6.7742,0.2965,796.0,-990.0,0.0,11.0,-979.0,5419.0,154.0,25.0,0.0,136.0,0.0,76.05,0.77,14.46
2014/10/20,14.7,15.0,14.7,14.9,1044.0,15502.0,3.1142,0.2206,597.0,86.0,0.0,-1.0,85.0,5330.0,95.0,157.0,7.0,132.0,3.0,78.42,0.79,14.03
2014/10/21,14.95,15.15,14.9,15.15,494.0,7445.0,1.6779,0.1044,403.0,109.0,1.0,-3.0,107.0,5302.0,5.0,33.0,18.0,118.0,4.0,79.74,0.8,13.8
2014/10/22,15.15,15.5,15.1,15.5,629.0,9612.0,2.3102,0.1329,431.0,88.0,0.0,0.0,88.0,5239.0,43.0,106.0,6.0,117.0,5.0,81.58,0.82,13.48
2014/10/23,15.45,15.45,15.0,15.3,660.0,10007.0,-1.2903,0.1395,436.0,-242.0,0.0,-4.0,-246.0,5392.0,190.0,37.0,7.0,111.0,1.0,80.53,0.81,13.66
2014/10/24,15.3,15.3,14.9,14.95,675.0,10129.0,-2.2876,0.1427,481.0,-292.0,0.0,0.0,-292.0,5534.0,155.0,10.0,8.0,115.0,12.0,78.68,0.79,13.98
2014/10/27,15.0,15.05,14.45,14.55,650.0,9523.0,-2.6756,0.1374,468.0,-56.0,0.0,0.0,-56.0,5610.0,113.0,37.0,6.0,104.0,0.0,76.58,0.77,14.36
2014/10/28,14.65,14.85,14.6,14.75,567.0,8354.0,1.3746,0.1198,375.0,123.0,0.0,-17.0,106.0,5596.0,23.0,37.0,1.0,111.0,8.0,77.63,0.78,14.17
2014/10/29,14.8,15.1,14.65,15.05,763.0,11329.0,2.0339,0.1613,423.0,83.0,0.0,0.0,83.0,5771.0,263.0,88.0,6.0,107.0,2.0,79.21,0.8,13.89
2014/10/30,15.1,15.15,14.8,14.9,387.0,5763.0,-0.9967,0.0818,245.0,-23.0,0.0,0.0,-23.0,5813.0,56.0,14.0,10.0,130.0,33.0,78.42,0.79,14.03
2014/10/31,15.0,15.15,15.0,15.1,723.0,10891.0,1.3423,0.1528,406.0,13.0,0.0,0.0,13.0,5776.0,63.0,100.0,0.0,132.0,2.0,79.47,0.8,13.84
2014/11/03,15.2,15.45,15.1,15.4,974.0,14903.0,1.9868,0.2058,524.0,77.0,0.0,-4.0,73.0,5742.0,124.0,158.0,6.0,130.0,4.0,81.05,0.82,13.57
2014/11/04,15.5,15.5,15.2,15.3,452.0,6896.0,-0.6494,0.0955,262.0,-56.0,0.0,0.0,-56.0,5818.0,101.0,20.0,0.0,130.0,0.0,80.53,0.81,13.66
2014/11/05,15.3,15.3,15.1,15.1,356.0,5392.0,-1.3072,0.0752,199.0,-8.0,0.0,-1.0,-9.0,5885.0,84.0,17.0,0.0,130.0,0.0,79.47,0.8,13.84
2014/11/06,15.1,15.2,15.0,15.0,465.0,7023.0,-0.6623,0.0983,350.0,-69.0,0.0,0.0,-69.0,6026.0,149.0,6.0,2.0,130.0,2.0,78.95,0.8,13.93
2014/11/07,15.2,15.4,15.0,15.25,817.0,12424.0,1.6667,0.1726,416.0,172.0,0.0,0.0,172.0,5921.0,12.0,117.0,0.0,132.0,2.0,80.26,0.81,13.7
2014/11/10,15.4,16.3,15.3,16.3,2700.0,43118.0,6.8852,0.5705,1101.0,35.0,0.0,0.0,35.0,6526.0,963.0,358.0,32.0,110.0,10.0,85.79,0.77,12.82
2014/11/11,16.35,16.6,16.0,16.0,2470.0,40379.0,-1.8405,0.5219,1331.0,211.0,0.0,1.0,212.0,6227.0,446.0,745.0,23.0,122.0,35.0,61.54,0.76,13.06
2014/11/12,16.0,16.15,15.7,15.75,1241.0,19735.0,-1.5625,0.2622,794.0,-32.0,0.0,0.0,-32.0,6292.0,178.0,113.0,24.0,101.0,3.0,60.58,0.75,13.27
2014/11/13,15.85,16.0,15.75,15.75,493.0,7830.0,0.0,0.1042,331.0,-44.0,0.0,-1.0,-45.0,6256.0,49.0,84.0,10.0,91.0,0.0,60.58,0.75,13.27
2014/11/14,15.85,15.9,15.6,15.8,489.0,7707.0,0.3175,0.1033,258.0,-34.0,0.0,1.0,-33.0,6284.0,132.0,103.0,0.0,92.0,2.0,60.77,0.75,13.23
2014/11/17,15.8,15.85,14.75,14.85,1426.0,21804.0,-6.0127,0.3013,771.0,-592.0,0.0,21.0,-571.0,6424.0,269.0,122.0,7.0,87.0,2.0,57.12,0.71,14.07
2014/11/18,14.9,15.35,14.9,15.1,853.0,12915.0,1.6835,0.1802,436.0,157.0,10.0,-2.0,165.0,6380.0,104.0,145.0,3.0,85.0,1.0,58.08,0.72,13.84
2014/11/19,15.3,15.45,15.2,15.3,639.0,9814.0,1.3245,0.135,371.0,84.0,0.0,-1.0,83.0,6323.0,18.0,75.0,0.0,88.0,3.0,58.85,0.73,13.66
2014/11/20,15.35,15.45,15.2,15.25,850.0,12978.0,-0.3268,0.1796,477.0,-225.0,0.0,0.0,-225.0,6400.0,97.0,20.0,0.0,90.0,2.0,58.65,0.72,13.7
2014/11/21,15.4,15.4,15.2,15.25,554.0,8474.0,0.0,0.1171,401.0,29.0,0.0,0.0,29.0,6356.0,57.0,101.0,1.0,90.0,1.0,58.65,0.72,13.7
2014/11/24,15.25,15.4,15.25,15.4,531.0,8134.0,0.9836,0.1122,267.0,83.0,0.0,-6.0,77.0,6357.0,17.0,15.0,0.0,90.0,0.0,59.23,0.73,13.57
2014/11/25,15.4,16.1,15.4,15.85,1763.0,27840.0,2.9221,0.3725,775.0,-131.0,0.0,10.0,-121.0,6484.0,689.0,562.0,0.0,92.0,2.0,60.96,0.75,13.19
2014/11/26,15.8,15.9,15.65,15.7,624.0,9826.0,-0.9464,0.1319,317.0,-70.0,0.0,-2.0,-72.0,6442.0,107.0,149.0,0.0,97.0,5.0,60.38,0.75,13.31
2014/11/27,15.8,15.8,15.65,15.65,556.0,8749.0,-0.3185,0.1175,281.0,-7.0,0.0,2.0,-5.0,6414.0,67.0,95.0,12.0,85.0,0.0,60.19,0.74,13.35
2014/11/28,15.55,15.8,15.55,15.7,415.0,6507.0,0.3195,0.0877,202.0,8.0,0.0,-1.0,7.0,6424.0,44.0,26.0,5.0,120.0,40.0,60.38,0.75,13.31
2014/12/01,15.3,15.85,15.3,15.7,876.0,13694.0,0.0,0.1851,351.0,14.0,0.0,4.0,18.0,6586.0,379.0,213.0,40.0,83.0,3.0,60.38,0.75,13.31
2014/12/02,15.7,15.7,15.4,15.7,702.0,10899.0,0.0,0.1483,302.0,30.0,0.0,-7.0,23.0,6520.0,185.0,251.0,3.0,80.0,0.0,60.38,0.75,13.31
2014/12/03,15.7,15.9,15.6,15.9,675.0,10676.0,1.2739,0.1426,281.0,10.0,53.0,0.0,63.0,6367.0,119.0,272.0,1.0,79.0,0.0,61.15,0.75,13.14
2014/12/04,15.9,16.85,15.9,16.45,2038.0,33422.0,3.4591,0.4307,666.0,-11.0,0.0,3.0,-8.0,6192.0,264.0,439.0,0.0,81.0,2.0,63.27,0.78,12.71
2014/12/05,16.4,16.9,16.35,16.75,1550.0,25897.0,1.8237,0.3275,600.0,-91.0,62.0,-5.0,-34.0,6416.0,458.0,234.0,0.0,96.0,15.0,64.42,0.8,12.48
2014/12/08,16.8,17.4,16.75,16.8,1614.0,27508.0,0.2985,0.3411,643.0,-116.0,0.0,-2.0,-118.0,6668.0,539.0,287.0,0.0,96.0,1.0,64.62,0.8,12.44
2014/12/09,16.8,16.8,16.5,16.6,623.0,10373.0,-1.1905,0.1316,327.0,81.0,0.0,48.0,129.0,6648.0,161.0,178.0,1.0,100.0,5.0,63.85,0.79,12.59
2014/12/10,16.5,16.8,16.4,16.55,529.0,8775.0,-0.3012,0.1118,291.0,53.0,0.0,0.0,53.0,6600.0,55.0,102.0,5.0,97.0,2.0,63.65,0.79,12.63
2014/12/11,16.45,16.8,16.4,16.6,536.0,8932.0,0.3021,0.1133,284.0,79.0,0.0,0.0,79.0,6567.0,81.0,104.0,0.0,97.0,0.0,63.85,0.79,12.59
2014/12/12,16.8,17.0,16.5,16.5,1466.0,24552.0,-0.6024,0.3098,536.0,1.0,0.0,-48.0,-47.0,6173.0,218.0,612.0,1.0,96.0,0.0,63.46,0.78,12.67
2014/12/15,16.45,16.5,16.3,16.3,556.0,9102.0,-1.2121,0.1175,260.0,-39.0,0.0,7.0,-32.0,6290.0,168.0,51.0,1.0,95.0,0.0,62.69,0.77,12.82
2014/12/16,16.3,17.15,16.3,17.0,1957.0,33084.0,4.2945,0.4136,933.0,221.0,15.0,9.0,245.0,5929.0,272.0,633.0,0.0,98.0,3.0,65.38,0.81,12.29
2014/12/17,17.0,17.2,16.65,16.65,1143.0,19308.0,-2.0588,0.2416,714.0,-124.0,-68.0,6.0,-186.0,5950.0,154.0,133.0,2.0,108.0,12.0,64.04,0.79,12.55
2014/12/18,16.85,17.1,16.85,16.95,1170.0,19866.0,1.8018,0.2473,432.0,-29.0,0.0,-3.0,-32.0,5993.0,151.0,106.0,0.0,122.0,14.0,65.19,0.8,12.33
2014/12/19,17.3,17.3,16.85,17.0,1075.0,18264.0,0.295,0.2272,509.0,98.0,0.0,-17.0,81.0,5952.0,143.0,182.0,9.0,113.0,0.0,65.38,0.81,12.29
2014/12/22,17.0,17.15,16.85,16.9,590.0,9990.0,-0.5882,0.1247,300.0,-76.0,0.0,-5.0,-81.0,5956.0,80.0,76.0,0.0,115.0,2.0,65.0,0.8,12.37
2014/12/23,16.9,17.0,16.8,16.85,380.0,6418.0,-0.2959,0.0803,234.0,-13.0,0.0,0.0,-13.0,5935.0,52.0,73.0,1.0,114.0,0.0,64.81,0.8,12.4
2014/12/24,16.85,17.0,16.8,16.85,685.0,11598.0,0.0,0.1448,319.0,-3.0,0.0,0.0,-3.0,5897.0,56.0,94.0,13.0,184.0,83.0,64.81,0.8,12.4
2014/12/25,16.85,17.05,16.85,17.05,593.0,10084.0,1.1869,0.1253,293.0,79.0,0.0,0.0,79.0,5959.0,146.0,83.0,2.0,182.0,0.0,65.58,0.81,12.26
2014/12/26,17.05,17.15,16.95,17.05,287.0,4896.0,0.0,0.0607,148.0,15.0,0.0,0.0,15.0,5889.0,6.0,75.0,3.0,179.0,0.0,65.58,0.81,12.26
2014/12/27,17.05,17.25,17.0,17.15,554.0,9507.0,0.5865,0.1171,268.0,0.0,0.0,1.0,1.0,6015.0,203.0,77.0,0.0,179.0,0.0,65.96,0.81,12.19
2014/12/29,17.3,17.35,17.0,17.0,587.0,10071.0,-0.8746,0.1241,346.0,-70.0,0.0,0.0,-70.0,6145.0,156.0,26.0,0.0,180.0,1.0,65.38,0.81,12.29
2014/12/30,17.2,17.2,16.75,16.75,683.0,11524.0,-1.4706,0.1444,363.0,-147.0,0.0,0.0,-147.0,5938.0,106.0,79.0,0.0,180.0,0.0,64.42,0.8,12.48
2014/12/31,16.75,16.8,16.65,16.65,470.0,7866.0,-0.597,0.0993,230.0,9.0,0.0,20.0,29.0,5957.0,27.0,8.0,53.0,126.0,0.0,64.04,0.79,12.55
2015/01/05,16.7,16.85,16.6,16.85,453.0,7585.0,1.2012,0.0957,262.0,-22.0,0.0,-1.0,-23.0,6013.0,68.0,10.0,0.0,126.0,0.0,64.81,0.8,12.4
2015/01/06,16.8,17.1,16.7,16.95,717.0,12114.0,0.5935,0.1515,406.0,39.0,0.0,0.0,39.0,5968.0,89.0,134.0,0.0,127.0,1.0,65.19,0.8,12.33
2015/01/07,16.95,17.05,16.8,16.8,579.0,9788.0,-0.885,0.1224,400.0,-82.0,0.0,0.0,-82.0,6022.0,67.0,11.0,0.0,127.0,0.0,64.62,0.8,12.44
2015/01/08,17.0,17.0,16.75,16.8,525.0,8842.0,0.0,0.111,246.0,-11.0,0.0,0.0,-11.0,6104.0,94.0,12.0,2.0,125.0,0.0,64.62,0.8,12.44
2015/01/09,16.75,17.0,16.75,17.0,823.0,13893.0,1.1905,0.174,369.0,80.0,0.0,-11.0,69.0,6208.0,207.0,103.0,0.0,129.0,4.0,65.38,0.81,12.29
2015/01/12,16.8,17.0,16.8,16.85,334.0,5652.0,-0.8824,0.0706,183.0,12.0,0.0,0.0,12.0,6232.0,47.0,23.0,1.0,128.0,0.0,64.81,0.8,12.4
2015/01/13,16.95,17.0,16.8,16.9,294.0,4974.0,0.2967,0.0621,184.0,62.0,0.0,0.0,62.0,6206.0,21.0,46.0,0.0,127.0,0.0,65.0,0.8,12.37
2015/01/14,16.9,17.0,16.85,16.9,329.0,5584.0,0.0,0.0695,221.0,6.0,0.0,0.0,6.0,6171.0,6.0,41.0,0.0,127.0,0.0,65.0,0.8,12.37
2015/01/15,17.0,17.6,16.9,17.25,1265.0,21783.0,2.071,0.2674,653.0,53.0,0.0,0.0,53.0,6423.0,385.0,133.0,1.0,127.0,1.0,66.35,0.82,12.12
2015/01/16,17.4,17.45,17.0,17.25,684.0,11769.0,0.0,0.1446,356.0,-156.0,0.0,-5.0,-161.0,6617.0,262.0,68.0,2.0,125.0,0.0,66.35,0.82,12.12
2015/01/19,17.25,17.3,17.0,17.2,606.0,10410.0,-0.2899,0.1281,268.0,-61.0,0.0,0.0,-61.0,6745.0,291.0,123.0,0.0,127.0,2.0,66.15,0.82,12.15
2015/01/20,17.2,17.45,17.05,17.4,888.0,15385.0,1.1628,0.1877,403.0,-3.0,0.0,8.0,5.0,6932.0,261.0,74.0,0.0,127.0,0.0,66.92,0.83,12.01
2015/01/21,17.6,18.6,17.6,18.6,5378.0,99203.0,6.8966,1.1367,1706.0,10.0,0.0,-4.0,6.0,7937.0,1790.0,784.0,0.0,273.0,177.0,71.54,0.88,11.24
2015/01/22,19.0,19.2,18.7,19.0,7020.0,133114.0,2.1505,1.4838,2625.0,-182.0,-54.0,-1.0,-237.0,8024.0,1553.0,1466.0,21.0,436.0,184.0,73.08,0.9,11.0
2015/01/23,19.15,19.2,18.7,18.8,1975.0,37254.0,-1.0526,0.4174,935.0,-124.0,0.0,-6.0,-130.0,7694.0,243.0,573.0,125.0,318.0,7.0,72.31,0.89,11.12
2015/01/26,18.8,18.8,18.45,18.5,1161.0,21545.0,-1.5957,0.2454,569.0,-122.0,0.0,-2.0,-124.0,7549.0,219.0,364.0,108.0,207.0,2.0,71.15,0.88,11.3
2015/01/27,18.6,18.65,18.35,18.4,855.0,15760.0,-0.5405,0.1807,401.0,-52.0,0.0,0.0,-52.0,7385.0,86.0,250.0,13.0,197.0,3.0,70.77,0.87,11.36
2015/01/28,18.25,18.5,18.2,18.45,1053.0,19359.0,0.2717,0.2226,452.0,398.0,0.0,0.0,398.0,7287.0,84.0,182.0,0.0,228.0,31.0,70.96,0.88,11.33
2015/01/29,18.6,19.3,18.55,19.05,3118.0,59144.0,3.252,0.659,1174.0,3.0,0.0,3.0,6.0,8133.0,1154.0,308.0,9.0,374.0,155.0,73.27,0.9,10.97
2015/01/30,19.1,19.1,18.75,18.75,1706.0,32184.0,-1.5748,0.3606,629.0,286.0,-1.0,1.0,286.0,7978.0,211.0,362.0,41.0,334.0,1.0,72.12,0.89,11.15
2015/02/02,18.8,19.0,18.6,18.8,678.0,12716.0,0.2667,0.1433,299.0,95.0,0.0,0.0,95.0,7890.0,70.0,116.0,8.0,327.0,1.0,72.31,0.89,11.12
2015/02/03,18.95,18.95,18.65,18.75,724.0,13618.0,-0.266,0.153,343.0,393.0,0.0,0.0,393.0,7657.0,37.0,218.0,4.0,333.0,10.0,72.12,0.89,11.15
2015/02/04,19.0,19.0,18.7,18.75,765.0,14410.0,0.0,0.1617,330.0,370.0,0.0,0.0,370.0,7419.0,54.0,292.0,0.0,340.0,7.0,72.12,0.89,11.15
2015/02/05,19.0,19.0,18.8,18.9,458.0,8646.0,0.8,0.0968,258.0,260.0,0.0,0.0,260.0,7313.0,46.0,134.0,0.0,340.0,0.0,72.69,0.9,11.06
2015/02/06,19.0,19.05,18.85,18.95,898.0,17017.0,0.2646,0.1898,464.0,511.0,0.0,0.0,511.0,7222.0,128.0,219.0,0.0,347.0,7.0,72.88,0.9,11.03
2015/02/09,19.0,19.4,18.95,19.15,1362.0,26102.0,1.0554,0.2879,580.0,391.0,-6.0,0.0,385.0,7205.0,217.0,232.0,2.0,384.0,39.0,73.65,0.91,10.91
2015/02/10,19.2,19.45,19.05,19.05,1353.0,25999.0,-0.5222,0.286,617.0,361.0,0.0,8.0,369.0,7183.0,178.0,197.0,0.0,417.0,33.0,73.27,0.9,10.97
2015/02/11,19.2,19.2,18.9,19.0,1048.0,19988.0,-0.2625,0.2215,466.0,512.0,0.0,1.0,513.0,6858.0,130.0,455.0,0.0,417.0,0.0,73.08,0.9,11.0
2015/02/12,19.2,19.3,18.85,19.0,897.0,17054.0,0.0,0.1896,408.0,-219.0,0.0,0.0,-219.0,7067.0,275.0,65.0,3.0,414.0,0.0,73.08,0.9,11.0
2015/02/13,19.0,19.05,18.75,18.75,732.0,13860.0,-1.3158,0.1547,292.0,62.0,-2.0,-5.0,55.0,6956.0,78.0,161.0,21.0,408.0,15.0,72.12,0.89,11.15
2015/02/24,18.95,19.0,18.6,18.9,1243.0,23432.0,0.8,0.2627,608.0,554.0,0.0,15.0,569.0,6693.0,118.0,379.0,0.0,409.0,1.0,72.69,0.9,11.06
2015/02/25,18.9,19.05,18.85,18.85,637.0,12064.0,-0.2646,0.1346,319.0,86.0,-20.0,0.0,66.0,6525.0,122.0,288.0,0.0,415.0,6.0,72.5,0.9,11.09
2015/02/26,18.85,19.0,18.75,19.0,625.0,11794.0,0.7958,0.1321,294.0,149.0,-1.0,10.0,158.0,6510.0,88.0,99.0,36.0,381.0,2.0,73.08,0.9,11.0
2015/03/02,19.0,19.0,18.45,18.45,1314.0,24535.0,-2.8947,0.2777,627.0,-375.0,0.0,65.0,-310.0,6387.0,135.0,257.0,54.0,327.0,1.0,70.96,0.88,11.33
2015/03/03,18.45,18.7,18.4,18.55,474.0,8818.0,0.542,0.1002,296.0,200.0,0.0,0.0,200.0,6385.0,27.0,25.0,2.0,326.0,1.0,71.35,0.88,11.27
2015/03/04,18.5,18.9,18.5,18.85,545.0,10221.0,1.6173,0.1152,321.0,273.0,-2.0,-30.0,241.0,6273.0,35.0,147.0,4.0,322.0,0.0,72.5,0.9,11.09
2015/03/05,18.9,18.9,18.7,18.8,283.0,5332.0,-0.2653,0.0598,149.0,2.0,-1.0,-14.0,-13.0,6216.0,31.0,88.0,0.0,322.0,0.0,72.31,0.89,11.12
2015/03/06,18.8,18.85,18.7,18.8,335.0,6299.0,0.0,0.0708,253.0,155.0,0.0,-19.0,136.0,5952.0,15.0,78.0,1.0,321.0,0.0,72.31,0.89,11.12
2015/03/09,18.8,18.8,18.55,18.6,347.0,6478.0,-1.0638,0.0733,199.0,10.0,-1.0,0.0,9.0,5908.0,35.0,79.0,18.0,304.0,1.0,71.54,0.88,11.24
2015/03/10,18.6,18.75,18.5,18.65,422.0,7879.0,0.2688,0.0892,261.0,262.0,0.0,-4.0,258.0,5863.0,20.0,64.0,1.0,303.0,0.0,71.73,0.89,11.21
2015/03/11,18.5,18.6,18.35,18.4,554.0,10231.0,-1.3405,0.1171,291.0,-34.0,0.0,0.0,-34.0,5765.0,47.0,145.0,5.0,307.0,10.0,70.77,0.87,11.36
2015/03/12,18.4,18.6,18.4,18.4,415.0,7679.0,0.0,0.0877,252.0,125.0,0.0,0.0,125.0,5743.0,34.0,54.0,0.0,348.0,41.0,70.77,0.87,11.36
2015/03/13,18.4,18.5,18.25,18.25,538.0,9878.0,-0.8152,0.1137,254.0,28.0,0.0,0.0,28.0,5610.0,73.0,56.0,1.0,348.0,1.0,70.19,0.87,11.45
2015/03/16,18.25,18.45,18.25,18.35,285.0,5245.0,0.5479,0.0602,200.0,65.0,-1.0,6.0,70.0,5608.0,17.0,19.0,0.0,362.0,14.0,70.58,0.87,11.39
2015/03/17,18.35,18.45,18.2,18.2,551.0,10099.0,-0.8174,0.1165,239.0,-25.0,0.0,21.0,-4.0,5425.0,11.0,194.0,0.0,363.0,1.0,70.0,0.86,11.48
2015/03/18,18.2,18.4,18.15,18.3,477.0,8719.0,0.5495,0.1009,242.0,105.0,0.0,-5.0,100.0,5327.0,13.0,111.0,20.0,353.0,10.0,70.38,0.87,11.42
2015/03/19,18.35,18.35,18.25,18.3,415.0,7604.0,0.0,0.0878,223.0,15.0,0.0,0.0,15.0,5280.0,65.0,112.0,32.0,321.0,0.0,70.38,0.87,11.42
2015/03/20,18.35,18.35,18.0,18.0,1144.0,20707.0,-1.6393,0.2419,618.0,-344.0,-19.0,10.0,-353.0,5019.0,27.0,248.0,222.0,99.0,0.0,69.23,0.85,11.61
2015/03/23,18.1,18.2,17.7,17.7,767.0,13760.0,-1.6667,0.1622,440.0,32.0,0.0,0.0,32.0,5081.0,89.0,27.0,18.0,82.0,1.0,68.08,0.84,11.81
2015/03/24,17.7,17.7,17.35,17.35,1363.0,23808.0,-1.9774,0.2883,763.0,-40.0,0.0,4.0,-36.0,4947.0,196.0,155.0,40.0,44.0,2.0,66.73,0.82,12.05
2015/03/25,17.35,17.65,17.3,17.4,566.0,9871.0,0.2882,0.1197,395.0,-47.0,0.0,-1.0,-48.0,4906.0,21.0,62.0,4.0,45.0,5.0,66.92,0.83,12.01
2015/03/26,17.4,17.5,17.3,17.4,471.0,8223.0,0.0,0.0996,355.0,109.0,0.0,10.0,119.0,4891.0,11.0,26.0,2.0,43.0,0.0,66.92,0.83,12.01
2015/03/27,17.4,17.55,17.4,17.55,390.0,6826.0,0.8621,0.0825,241.0,115.0,0.0,-2.0,113.0,4883.0,12.0,20.0,0.0,43.0,0.0,67.5,0.83,11.91
2015/03/30,17.55,17.7,17.55,17.6,406.0,7167.0,0.2849,0.0859,297.0,57.0,0.0,-9.0,48.0,4862.0,47.0,68.0,0.0,48.0,5.0,67.69,0.84,11.88
2015/03/31,17.6,17.65,17.5,17.6,319.0,5612.0,0.0,0.0675,194.0,91.0,0.0,0.0,91.0,4923.0,90.0,29.0,0.0,48.0,0.0,53.33,0.84,11.88
2015/04/01,17.55,17.6,17.35,17.45,393.0,6864.0,-0.8523,0.0831,236.0,55.0,0.0,0.0,55.0,4915.0,57.0,64.0,21.0,27.0,0.0,52.88,0.84,11.98
2015/04/02,17.5,17.6,17.4,17.5,209.0,3667.0,0.2865,0.0442,146.0,21.0,0.0,0.0,21.0,4839.0,3.0,19.0,0.0,27.0,0.0,53.03,0.84,11.94
2015/04/07,17.5,17.6,17.35,17.4,416.0,7267.0,-0.5714,0.088,287.0,34.0,0.0,0.0,34.0,4925.0,119.0,30.0,1.0,26.0,0.0,52.73,0.83,12.01
2015/04/08,17.4,17.4,17.15,17.25,469.0,8108.0,-0.8621,0.0992,260.0,-3.0,0.0,0.0,-3.0,4976.0,115.0,64.0,0.0,26.0,0.0,52.27,0.83,12.12
2015/04/09,17.25,17.3,17.15,17.25,519.0,8941.0,0.0,0.1098,282.0,9.0,0.0,-16.0,-7.0,4989.0,18.0,3.0,0.0,26.0,0.0,52.27,0.83,12.12
2015/04/10,17.25,17.35,17.15,17.3,430.0,7421.0,0.2899,0.0909,229.0,45.0,0.0,-2.0,43.0,4980.0,12.0,21.0,2.0,24.0,0.0,52.42,0.83,12.08
2015/04/13,17.3,17.45,17.15,17.35,326.0,5652.0,0.289,0.0689,244.0,72.0,0.0,1.0,73.0,4958.0,10.0,32.0,0.0,24.0,0.0,52.58,0.83,12.05
2015/04/14,17.4,17.4,17.2,17.2,397.0,6851.0,-0.8646,0.084,190.0,0.0,0.0,0.0,0.0,4928.0,7.0,37.0,2.0,22.0,0.0,52.12,0.82,12.15
2015/04/15,17.2,17.3,17.05,17.05,551.0,9459.0,-0.8721,0.1165,428.0,-151.0,-28.0,-2.0,-181.0,4954.0,32.0,5.0,0.0,23.0,1.0,51.67,0.82,12.26
2015/04/16,17.05,17.15,17.0,17.05,626.0,10682.0,0.0,0.1324,331.0,21.0,0.0,-21.0,0.0,4973.0,27.0,8.0,19.0,4.0,0.0,51.67,0.82,12.26
2015/04/17,17.0,17.15,17.0,17.1,363.0,6208.0,0.2933,0.0768,233.0,133.0,0.0,0.0,133.0,4991.0,36.0,18.0,1.0,3.0,0.0,51.82,0.82,12.22
2015/04/20,17.1,17.25,17.0,17.0,380.0,6511.0,-0.5848,0.0804,229.0,-9.0,0.0,1.0,-8.0,5037.0,61.0,15.0,0.0,0.0,0.0,51.52,0.82,12.29
2015/04/21,17.1,17.25,17.1,17.1,539.0,9254.0,0.5882,0.114,270.0,108.0,0.0,0.0,108.0,5017.0,53.0,73.0,0.0,0.0,0.0,51.82,0.82,12.22
2015/04/22,17.1,17.1,17.0,17.05,348.0,5939.0,-0.2924,0.0736,173.0,-27.0,0.0,0.0,-27.0,5100.0,90.0,7.0,0.0,0.0,0.0,51.67,0.82,12.26
2015/04/23,17.15,17.85,17.0,17.65,1895.0,32938.0,3.5191,0.4008,811.0,237.0,0.0,11.0,248.0,5061.0,290.0,329.0,0.0,53.0,53.0,53.48,0.85,11.84
2015/04/24,17.65,17.9,17.4,17.5,1076.0,18914.0,-0.8499,0.2276,500.0,-23.0,0.0,18.0,-5.0,5102.0,169.0,126.0,0.0,54.0,1.0,53.03,0.84,11.94
2015/04/27,17.4,17.55,17.35,17.35,639.0,11163.0,-0.8571,0.1351,340.0,76.0,0.0,0.0,76.0,5126.0,51.0,25.0,21.0,33.0,0.0,52.58,0.83,12.05
2015/04/28,17.3,17.5,17.2,17.2,622.0,10787.0,-0.8646,0.1315,422.0,-51.0,-1.0,0.0,-52.0,5122.0,144.0,108.0,32.0,1.0,1.0,52.12,0.82,12.15
2015/04/29,17.35,17.6,17.3,17.5,614.0,10735.0,1.7442,0.1299,399.0,259.0,-1.0,5.0,263.0,5067.0,47.0,102.0,0.0,3.0,2.0,53.03,0.84,11.94
2015/04/30,17.6,17.6,17.3,17.5,800.0,13958.0,0.0,0.1692,411.0,215.0,0.0,0.0,215.0,5042.0,78.0,103.0,0.0,3.0,0.0,53.03,0.84,11.94
2015/05/04,17.5,17.6,17.3,17.3,513.0,8947.0,-1.1429,0.1085,200.0,-32.0,0.0,0.0,-32.0,5010.0,49.0,81.0,0.0,3.0,0.0,52.42,0.83,12.08
2015/05/05,17.3,17.5,17.3,17.5,309.0,5391.0,1.1561,0.0653,158.0,84.0,0.0,0.0,84.0,4972.0,37.0,75.0,0.0,13.0,10.0,53.03,0.84,11.94
2015/05/06,17.5,17.55,17.4,17.5,332.0,5820.0,0.0,0.0702,253.0,184.0,0.0,0.0,184.0,4921.0,4.0,55.0,0.0,38.0,25.0,53.03,0.84,11.94
2015/05/07,17.5,17.55,17.3,17.45,362.0,6315.0,-0.2857,0.0765,203.0,112.0,0.0,0.0,112.0,4851.0,20.0,90.0,5.0,33.0,0.0,52.88,0.84,11.98
2015/05/08,17.45,17.5,17.3,17.5,354.0,6185.0,0.2865,0.0749,181.0,77.0,0.0,0.0,77.0,4883.0,51.0,19.0,2.0,36.0,5.0,53.03,0.82,11.94
2015/05/11,18.7,18.7,18.7,18.7,1516.0,28351.0,6.8571,0.3212,688.0,-30.0,0.0,0.0,-30.0,5331.0,802.0,354.0,0.0,47.0,11.0,18.51,0.88,11.18
2015/05/12,20.0,20.0,19.0,19.25,10176.0,199955.0,2.9412,2.1561,3487.0,-126.0,0.0,-22.0,-148.0,7258.0,3132.0,1144.0,0.0,251.0,204.0,19.06,0.9,10.86
2015/05/13,19.25,19.45,18.7,18.9,2440.0,46248.0,-1.8182,0.517,1042.0,-133.0,0.0,-1.0,-134.0,7511.0,447.0,194.0,66.0,195.0,10.0,18.71,0.88,11.06
2015/05/14,18.9,19.0,18.55,19.0,2103.0,39422.0,0.5291,0.4456,891.0,-230.0,1.0,-7.0,-236.0,7552.0,300.0,258.0,116.0,92.0,13.0,18.81,0.89,11.0
2015/05/15,19.15,19.3,18.9,19.0,3382.0,64580.0,0.0,0.7166,1301.0,29.0,0.0,-7.0,22.0,8012.0,922.0,462.0,27.0,167.0,102.0,18.81,0.89,11.0
2015/05/18,19.0,19.0,18.6,18.65,1006.0,18825.0,-1.8421,0.2132,589.0,-20.0,0.0,4.0,-16.0,7826.0,204.0,390.0,98.0,75.0,6.0,18.47,0.87,11.21
2015/05/19,18.65,18.75,18.5,18.5,1435.0,26718.0,-0.8043,0.304,674.0,-281.0,0.0,-5.0,-286.0,8034.0,441.0,233.0,4.0,70.0,0.0,18.32,0.87,11.3
2015/05/20,18.5,18.75,18.5,18.6,789.0,14693.0,0.5405,0.1672,364.0,-25.0,0.0,4.0,-21.0,8087.0,160.0,107.0,4.0,68.0,2.0,18.42,0.87,11.24
2015/05/21,18.6,18.6,18.3,18.3,908.0,16687.0,-1.6129,0.1924,429.0,-38.0,0.0,-8.0,-46.0,8029.0,196.0,249.0,4.0,82.0,18.0,18.12,0.86,11.42
2015/05/22,18.5,18.55,18.3,18.4,814.0,15027.0,0.5464,0.1725,383.0,105.0,0.0,-5.0,100.0,7975.0,124.0,177.0,12.0,70.0,0.0,18.22,0.86,11.36
2015/05/25,18.4,18.55,18.3,18.5,730.0,13470.0,0.5435,0.1547,351.0,-24.0,0.0,0.0,-24.0,7890.0,118.0,203.0,12.0,60.0,2.0,18.32,0.87,11.3
2015/05/26,18.6,18.65,18.35,18.5,601.0,11111.0,0.0,0.1273,270.0,23.0,0.0,0.0,23.0,7881.0,115.0,124.0,0.0,60.0,0.0,18.32,0.87,11.3
2015/05/27,18.5,18.55,18.35,18.5,805.0,14873.0,0.0,0.1706,317.0,127.0,0.0,0.0,127.0,7915.0,53.0,19.0,0.0,60.0,0.0,18.32,0.87,11.3
2015/05/28,18.5,18.6,18.45,18.45,697.0,12920.0,-0.2703,0.1477,357.0,28.0,-34.0,0.0,-6.0,7979.0,171.0,103.0,0.0,60.0,0.0,18.27,0.86,11.33
2015/05/29,18.5,18.8,18.5,18.65,1471.0,27447.0,1.084,0.3117,593.0,-137.0,0.0,0.0,-137.0,7819.0,322.0,481.0,0.0,60.0,0.0,18.47,0.87,11.21
2015/06/01,18.65,18.75,18.6,18.7,422.0,7893.0,0.2681,0.0894,208.0,74.0,0.0,1.0,75.0,7807.0,82.0,83.0,0.0,60.0,0.0,18.51,0.88,11.18
2015/06/02,18.7,18.75,18.55,18.55,647.0,12070.0,-0.8021,0.1371,324.0,-102.0,0.0,-1.0,-103.0,7800.0,73.0,77.0,0.0,60.0,0.0,18.37,0.87,11.27
2015/06/03,18.5,18.55,17.85,17.85,2036.0,36825.0,-3.7736,0.4314,822.0,14.0,0.0,0.0,14.0,7779.0,388.0,408.0,3.0,66.0,9.0,17.67,0.84,11.71
2015/06/04,17.8,17.95,17.3,17.35,1323.0,23212.0,-2.8011,0.2803,598.0,-59.0,-1.0,0.0,-60.0,7608.0,209.0,380.0,4.0,60.0,0.0,17.18,0.81,12.05
2015/06/05,17.3,17.4,17.2,17.2,957.0,16567.0,-0.8646,0.2028,489.0,-106.0,-4.0,0.0,-110.0,7489.0,63.0,142.0,0.0,52.0,0.0,17.03,0.8,12.15
2015/06/08,17.25,17.5,17.2,17.4,540.0,9384.0,1.1628,0.1144,348.0,4.0,0.0,0.0,4.0,7492.0,90.0,87.0,0.0,57.0,5.0,17.23,0.81,12.01
2015/06/09,17.4,17.45,16.2,16.2,2008.0,33463.0,-6.8966,0.4255,768.0,-10.0,0.0,0.0,-10.0,7282.0,276.0,486.0,1.0,57.0,1.0,16.04,0.76,12.9
2015/06/10,16.15,16.6,16.15,16.6,842.0,13853.0,2.4691,0.1784,434.0,164.0,0.0,-3.0,161.0,7172.0,53.0,138.0,11.0,80.0,34.0,16.44,0.78,12.59
2015/06/11,16.7,16.8,16.25,16.35,974.0,15966.0,-1.506,0.2064,547.0,-229.0,0.0,2.0,-227.0,7061.0,128.0,204.0,55.0,27.0,2.0,16.19,0.77,12.78
2015/06/12,16.35,16.55,16.2,16.5,762.0,12503.0,0.9174,0.1615,393.0,19.0,0.0,0.0,19.0,6948.0,13.0,126.0,5.0,77.0,55.0,16.34,0.77,12.67
2015/06/15,16.5,16.6,16.3,16.4,430.0,7064.0,-0.6061,0.0911,342.0,-83.0,0.0,0.0,-83.0,6931.0,5.0,22.0,40.0,37.0,1.0,16.24,0.77,12.74
2015/06/16,16.4,16.55,16.35,16.4,643.0,10563.0,0.0,0.1362,429.0,24.0,0.0,0.0,24.0,6927.0,7.0,11.0,18.0,19.0,0.0,16.24,0.77,12.74
2015/06/17,16.5,17.3,16.45,17.25,1472.0,24967.0,5.1829,0.3119,873.0,191.0,0.0,-6.0,185.0,6661.0,81.0,347.0,2.0,77.0,60.0,17.08,0.81,12.12
2015/06/18,17.2,17.25,17.0,17.05,632.0,10811.0,-1.1594,0.1339,389.0,-13.0,0.0,-2.0,-15.0,6641.0,62.0,32.0,1.0,140.0,64.0,16.88,0.8,12.26
2015/06/22,17.3,17.45,17.15,17.3,794.0,13732.0,1.4663,0.1682,334.0,17.0,-4.0,-18.0,-5.0,6682.0,144.0,103.0,111.0,29.0,0.0,17.13,0.81,12.08
2015/06/23,17.3,17.35,17.15,17.2,510.0,8794.0,-0.578,0.1081,279.0,88.0,0.0,0.0,88.0,6738.0,112.0,56.0,0.0,31.0,2.0,17.03,0.8,12.15
2015/06/24,17.5,17.5,17.05,17.05,772.0,13365.0,-0.8721,0.1636,365.0,21.0,0.0,17.0,38.0,6833.0,254.0,139.0,0.0,31.0,0.0,16.88,0.8,0.0
2015/06/25,17.05,17.2,17.0,17.0,539.0,9208.0,-0.2933,0.1142,253.0,50.0,0.0,2.0,52.0,6853.0,160.0,117.0,2.0,40.0,11.0,16.83,0.8,0.0
2015/06/26,17.1,17.1,16.8,16.8,525.0,8871.0,-1.1765,0.1112,296.0,-43.0,0.0,9.0,-34.0,6830.0,66.0,89.0,3.0,61.0,24.0,16.63,0.79,0.0
2015/06/29,16.7,16.8,16.4,16.45,603.0,9981.0,-2.0833,0.1278,343.0,-84.0,0.0,-18.0,-102.0,6847.0,112.0,95.0,24.0,45.0,8.0,16.29,0.77,0.0
2015/06/30,16.4,16.6,16.35,16.6,510.0,8406.0,0.9119,0.1081,279.0,87.0,0.0,0.0,87.0,6759.0,16.0,103.0,11.0,38.0,5.0,16.44,0.78,0.0
2015/07/01,16.6,16.75,16.55,16.6,463.0,7724.0,0.0,0.0981,196.0,-8.0,0.0,0.0,-8.0,6671.0,38.0,126.0,0.0,38.0,0.0,16.44,0.78,0.0
2015/07/02,16.8,16.9,16.55,16.6,352.0,5863.0,0.0,0.0746,276.0,-16.0,0.0,0.0,-16.0,6695.0,64.0,40.0,0.0,51.0,13.0,16.44,0.78,0.0
2015/07/03,16.6,16.6,16.35,16.45,1002.0,16518.0,-0.9036,0.2123,507.0,-313.0,0.0,0.0,-313.0,6705.0,87.0,77.0,0.0,51.0,0.0,16.29,0.77,0.0
2015/07/06,16.45,16.55,16.25,16.25,435.0,7133.0,-1.2158,0.0922,203.0,-21.0,0.0,0.0,-21.0,6719.0,47.0,33.0,13.0,38.0,0.0,16.09,0.76,0.0
2015/07/07,16.25,16.65,16.25,16.45,394.0,6503.0,1.2308,0.0835,163.0,20.0,0.0,-9.0,11.0,6663.0,44.0,100.0,8.0,30.0,0.0,16.29,0.77,0.0
2015/07/08,16.5,16.5,15.8,15.85,1192.0,19113.0,-3.6474,0.2526,492.0,-12.0,0.0,6.0,-6.0,6591.0,198.0,270.0,3.0,27.0,0.0,15.69,0.74,0.0
2015/07/09,15.0,15.65,15.0,15.5,808.0,12377.0,-2.2082,0.1712,409.0,28.0,0.0,10.0,38.0,6387.0,49.0,252.0,8.0,20.0,1.0,15.35,0.73,0.0
2015/07/13,16.0,16.0,15.7,15.8,498.0,7899.0,1.9355,0.1055,212.0,2.0,0.0,-5.0,-3.0,6342.0,39.0,83.0,14.0,6.0,0.0,15.64,0.74,0.0
2015/07/14,15.95,16.15,15.9,16.0,703.0,11289.0,1.2658,0.149,352.0,-51.0,0.0,-5.0,-56.0,6193.0,1.0,150.0,0.0,7.0,1.0,15.84,0.75,0.0
2015/07/15,16.0,16.2,15.7,15.7,558.0,8809.0,-1.875,0.1182,253.0,-291.0,3.0,1.0,-287.0,6288.0,106.0,11.0,0.0,8.0,1.0,15.54,0.73,0.0
2015/07/16,15.75,15.8,15.55,15.65,466.0,7302.0,-0.3185,0.0987,206.0,4.0,0.0,0.0,4.0,6129.0,22.0,152.0,0.0,22.0,14.0,15.5,0.73,0.0
2015/07/17,15.7,15.7,15.5,15.5,520.0,8091.0,-0.9585,0.1102,214.0,-45.0,9.0,0.0,-36.0,6165.0,82.0,46.0,1.0,24.0,3.0,15.35,0.73,0.0
2015/07/20,15.5,15.6,15.3,15.4,468.0,7216.0,-0.6452,0.0992,211.0,127.0,0.0,-1.0,126.0,6133.0,62.0,94.0,0.0,27.0,3.0,15.25,0.72,0.0
2015/07/21,15.4,15.6,15.4,15.5,306.0,4743.0,0.6494,0.0648,157.0,45.0,0.0,0.0,45.0,6098.0,12.0,47.0,8.0,20.0,1.0,15.35,0.73,0.0
2015/07/22,15.5,15.6,15.3,15.3,361.0,5548.0,-1.2903,0.0765,221.0,-115.0,0.0,13.0,-102.0,6218.0,122.0,2.0,0.0,20.0,0.0,15.15,0.72,0.0
2015/07/23,15.45,15.5,15.2,15.2,544.0,8373.0,-0.6536,0.1153,239.0,-128.0,0.0,1.0,-127.0,6171.0,18.0,65.0,0.0,20.0,0.0,15.05,0.71,0.0
2015/07/24,15.25,15.25,15.0,15.05,761.0,11488.0,-0.9868,0.1612,229.0,-359.0,1.0,0.0,-358.0,6194.0,104.0,81.0,2.0,18.0,0.0,14.9,0.7,0.0
2015/07/27,15.0,15.05,13.8,13.85,2806.0,39997.0,-7.9734,0.5945,840.0,-747.0,0.0,24.0,-723.0,5882.0,494.0,770.0,5.0,23.0,10.0,13.71,0.65,0.0
2015/07/28,13.75,14.2,13.6,13.95,1263.0,17623.0,0.722,0.2676,526.0,4.0,5.0,7.0,16.0,5659.0,117.0,286.0,3.0,68.0,48.0,13.81,0.65,0.0
2015/07/29,14.0,14.3,13.85,14.0,554.0,7773.0,0.3584,0.1174,264.0,-57.0,0.0,0.0,-57.0,5616.0,26.0,69.0,8.0,60.0,0.0,13.86,0.66,0.0
2015/07/30,14.1,14.4,14.05,14.2,795.0,11282.0,1.4286,0.1684,377.0,-28.0,0.0,-9.0,-37.0,5825.0,280.0,71.0,1.0,99.0,40.0,14.06,0.66,0.0
2015/07/31,14.1,14.35,14.0,14.05,546.0,7712.0,-1.0563,0.1156,279.0,12.0,0.0,-7.0,5.0,5841.0,22.0,6.0,25.0,74.0,0.0,13.91,0.66,0.0
2015/08/03,14.3,14.3,14.0,14.2,618.0,8767.0,1.0676,0.1309,346.0,-182.0,0.0,-5.0,-187.0,5868.0,92.0,65.0,6.0,85.0,17.0,14.06,0.66,0.0
2015/08/04,14.2,14.25,13.5,13.7,1398.0,19449.0,-3.5211,0.2961,603.0,-486.0,0.0,26.0,-460.0,5682.0,202.0,388.0,59.0,33.0,7.0,13.56,0.64,0.0
2015/08/05,13.7,13.9,13.7,13.8,533.0,7356.0,0.7299,0.1129,302.0,-29.0,0.0,4.0,-25.0,5552.0,21.0,11.0,2.0,42.0,11.0,13.66,0.65,0.0
2015/08/06,13.95,13.95,13.8,13.85,432.0,5999.0,0.3623,0.0915,250.0,110.0,0.0,3.0,113.0,5536.0,24.0,39.0,5.0,47.0,10.0,13.71,0.65,0.0
2015/08/07,13.8,13.95,13.65,13.75,426.0,5869.0,-0.722,0.0902,281.0,61.0,0.0,0.0,61.0,5596.0,68.0,8.0,1.0,49.0,3.0,13.61,0.65,0.0
2015/08/10,13.9,15.1,13.9,15.0,3018.0,44430.0,9.0909,0.6391,1197.0,573.0,0.0,-7.0,566.0,5303.0,653.0,946.0,27.0,157.0,135.0,10.79,0.71,0.0
2015/08/11,15.0,15.35,15.0,15.0,1426.0,21607.0,0.0,0.3025,603.0,-133.0,0.0,-26.0,-159.0,5290.0,282.0,295.0,4.0,155.0,2.0,10.79,0.71,0.0
2015/08/12,14.95,14.95,14.6,14.7,991.0,14558.0,-2.0,0.2102,512.0,-378.0,1.0,13.0,-364.0,5407.0,241.0,124.0,58.0,107.0,10.0,10.58,0.69,0.0
2015/08/13,14.8,15.5,14.8,15.25,1506.0,22957.0,3.7415,0.3194,642.0,-7.0,0.0,-2.0,-9.0,5414.0,267.0,260.0,2.0,181.0,76.0,10.97,0.72,0.0
2015/08/14,15.1,15.4,15.1,15.25,761.0,11646.0,0.0,0.1614,340.0,-3.0,0.0,-3.0,-6.0,5446.0,138.0,106.0,48.0,134.0,1.0,10.97,0.72,0.0
2015/08/17,15.4,15.4,15.0,15.05,568.0,8588.0,-1.3115,0.1205,284.0,-10.0,0.0,0.0,-10.0,5484.0,134.0,96.0,0.0,134.0,0.0,10.83,0.71,0.0
2015/08/18,15.05,15.05,14.75,14.85,757.0,11296.0,-1.3289,0.1606,342.0,-89.0,0.0,2.0,-87.0,5604.0,178.0,58.0,57.0,77.0,0.0,10.68,0.7,0.0
2015/08/19,15.1,15.2,14.5,14.5,1632.0,24084.0,-2.3569,0.3462,756.0,-97.0,0.0,0.0,-97.0,5625.0,488.0,466.0,31.0,46.0,0.0,10.43,0.68,0.0
2015/08/20,14.5,14.75,14.35,14.7,572.0,8380.0,1.3793,0.1213,283.0,49.0,0.0,-1.0,48.0,5653.0,185.0,157.0,0.0,46.0,0.0,10.58,0.69,0.0
2015/08/21,14.6,14.6,14.3,14.35,675.0,9764.0,-2.381,0.1432,407.0,-98.0,0.0,-4.0,-102.0,5674.0,106.0,83.0,3.0,44.0,1.0,10.32,0.67,0.0
2015/08/24,14.05,14.2,13.05,13.45,1745.0,23807.0,-6.2718,0.3701,874.0,-170.0,0.0,-9.0,-179.0,5303.0,220.0,563.0,18.0,26.0,0.0,9.68,0.63,0.0
2015/08/25,13.2,13.85,13.2,13.8,1102.0,14892.0,2.6022,0.2337,424.0,-82.0,0.0,0.0,-82.0,5401.0,282.0,156.0,9.0,18.0,1.0,9.93,0.65,0.0
2015/08/26,13.8,14.0,13.6,13.9,872.0,12094.0,0.7246,0.185,381.0,-51.0,0.0,-7.0,-58.0,5336.0,113.0,178.0,0.0,18.0,0.0,10.0,0.65,0.0
2015/08/27,14.05,14.55,14.05,14.35,792.0,11371.0,3.2374,0.168,420.0,124.0,0.0,-12.0,112.0,5250.0,89.0,175.0,0.0,18.0,0.0,10.32,0.67,0.0
2015/08/28,14.55,14.75,14.45,14.55,648.0,9460.0,1.3937,0.1374,293.0,80.0,0.0,0.0,80.0,5265.0,38.0,23.0,0.0,18.0,0.0,10.47,0.68,0.0
2015/08/31,14.45,14.7,14.3,14.4,793.0,11482.0,-1.0309,0.1682,366.0,-64.0,-2.0,-2.0,-68.0,5213.0,101.0,153.0,0.0,19.0,1.0,10.36,0.68,0.0
2015/09/01,14.4,14.8,14.4,14.6,657.0,9636.0,1.3889,0.1393,362.0,222.0,-4.0,0.0,218.0,5061.0,4.0,155.0,0.0,22.0,3.0,10.5,0.69,0.0
2015/09/02,14.4,14.85,14.4,14.8,909.0,13370.0,1.3699,0.1928,496.0,215.0,0.0,0.0,215.0,5022.0,50.0,89.0,0.0,22.0,0.0,10.65,0.7,0.0
2015/09/03,14.9,15.05,14.85,14.9,756.0,11310.0,0.6757,0.1603,486.0,148.0,0.0,0.0,148.0,5044.0,96.0,74.0,0.0,22.0,0.0,10.72,0.7,0.0
2015/09/04,14.9,15.1,14.65,14.65,951.0,14150.0,-1.6779,0.2017,528.0,60.0,-10.0,-1.0,49.0,5101.0,150.0,93.0,0.0,47.0,25.0,10.54,0.69,0.0
2015/09/07,14.65,14.8,14.65,14.7,254.0,3734.0,0.3413,0.0539,127.0,1.0,1.0,0.0,2.0,5099.0,26.0,28.0,0.0,52.0,5.0,10.58,0.69,0.0
2015/09/08,14.7,15.0,14.7,14.95,567.0,8452.0,1.7007,0.1203,255.0,190.0,0.0,-3.0,187.0,5008.0,67.0,153.0,0.0,100.0,48.0,10.76,0.7,0.0
2015/09/09,15.1,15.25,15.05,15.2,822.0,12459.0,1.6722,0.1743,551.0,412.0,0.0,0.0,412.0,5024.0,118.0,102.0,1.0,99.0,0.0,10.94,0.71,0.0
2015/09/10,15.0,15.5,15.0,15.4,951.0,14537.0,1.3158,0.2017,574.0,401.0,0.0,0.0,401.0,5091.0,125.0,55.0,25.0,86.0,12.0,11.08,0.72,0.0
2015/09/11,15.5,15.9,15.45,15.9,894.0,14059.0,3.2468,0.1896,469.0,215.0,0.0,0.0,215.0,4934.0,133.0,145.0,0.0,86.0,0.0,11.44,0.75,0.0
2015/09/14,16.3,16.3,15.6,15.6,1100.0,17518.0,-1.8868,0.2333,542.0,90.0,0.0,-10.0,80.0,5022.0,194.0,106.0,0.0,86.0,0.0,11.22,0.73,0.0
2015/09/15,15.8,15.8,15.6,15.65,457.0,7175.0,0.3205,0.0969,235.0,72.0,0.0,9.0,81.0,5062.0,89.0,49.0,0.0,87.0,1.0,11.26,0.74,0.0
2015/09/16,15.7,15.85,15.65,15.75,435.0,6866.0,0.639,0.0923,198.0,60.0,0.0,4.0,64.0,4970.0,33.0,125.0,0.0,92.0,5.0,11.33,0.74,0.0
2015/09/17,15.85,15.9,15.7,15.7,778.0,12289.0,-0.3175,0.165,359.0,199.0,0.0,24.0,223.0,4945.0,156.0,181.0,1.0,91.0,0.0,11.29,0.74,0.0
2015/09/18,15.85,15.85,15.65,15.7,805.0,12698.0,0.0,0.1707,423.0,113.0,0.0,30.0,143.0,4900.0,167.0,212.0,0.0,96.0,5.0,11.29,0.74,0.0
2015/09/21,15.6,16.2,15.5,16.2,1436.0,22926.0,3.1847,0.3046,673.0,225.0,113.0,12.0,350.0,4827.0,247.0,240.0,1.0,111.0,16.0,11.65,0.76,0.0
2015/09/22,16.3,16.9,16.25,16.9,1500.0,24830.0,4.321,0.3181,796.0,405.0,0.0,40.0,445.0,4889.0,385.0,321.0,30.0,96.0,15.0,12.16,0.79,0.0
2015/09/23,16.7,16.85,16.5,16.6,997.0,16625.0,-1.7751,0.2115,631.0,-42.0,0.0,50.0,8.0,4998.0,282.0,168.0,12.0,90.0,6.0,11.94,0.78,0.0
2015/09/24,16.6,16.8,16.15,16.3,782.0,12864.0,-1.8072,0.1659,434.0,36.0,0.0,68.0,104.0,5006.0,192.0,183.0,0.0,90.0,0.0,11.73,0.77,0.0
2015/09/25,16.3,16.55,16.2,16.4,612.0,10033.0,0.6135,0.1298,398.0,328.0,0.0,1.0,329.0,4943.0,49.0,112.0,3.0,88.0,1.0,11.8,0.77,0.0
2015/09/30,15.9,16.4,15.9,16.2,514.0,8338.0,-1.2195,0.109,272.0,-10.0,0.0,14.0,4.0,5087.0,153.0,9.0,0.0,92.0,4.0,11.65,0.76,0.0
2015/10/01,16.2,16.6,16.2,16.5,572.0,9403.0,1.8519,0.1213,351.0,182.0,0.0,43.0,225.0,5012.0,65.0,140.0,0.0,103.0,11.0,11.87,0.78,0.0
2015/10/02,16.5,16.8,16.5,16.5,801.0,13330.0,0.0,0.1699,370.0,-72.0,14.0,8.0,-50.0,5161.0,218.0,69.0,0.0,116.0,13.0,11.87,0.78,0.0
2015/10/05,16.5,16.6,16.3,16.4,801.0,13162.0,-0.6061,0.1699,429.0,-5.0,4.0,42.0,41.0,5016.0,168.0,313.0,3.0,116.0,3.0,11.8,0.77,0.0
2015/10/06,16.65,16.9,16.55,16.85,1661.0,27827.0,2.7439,0.3523,758.0,104.0,0.0,188.0,292.0,4936.0,328.0,408.0,7.0,111.0,2.0,12.12,0.79,0.0
2015/10/07,16.8,17.0,16.8,16.85,1144.0,19357.0,0.0,0.2426,548.0,4.0,0.0,170.0,174.0,4908.0,214.0,240.0,0.0,111.0,0.0,12.12,0.79,0.0
2015/10/08,16.9,16.95,16.5,16.5,1247.0,20809.0,-2.0772,0.2645,678.0,-243.0,0.0,-3.0,-246.0,4994.0,437.0,351.0,1.0,110.0,0.0,11.87,0.78,0.0
2015/10/12,16.5,16.75,16.45,16.55,744.0,12353.0,0.303,0.1578,520.0,-107.0,0.0,2.0,-105.0,4917.0,29.0,85.0,0.0,110.0,0.0,11.91,0.78,0.0
2015/10/13,16.6,16.6,16.45,16.5,920.0,15193.0,-0.3021,0.1951,539.0,-126.0,0.0,14.0,-112.0,4975.0,229.0,171.0,1.0,110.0,1.0,11.87,0.78,0.0
2015/10/14,16.5,16.7,16.45,16.65,1148.0,19040.0,0.9091,0.2435,651.0,-26.0,0.0,226.0,200.0,4966.0,270.0,279.0,2.0,109.0,1.0,11.98,0.78,0.0
2015/10/15,16.65,16.9,16.65,16.8,818.0,13728.0,0.9009,0.1735,515.0,235.0,0.0,98.0,333.0,4938.0,99.0,127.0,0.0,110.0,1.0,12.09,0.79,0.0
2015/10/16,16.85,17.4,16.85,17.35,2418.0,41683.0,3.2738,0.5129,874.0,477.0,0.0,49.0,526.0,5044.0,459.0,353.0,1.0,114.0,5.0,12.48,0.82,0.0
2015/10/19,17.5,18.2,17.45,17.8,2941.0,52459.0,2.5937,0.6238,1320.0,324.0,380.0,159.0,863.0,5448.0,737.0,330.0,23.0,94.0,3.0,12.81,0.84,0.0
2015/10/20,17.9,18.1,17.65,18.0,2238.0,39987.0,1.1236,0.4747,1077.0,-484.0,208.0,354.0,78.0,5813.0,704.0,338.0,0.0,100.0,6.0,12.95,0.85,0.0
2015/10/21,17.9,18.0,17.7,17.85,1611.0,28788.0,-0.8333,0.3417,1110.0,172.0,100.0,39.0,311.0,5980.0,393.0,226.0,3.0,98.0,1.0,12.84,0.84,0.0
2015/10/22,17.8,18.0,17.55,17.7,1905.0,33861.0,-0.8403,0.4041,996.0,-112.0,130.0,-216.0,-198.0,6272.0,549.0,255.0,0.0,100.0,2.0,12.73,0.83,0.0
2015/10/23,17.95,18.15,17.5,17.65,2649.0,47056.0,-0.2825,0.5619,1257.0,-552.0,0.0,592.0,40.0,6538.0,730.0,458.0,3.0,100.0,3.0,12.7,0.83,0.0
2015/10/26,18.0,18.0,17.65,17.8,2040.0,36320.0,0.8499,0.4327,1041.0,-81.0,0.0,376.0,295.0,6413.0,425.0,540.0,0.0,105.0,5.0,12.81,0.84,0.0
2015/10/27,17.95,17.95,17.65,17.85,2813.0,50138.0,0.2809,0.5966,1239.0,-705.0,0.0,766.0,61.0,6412.0,402.0,403.0,11.0,93.0,1.0,12.84,0.84,0.0
2015/10/28,17.95,18.35,17.85,18.05,3729.0,67592.0,1.1204,0.7909,1427.0,-396.0,-22.0,218.0,-200.0,7174.0,1391.0,629.0,8.0,85.0,0.0,12.99,0.85,0.0
2015/10/29,18.15,18.2,17.9,17.95,2141.0,38571.0,-0.554,0.4541,980.0,-209.0,0.0,164.0,-45.0,7196.0,541.0,518.0,30.0,56.0,1.0,12.91,0.84,0.0
2015/10/30,17.95,18.1,17.85,18.0,2083.0,37424.0,0.2786,0.4418,1005.0,-270.0,20.0,266.0,16.0,7449.0,615.0,358.0,19.0,10.0,0.0,12.95,0.85,0.0
2015/11/02,18.0,18.0,17.85,18.0,1809.0,32464.0,0.0,0.3837,963.0,-9.0,0.0,56.0,47.0,7792.0,679.0,332.0,0.0,0.0,0.0,12.95,0.85,0.0
2015/11/03,18.0,18.15,17.95,18.1,3030.0,54694.0,0.5556,0.6427,1324.0,-27.0,0.0,416.0,389.0,7928.0,754.0,618.0,0.0,0.0,0.0,13.02,0.85,0.0
2015/11/04,18.2,18.7,18.2,18.65,4095.0,75622.0,3.0387,0.8685,1755.0,-358.0,17.0,699.0,358.0,8464.0,1094.0,551.0,0.0,0.0,0.0,13.42,0.88,0.0
2015/11/05,18.65,18.65,18.65,18.65,0.0,0.0,0.0,0.0,0.0,0.0,0.0,0.0,0.0,,,,,,,13.42,0.88,0.0
2015/11/06,18.65,18.65,18.65,18.65,0.0,0.0,0.0,0.0,0.0,0.0,0.0,0.0,0.0,,,,,,,13.42,0.88,0.0
2015/11/09,18.65,18.65,18.65,18.65,0.0,0.0,0.0,0.0,0.0,0.0,0.0,0.0,0.0,,,,,,,13.42,0.88,0.0
2015/11/10,18.65,18.65,18.65,18.65,0.0,0.0,0.0,0.0,0.0,0.0,0.0,0.0,0.0,,,,,,,13.42,0.88,0.0
2015/11/11,18.65,18.65,18.65,18.65,0.0,0.0,0.0,0.0,0.0,0.0,0.0,0.0,0.0,,,,,,,13.42,0.88,0.0
2015/11/12,18.65,18.65,18.65,18.65,0.0,0.0,0.0,0.0,0.0,0.0,0.0,0.0,0.0,,,,,,,13.42,0.88,0.0
2015/11/13,18.65,18.65,18.65,18.65,0.0,0.0,0.0,0.0,0.0,0.0,0.0,0.0,0.0,,,,,,,13.42,0.88,0.0
2015/11/16,18.65,18.65,18.65,18.65,0.0,0.0,0.0,0.0,0.0,0.0,0.0,0.0,0.0,4894.0,0.0,0.0,0.0,0.0,0.0,13.42,0.88,0.0
2015/11/17,26.5,26.5,24.3,24.3,3930.0,98430.0,-0.3842,1.3895,1992.0,-93.0,0.0,-302.0,-395.0,4990.0,909.0,753.0,0.0,34.0,34.0,9.2,0.8,0.0
2015/11/18,24.2,24.2,21.9,22.25,5777.0,132519.0,-8.4362,2.0426,4295.0,-57.0,-100.0,-1845.0,-2002.0,5942.0,1722.0,751.0,1.0,51.0,18.0,8.43,0.74,0.0
2015/11/19,22.35,22.65,21.95,22.05,2337.0,52148.0,-0.8989,0.8263,1377.0,283.0,-200.0,6.0,89.0,5894.0,360.0,404.0,1.0,97.0,48.0,8.35,0.73,0.0
2015/11/20,22.1,22.5,22.05,22.45,1685.0,37527.0,1.8141,0.5958,989.0,434.0,-203.0,-215.0,16.0,5937.0,213.0,159.0,25.0,76.0,4.0,8.5,0.74,0.0
2015/11/23,22.6,23.7,22.55,23.55,2139.0,50014.0,4.8998,0.7563,1194.0,587.0,0.0,2.0,589.0,5910.0,366.0,392.0,0.0,84.0,8.0,8.92,0.78,0.0
2015/11/24,23.45,23.9,23.2,23.6,1078.0,25356.0,0.2123,0.3811,688.0,452.0,0.0,4.0,456.0,5768.0,89.0,212.0,0.0,86.0,2.0,8.94,0.78,0.0
2015/11/25,23.7,23.7,23.1,23.25,781.0,18231.0,-1.4831,0.2761,618.0,31.0,0.0,-1.0,30.0,5790.0,154.0,132.0,1.0,85.0,0.0,8.81,0.77,0.0
2015/11/26,23.5,23.5,23.15,23.35,1030.0,24007.0,0.4301,0.3642,575.0,9.0,0.0,0.0,9.0,5982.0,266.0,74.0,0.0,86.0,1.0,8.84,0.77,0.0
2015/11/27,23.35,23.4,23.1,23.2,319.0,7423.0,-0.6424,0.1128,272.0,83.0,0.0,22.0,105.0,5952.0,55.0,85.0,0.0,86.0,0.0,8.79,0.77,0.0
2015/11/30,23.2,23.55,22.75,23.55,770.0,17810.0,1.5086,0.2722,558.0,415.0,0.0,0.0,415.0,5831.0,62.0,182.0,0.0,88.0,2.0,8.92,0.78,0.0
2015/12/01,23.55,23.8,23.3,23.8,686.0,16232.0,1.0616,0.2425,578.0,362.0,0.0,0.0,362.0,5817.0,82.0,95.0,2.0,87.0,1.0,9.02,0.79,0.0
2015/12/02,23.8,23.9,23.6,23.7,636.0,15116.0,-0.4202,0.2249,544.0,388.0,0.0,0.0,388.0,5711.0,69.0,181.0,0.0,87.0,0.0,8.98,0.78,0.0
2015/12/03,23.85,24.9,23.85,24.65,1569.0,38414.0,4.0084,0.5547,1065.0,677.0,0.0,11.0,688.0,5724.0,249.0,235.0,0.0,121.0,34.0,9.34,0.82,0.0
2015/12/04,24.6,25.25,24.3,25.1,1368.0,34176.0,1.8256,0.4837,907.0,406.0,0.0,-1.0,405.0,5943.0,409.0,181.0,52.0,85.0,25.0,9.51,0.83,0.0
2015/12/07,25.05,25.15,24.7,24.9,807.0,20125.0,-0.7968,0.2853,496.0,126.0,0.0,-1.0,125.0,6121.0,344.0,165.0,2.0,84.0,1.0,9.43,0.82,0.0
2015/12/08,24.9,24.95,24.2,24.5,612.0,15006.0,-1.6064,0.2164,392.0,91.0,0.0,0.0,91.0,6191.0,208.0,135.0,3.0,81.0,0.0,9.28,0.81,0.0
2015/12/09,24.0,24.0,23.25,23.4,1212.0,28517.0,-4.4898,0.4285,724.0,204.0,0.0,-301.0,-97.0,6125.0,185.0,251.0,1.0,85.0,5.0,8.86,0.77,0.0
2015/12/10,23.7,23.7,23.15,23.25,527.0,12287.0,-0.641,0.1863,327.0,88.0,0.0,-128.0,-40.0,6067.0,84.0,142.0,68.0,26.0,9.0,8.81,0.77,0.0
2015/12/11,23.25,24.1,23.2,23.2,668.0,15742.0,-0.2151,0.2362,548.0,323.0,0.0,-48.0,275.0,6036.0,88.0,118.0,1.0,26.0,1.0,8.79,0.77,0.0
2015/12/14,22.85,23.1,22.5,22.8,315.0,7194.0,-1.7241,0.1114,315.0,121.0,0.0,-4.0,117.0,6006.0,19.0,49.0,10.0,20.0,4.0,8.64,0.75,0.0
2015/12/15,22.8,23.1,22.65,22.8,259.0,5914.0,0.0,0.0916,214.0,3.0,0.0,-1.0,2.0,6001.0,23.0,23.0,0.0,31.0,11.0,8.64,0.75,0.0
2015/12/16,23.0,23.5,22.95,23.2,655.0,15220.0,1.7544,0.2316,652.0,196.0,0.0,-163.0,33.0,6034.0,162.0,129.0,10.0,23.0,2.0,8.79,0.77,0.0
2015/12/17,23.2,23.7,23.1,23.7,392.0,9205.0,2.1552,0.1386,311.0,156.0,0.0,2.0,158.0,5979.0,46.0,101.0,0.0,26.0,3.0,8.98,0.78,0.0
2015/12/18,23.45,23.9,23.35,23.9,487.0,11531.0,0.8439,0.1722,308.0,150.0,0.0,-10.0,140.0,5996.0,118.0,101.0,0.0,27.0,1.0,9.05,0.79,0.0
2015/12/21,23.85,24.0,23.6,23.8,264.0,6308.0,-0.4184,0.0933,286.0,138.0,0.0,-1.0,137.0,5996.0,54.0,49.0,1.0,27.0,1.0,9.02,0.79,0.0
2015/12/22,23.9,24.1,23.85,24.0,426.0,10215.0,0.8403,0.1506,309.0,163.0,0.0,0.0,163.0,5993.0,85.0,88.0,0.0,27.0,0.0,9.09,0.79,0.0
2015/12/23,24.0,24.15,23.85,23.9,390.0,9363.0,-0.4167,0.1379,258.0,33.0,0.0,2.0,35.0,5943.0,80.0,129.0,0.0,27.0,0.0,9.05,0.79,0.0
2015/12/24,23.9,24.1,23.7,23.7,170.0,4067.0,-0.8368,0.0601,149.0,5.0,0.0,0.0,5.0,5953.0,48.0,38.0,0.0,27.0,0.0,8.98,0.78,0.0
2015/12/25,23.75,23.8,23.5,23.65,124.0,2953.0,-0.211,0.0438,115.0,5.0,0.0,0.0,5.0,5974.0,35.0,7.0,0.0,27.0,0.0,8.96,0.78,0.0
2015/12/28,23.6,23.7,23.35,23.4,248.0,5837.0,-1.0571,0.0877,227.0,78.0,-50.0,0.0,28.0,5983.0,62.0,53.0,0.0,26.0,0.0,8.86,0.77,0.0
2015/12/29,23.4,23.4,23.15,23.15,212.0,4923.0,-1.0684,0.075,198.0,37.0,-54.0,0.0,-17.0,6014.0,35.0,4.0,1.0,25.0,0.0,8.77,0.77,0.0
2015/12/30,23.15,23.4,23.05,23.15,203.0,4713.0,0.0,0.0718,170.0,41.0,0.0,0.0,41.0,6018.0,31.0,27.0,0.0,25.0,0.0,8.77,0.77,0.0
2015/12/31,23.15,23.45,23.1,23.4,173.0,4047.0,1.0799,0.0612,143.0,35.0,0.0,0.0,35.0,6038.0,52.0,32.0,0.0,25.0,0.0,8.86,0.77,0.0
2016/01/04,23.25,23.35,22.95,22.95,232.0,5376.0,-1.9231,0.082,196.0,5.0,0.0,-3.0,2.0,6040.0,55.0,53.0,10.0,15.0,0.0,8.69,0.76,0.0
2016/01/05,22.9,23.0,22.6,22.75,279.0,6386.0,-0.8715,0.0986,224.0,53.0,0.0,0.0,53.0,6017.0,90.0,113.0,0.0,14.0,0.0,8.62,0.75,0.0
2016/01/06,22.75,23.0,21.8,22.0,718.0,15988.0,-3.2967,0.2539,472.0,-5.0,0.0,0.0,-5.0,5849.0,179.0,347.0,4.0,12.0,2.0,8.33,0.73,0.0
2016/01/07,21.85,21.95,20.5,20.75,1225.0,25771.0,-5.6818,0.4331,702.0,-151.0,0.0,-4.0,-155.0,5584.0,202.0,467.0,1.0,14.0,3.0,7.86,0.69,0.0
2016/01/08,20.4,21.35,20.4,20.95,486.0,10174.0,0.9639,0.1718,322.0,55.0,0.0,3.0,58.0,5491.0,117.0,208.0,1.0,13.0,0.0,7.94,0.69,0.0
2016/01/11,20.0,20.0,19.15,19.8,885.0,17380.0,-5.4893,0.3129,472.0,37.0,0.0,-1.0,36.0,5114.0,166.0,400.0,1.0,12.0,0.0,7.5,0.66,0.0
2016/01/12,19.55,20.0,19.45,19.5,475.0,9338.0,-1.5152,0.1679,255.0,-107.0,0.0,-1.0,-108.0,5081.0,117.0,147.0,6.0,6.0,0.0,7.39,0.65,0.0
2016/01/13,19.85,19.85,19.35,19.35,561.0,10949.0,-0.7692,0.1984,257.0,0.0,0.0,0.0,0.0,4897.0,71.0,191.0,1.0,5.0,0.0,7.33,0.64,0.0
2016/01/14,19.1,19.4,19.1,19.1,578.0,11125.0,-1.292,0.2044,269.0,35.0,0.0,0.0,35.0,4735.0,99.0,261.0,1.0,4.0,0.0,7.23,0.63,0.0
2016/01/15,19.5,19.5,19.1,19.25,281.0,5416.0,0.7853,0.0994,202.0,77.0,0.0,-9.0,68.0,4673.0,22.0,83.0,0.0,10.0,6.0,7.29,0.64,0.0
2016/01/18,19.15,19.8,18.95,19.65,389.0,7512.0,2.0779,0.1375,225.0,98.0,0.0,0.0,98.0,4548.0,42.0,167.0,0.0,10.0,0.0,7.44,0.65,0.0
2016/01/19,19.5,19.75,19.3,19.65,177.0,3479.0,0.0,0.0626,168.0,16.0,0.0,3.0,19.0,4552.0,31.0,26.0,0.0,10.0,0.0,7.44,0.65,0.0
2016/01/20,19.5,19.65,19.25,19.25,191.0,3721.0,-2.0356,0.0675,163.0,23.0,0.0,-3.0,20.0,4592.0,105.0,65.0,0.0,10.0,0.0,7.29,0.64,0.0
2016/01/21,19.25,19.35,19.15,19.3,193.0,3724.0,0.2597,0.0682,129.0,25.0,0.0,0.0,25.0,4572.0,82.0,102.0,0.0,10.0,0.0,7.31,0.64,0.0
2016/01/22,19.3,19.4,19.2,19.25,254.0,4899.0,-0.2591,0.0898,161.0,68.0,0.0,0.0,68.0,4503.0,51.0,120.0,0.0,10.0,0.0,7.29,0.64,0.0
2016/01/25,19.35,19.7,19.35,19.6,208.0,4084.0,1.8182,0.0735,160.0,30.0,0.0,0.0,30.0,4511.0,41.0,33.0,2.0,8.0,0.0,7.42,0.65,0.0
2016/01/26,19.55,19.65,19.45,19.6,115.0,2249.0,0.0,0.0407,99.0,-15.0,0.0,0.0,-15.0,4523.0,22.0,8.0,0.0,8.0,0.0,7.42,0.65,0.0
2016/01/27,19.65,19.7,19.35,19.35,135.0,2649.0,-1.2755,0.0477,144.0,1.0,0.0,0.0,1.0,4518.0,27.0,32.0,0.0,8.0,0.0,7.33,0.64,0.0
2016/01/28,19.35,19.5,19.35,19.4,142.0,2769.0,0.2584,0.0502,135.0,-25.0,0.0,0.0,-25.0,4563.0,51.0,6.0,0.0,8.0,0.0,7.35,0.64,0.0
2016/01/29,19.45,19.65,19.4,19.65,213.0,4185.0,1.2887,0.0754,168.0,37.0,0.0,0.0,37.0,4499.0,11.0,75.0,0.0,8.0,0.0,7.44,0.65,0.0
2016/01/30,19.7,20.25,19.7,20.1,295.0,5925.0,2.2901,0.1044,158.0,0.0,0.0,0.0,0.0,4541.0,77.0,29.0,0.0,8.0,0.0,7.61,0.67,0.0
2016/02/01,20.1,20.45,20.1,20.45,291.0,5922.0,1.7413,0.1029,241.0,159.0,0.0,-1.0,158.0,4541.0,19.0,19.0,0.0,8.0,0.0,7.75,0.68,0.0
2016/02/02,20.3,21.65,20.3,21.05,983.0,20825.0,2.934,0.3477,521.0,-48.0,0.0,-15.0,-63.0,4539.0,88.0,90.0,0.0,8.0,0.0,7.97,0.7,0.0
2016/02/03,20.95,20.95,20.6,20.6,330.0,6868.0,-2.1378,0.1167,234.0,-70.0,0.0,0.0,-70.0,4569.0,39.0,9.0,0.0,9.0,1.0,7.8,0.68,0.0
2016/02/15,20.3,20.45,20.1,20.3,203.0,4129.0,-1.4563,0.0718,207.0,-22.0,0.0,0.0,-22.0,4559.0,21.0,30.0,0.0,9.0,0.0,7.69,0.67,0.0
2016/02/16,20.3,21.0,20.25,21.0,444.0,9111.0,3.4483,0.1571,322.0,68.0,0.0,11.0,79.0,4509.0,23.0,73.0,0.0,9.0,0.0,7.95,0.7,0.0
2016/02/17,20.85,20.9,20.6,20.6,136.0,2840.0,-1.9048,0.0481,120.0,-13.0,0.0,4.0,-9.0,4523.0,21.0,7.0,0.0,9.0,0.0,7.8,0.68,0.0
2016/02/18,20.65,20.9,20.55,20.7,271.0,5613.0,0.4854,0.0959,272.0,44.0,0.0,-1.0,43.0,4451.0,52.0,124.0,0.0,9.0,0.0,7.84,0.69,0.0
2016/02/19,20.55,20.65,20.5,20.55,83.0,1708.0,-0.7246,0.0294,222.0,-8.0,0.0,0.0,-8.0,4468.0,20.0,2.0,0.0,9.0,0.0,7.78,0.68,0.0
2016/02/22,20.6,20.65,20.4,20.4,148.0,3046.0,-0.7299,0.0524,146.0,8.0,0.0,0.0,8.0,4486.0,21.0,3.0,0.0,9.0,0.0,7.73,0.68,0.0
2016/02/23,20.4,20.6,20.4,20.55,268.0,5518.0,0.7353,0.0948,173.0,-50.0,0.0,-3.0,-53.0,4486.0,20.0,19.0,0.0,9.0,0.0,7.78,0.68,0.0
2016/02/24,20.55,20.6,20.35,20.4,130.0,2667.0,-0.7299,0.046,162.0,-43.0,0.0,-4.0,-47.0,4490.0,8.0,4.0,0.0,11.0,2.0,7.73,0.68,0.0
2016/02/25,20.45,20.5,20.4,20.45,325.0,6651.0,0.2451,0.115,208.0,-65.0,0.0,0.0,-65.0,4502.0,15.0,3.0,0.0,11.0,0.0,7.75,0.68,0.0
2016/02/26,20.5,20.8,20.4,20.65,401.0,8252.0,0.978,0.1419,263.0,-132.0,0.0,0.0,-132.0,4614.0,128.0,16.0,0.0,11.0,0.0,7.82,0.68,0.0
2016/03/01,20.65,20.8,20.55,20.6,292.0,6039.0,-0.2421,0.1033,243.0,-112.0,0.0,0.0,-112.0,4657.0,70.0,27.0,0.0,12.0,1.0,7.8,0.68,0.0
2016/03/02,20.8,20.85,20.6,20.65,566.0,11725.0,0.2427,0.2002,404.0,-177.0,0.0,0.0,-177.0,4672.0,159.0,141.0,0.0,12.0,0.0,7.82,0.68,0.0
2016/03/03,20.65,20.9,20.65,20.75,355.0,7386.0,0.4843,0.1256,293.0,115.0,0.0,-1.0,114.0,4685.0,55.0,42.0,0.0,11.0,0.0,7.86,0.69,0.0
2016/03/04,20.75,21.55,20.75,21.4,801.0,17022.0,3.1325,0.2834,444.0,34.0,0.0,-3.0,31.0,4884.0,309.0,110.0,0.0,12.0,1.0,8.11,0.71,0.0
2016/03/07,21.4,21.5,21.15,21.15,381.0,8123.0,-1.1682,0.1348,235.0,16.0,0.0,-1.0,15.0,4865.0,69.0,41.0,0.0,12.0,0.0,8.01,0.7,0.0
2016/03/08,21.2,21.4,20.85,21.1,378.0,7948.0,-0.2364,0.1337,242.0,30.0,0.0,6.0,36.0,4854.0,50.0,61.0,0.0,12.0,0.0,7.99,0.7,0.0
2016/03/09,20.85,21.0,20.8,20.8,275.0,5757.0,-1.4218,0.0973,242.0,-2.0,0.0,14.0,12.0,4884.0,63.0,33.0,2.0,10.0,0.0,7.88,0.69,0.0
2016/03/10,20.8,20.9,20.75,20.85,259.0,5399.0,0.2404,0.0916,166.0,29.0,0.0,4.0,33.0,4822.0,24.0,86.0,0.0,10.0,0.0,7.9,0.69,0.0
2016/03/11,20.85,20.85,20.55,20.65,463.0,9566.0,-0.9592,0.1638,379.0,-41.0,0.0,4.0,-37.0,4823.0,53.0,52.0,0.0,10.0,0.0,7.82,0.68,0.0
2016/03/14,20.65,20.85,20.65,20.8,274.0,5694.0,0.7264,0.0969,205.0,68.0,0.0,0.0,68.0,4785.0,47.0,85.0,0.0,10.0,0.0,7.88,0.69,0.0
2016/03/15,20.85,21.0,20.05,20.05,623.0,12798.0,-3.6058,0.2204,359.0,-101.0,0.0,23.0,-78.0,4701.0,72.0,151.0,0.0,10.0,0.0,8.12,0.66,0.0
2016/03/16,20.3,20.6,20.0,20.5,659.0,13320.0,2.2444,0.2331,381.0,148.0,0.0,34.0,182.0,4728.0,52.0,25.0,0.0,11.0,1.0,8.3,0.68,0.0
2016/03/17,20.5,20.6,20.25,20.25,211.0,4317.0,-1.2195,0.0746,161.0,-6.0,0.0,10.0,4.0,4717.0,23.0,31.0,0.0,11.0,0.0,8.2,0.67,0.0
2016/03/18,20.25,20.4,20.2,20.25,306.0,6218.0,0.0,0.1083,175.0,-72.0,0.0,-3.0,-75.0,4719.0,27.0,25.0,0.0,11.0,0.0,8.2,0.67,0.0
2016/03/21,20.25,20.65,20.25,20.5,331.0,6770.0,1.2346,0.1171,186.0,0.0,0.0,0.0,0.0,4696.0,21.0,44.0,0.0,11.0,0.0,8.3,0.68,0.0
2016/03/22,20.5,20.55,20.4,20.45,209.0,4288.0,-0.2439,0.0739,145.0,-35.0,0.0,-1.0,-36.0,4654.0,21.0,58.0,0.0,11.0,0.0,8.28,0.67,0.0
2016/03/23,20.5,20.6,20.25,20.55,258.0,5271.0,0.489,0.0913,201.0,-92.0,0.0,0.0,-92.0,4633.0,14.0,35.0,1.0,10.0,0.0,8.32,0.68,0.0
2016/03/24,20.45,20.55,20.25,20.35,191.0,3897.0,-0.9732,0.0676,169.0,-48.0,0.0,3.0,-45.0,4632.0,10.0,11.0,2.0,6.0,0.0,8.24,0.67,0.0
2016/03/25,20.35,20.6,20.25,20.45,626.0,12792.0,0.4914,0.2215,254.0,-316.0,0.0,0.0,-316.0,4639.0,23.0,16.0,0.0,6.0,0.0,8.28,0.67,0.0
2016/03/28,20.5,20.55,20.45,20.5,275.0,5652.0,0.2445,0.0973,182.0,-24.0,0.0,0.0,-24.0,4630.0,5.0,14.0,0.0,6.0,0.0,8.3,0.68,0.0
2016/03/29,20.5,20.55,20.1,20.1,346.0,7004.0,-1.9512,0.1224,265.0,-81.0,0.0,0.0,-81.0,4611.0,1.0,20.0,0.0,9.0,3.0,8.14,0.66,0.0
2016/03/30,20.25,20.35,20.05,20.05,225.0,4529.0,-0.2488,0.0796,169.0,-36.0,0.0,1.0,-35.0,4610.0,19.0,20.0,0.0,9.0,0.0,8.12,0.66,0.0
2016/03/31,20.05,20.2,20.05,20.1,206.0,4153.0,0.2494,0.0729,184.0,-9.0,0.0,0.0,-9.0,4612.0,25.0,22.0,0.0,14.0,5.0,8.14,0.66,0.0
2016/04/01,20.1,20.1,19.95,20.0,275.0,5515.0,-0.4975,0.0973,182.0,-23.0,0.0,-1.0,-24.0,4603.0,9.0,18.0,0.0,14.0,0.0,8.1,0.66,0.0
2016/04/06,20.0,20.0,19.4,19.45,473.0,9327.0,-2.75,0.1673,278.0,-12.0,0.0,-2.0,-14.0,4612.0,18.0,9.0,0.0,15.0,1.0,7.87,0.64,0.0
2016/04/07,19.5,19.7,19.35,19.7,357.0,6964.0,1.2853,0.1263,203.0,66.0,0.0,0.0,66.0,4623.0,38.0,27.0,0.0,17.0,2.0,7.98,0.65,0.0
2016/04/08,19.65,19.65,19.3,19.3,431.0,8352.0,-2.0305,0.1525,249.0,-45.0,0.0,15.0,-30.0,4619.0,28.0,25.0,3.0,14.0,0.0,7.81,0.64,0.0
2016/04/11,19.3,19.3,18.95,19.0,643.0,12278.0,-1.5544,0.2275,343.0,-14.0,0.0,0.0,-14.0,4503.0,36.0,152.0,0.0,14.0,0.0,7.69,0.63,0.0
2016/04/12,19.0,19.2,18.8,18.9,698.0,13263.0,-0.5263,0.2469,387.0,-194.0,0.0,32.0,-162.0,4473.0,58.0,28.0,5.0,9.0,0.0,7.65,0.62,0.0
2016/04/13,18.95,19.3,18.95,19.1,293.0,5625.0,1.0582,0.1037,153.0,50.0,0.0,0.0,50.0,3911.0,34.0,64.0,0.0,10.0,1.0,7.73,0.63,0.0
2016/04/14,19.2,19.35,19.1,19.15,124.0,2394.0,0.2618,0.0439,130.0,-37.0,0.0,24.0,-13.0,3912.0,5.0,4.0,1.0,9.0,0.0,7.75,0.63,0.0
2016/04/15,19.15,19.25,19.05,19.15,217.0,4162.0,0.0,0.0768,239.0,-51.0,0.0,0.0,-51.0,3917.0,6.0,1.0,0.0,9.0,0.0,7.75,0.63,0.0
2016/04/18,19.2,19.35,19.0,19.1,378.0,7239.0,-0.2611,0.1337,261.0,-155.0,0.0,-8.0,-163.0,3928.0,12.0,1.0,8.0,1.0,0.0,7.73,0.63,0.0
2016/04/19,19.1,19.3,19.1,19.15,248.0,4770.0,0.2618,0.0877,146.0,18.0,0.0,37.0,55.0,3894.0,13.0,47.0,0.0,1.0,0.0,7.75,0.63,0.0
2016/04/20,19.15,19.25,19.05,19.15,215.0,4132.0,0.0,0.0761,213.0,2.0,0.0,-5.0,-3.0,3895.0,3.0,2.0,0.0,1.0,0.0,7.75,0.63,0.0
2016/04/21,19.15,19.35,19.15,19.2,197.0,3787.0,0.2611,0.0697,186.0,42.0,0.0,18.0,60.0,3891.0,1.0,5.0,1.0,0.0,0.0,7.77,0.63,0.0
2016/04/22,19.15,19.15,19.05,19.05,143.0,2739.0,-0.7812,0.0506,113.0,-42.0,0.0,0.0,-42.0,3882.0,0.0,9.0,0.0,0.0,0.0,7.71,0.63,0.0
2016/04/25,19.05,19.1,18.9,18.95,117.0,2240.0,-0.5249,0.0414,134.0,-35.0,0.0,0.0,-35.0,3842.0,10.0,10.0,0.0,0.0,0.0,7.67,0.63,0.0
2016/04/26,19.0,19.2,18.9,19.1,265.0,5058.0,0.7916,0.0937,221.0,-11.0,0.0,2.0,-9.0,3848.0,11.0,5.0,0.0,0.0,0.0,7.73,0.63,0.0
2016/04/27,19.05,19.1,18.9,18.9,232.0,4404.0,-1.0471,0.0821,179.0,-67.0,0.0,0.0,-67.0,3851.0,15.0,8.0,0.0,0.0,0.0,7.65,0.62,0.0
2016/04/28,18.9,19.1,18.75,18.9,193.0,3647.0,0.0,0.0683,131.0,5.0,0.0,-2.0,3.0,3826.0,2.0,27.0,0.0,6.0,6.0,7.65,0.62,0.0
2016/04/29,18.8,18.8,18.65,18.65,237.0,4447.0,-1.3228,0.0838,126.0,26.0,0.0,0.0,26.0,3561.0,1.0,81.0,0.0,28.0,22.0,7.55,0.62,0.0
2016/05/03,18.7,18.75,18.5,18.7,577.0,10752.0,0.2681,0.2041,237.0,-95.0,0.0,1.0,-94.0,3406.0,29.0,183.0,0.0,48.0,20.0,7.57,0.62,0.0
2016/05/04,18.5,18.65,18.2,18.25,535.0,9873.0,-2.4064,0.1893,258.0,-162.0,0.0,-10.0,-172.0,3369.0,14.0,51.0,0.0,48.0,0.0,7.39,0.6,0.0
2016/05/05,18.3,18.4,17.7,18.05,588.0,10601.0,-1.0959,0.208,207.0,-57.0,0.0,-11.0,-68.0,3384.0,15.0,0.0,0.0,52.0,4.0,7.31,0.6,0.0
2016/05/06,18.05,18.05,17.45,17.5,726.0,12725.0,-3.0471,0.2568,307.0,-87.0,0.0,40.0,-47.0,3387.0,50.0,47.0,3.0,54.0,5.0,7.09,0.58,0.0
2016/05/09,17.4,17.5,17.15,17.25,257.0,4462.0,-1.4286,0.0909,177.0,-87.0,0.0,0.0,-87.0,3450.0,106.0,43.0,0.0,54.0,0.0,6.98,0.57,0.0
2016/05/10,17.25,17.45,17.2,17.3,453.0,7849.0,0.2899,0.1603,231.0,-71.0,0.0,9.0,-62.0,3566.0,123.0,6.0,23.0,42.0,11.0,8.92,0.58,8.67
2016/05/11,17.4,17.5,17.2,17.3,287.0,4985.0,0.0,0.1016,158.0,5.0,0.0,-2.0,3.0,3531.0,20.0,7.0,0.0,42.0,0.0,8.92,0.58,8.67
2016/05/12,17.25,17.3,16.8,16.85,689.0,11759.0,-2.6012,0.2438,256.0,-43.0,0.0,-77.0,-120.0,3336.0,12.0,207.0,5.0,37.0,0.0,8.69,0.56,8.9
2016/05/13,16.85,16.85,15.95,16.1,1809.0,29268.0,-4.451,0.6401,559.0,-21.0,0.0,0.0,-21.0,3140.0,243.0,404.0,1.0,48.0,12.0,8.3,0.54,9.32
2016/05/16,15.65,15.75,15.25,15.35,1593.0,24693.0,-4.6584,0.5637,637.0,-151.0,0.0,-143.0,-294.0,3056.0,134.0,218.0,2.0,83.0,37.0,7.91,0.51,9.77
2016/05/17,15.45,16.0,15.4,15.8,453.0,7131.0,2.9316,0.1603,284.0,-144.0,0.0,3.0,-141.0,3113.0,72.0,14.0,10.0,78.0,5.0,8.14,0.53,9.49
2016/05/18,15.8,15.8,15.6,15.8,256.0,4036.0,0.0,0.0906,162.0,-66.0,0.0,4.0,-62.0,3128.0,36.0,21.0,6.0,72.0,0.0,8.14,0.53,9.49
2016/05/19,15.9,15.9,15.6,15.7,541.0,8500.0,-0.6329,0.1914,285.0,-243.0,0.0,-11.0,-254.0,3183.0,66.0,11.0,0.0,74.0,2.0,8.09,0.52,9.55
2016/05/20,15.65,15.85,15.65,15.85,278.0,4397.0,0.9554,0.0984,166.0,-106.0,0.0,-6.0,-112.0,3184.0,20.0,18.0,3.0,75.0,4.0,8.17,0.53,9.46
2016/05/23,15.75,16.25,15.75,16.15,561.0,8990.0,1.8927,0.1985,319.0,-73.0,0.0,-3.0,-76.0,3221.0,69.0,32.0,41.0,34.0,0.0,8.32,0.54,9.29
2016/05/24,16.15,16.25,15.9,15.95,486.0,7802.0,-1.2384,0.172,338.0,-144.0,0.0,6.0,-138.0,3257.0,58.0,22.0,6.0,28.0,0.0,8.22,0.53,9.4
2016/05/25,16.0,16.3,16.0,16.25,456.0,7393.0,1.8809,0.1614,249.0,32.0,0.0,0.0,32.0,3250.0,41.0,47.0,0.0,40.0,12.0,8.38,0.54,9.23
2016/05/26,16.25,16.7,16.25,16.5,452.0,7470.0,1.5385,0.1599,258.0,63.0,0.0,0.0,63.0,3255.0,31.0,26.0,0.0,141.0,101.0,8.51,0.55,9.09
2016/05/27,16.5,16.6,16.35,16.5,394.0,6502.0,0.0,0.1394,234.0,-52.0,0.0,0.0,-52.0,3260.0,15.0,10.0,0.0,175.0,34.0,8.51,0.55,9.09
2016/05/30,16.4,16.4,16.1,16.2,781.0,12672.0,-1.8182,0.2764,488.0,-297.0,0.0,8.0,-289.0,3322.0,83.0,21.0,0.0,324.0,149.0,8.35,0.54,9.26
2016/05/31,16.2,16.2,15.3,16.0,3918.0,62065.0,-1.2346,1.3864,1168.0,-1858.0,0.0,16.0,-1842.0,3494.0,192.0,20.0,298.0,38.0,12.0,8.25,0.53,9.38
2016/06/01,16.0,16.3,15.8,16.2,986.0,15954.0,1.25,0.3489,486.0,52.0,0.0,15.0,67.0,3686.0,251.0,59.0,0.0,59.0,21.0,8.35,0.54,9.26
2016/06/02,16.35,16.45,16.2,16.3,459.0,7499.0,0.6173,0.1624,276.0,37.0,0.0,0.0,37.0,3643.0,24.0,67.0,0.0,64.0,5.0,8.4,0.54,9.2
2016/06/03,16.2,16.65,16.2,16.3,661.0,10847.0,0.0,0.2339,339.0,-36.0,0.0,-1.0,-37.0,3757.0,169.0,55.0,2.0,62.0,0.0,8.4,0.54,9.2
2016/06/04,16.1,16.35,16.05,16.3,306.0,4960.0,0.0,0.1083,194.0,0.0,0.0,0.0,0.0,3777.0,35.0,15.0,0.0,62.0,0.0,8.4,0.54,9.2
2016/06/06,16.3,16.3,16.1,16.15,364.0,5895.0,-0.9202,0.1288,189.0,25.0,0.0,-1.0,24.0,3746.0,50.0,81.0,1.0,73.0,12.0,8.32,0.54,9.29
2016/06/07,16.15,16.55,16.15,16.35,640.0,10515.0,1.2384,0.2265,313.0,123.0,0.0,21.0,144.0,3671.0,5.0,80.0,0.0,84.0,11.0,8.43,0.54,9.17
2016/06/08,16.35,16.5,16.3,16.3,386.0,6340.0,-0.3058,0.1366,322.0,52.0,0.0,1.0,53.0,3583.0,32.0,120.0,0.0,84.0,0.0,8.4,0.54,9.2
2016/06/13,16.25,16.25,15.95,16.05,432.0,6937.0,-1.5337,0.1529,232.0,7.0,0.0,2.0,9.0,3467.0,22.0,95.0,4.0,80.0,0.0,8.27,0.53,9.35
2016/06/14,16.05,16.15,16.0,16.1,276.0,4438.0,0.3115,0.0977,194.0,-110.0,0.0,6.0,-104.0,3476.0,20.0,10.0,0.0,80.0,0.0,8.3,0.54,9.32
2016/06/15,16.1,16.25,16.0,16.1,252.0,4063.0,0.0,0.0892,172.0,20.0,0.0,7.0,27.0,3489.0,27.0,14.0,0.0,80.0,0.0,8.3,0.54,9.32
2016/06/16,16.1,16.55,16.05,16.25,460.0,7508.0,0.9317,0.1628,277.0,45.0,0.0,0.0,45.0,3512.0,73.0,50.0,8.0,72.0,0.0,8.38,0.54,9.23
2016/06/17,16.3,16.35,16.05,16.05,752.0,12195.0,-1.2308,0.2661,403.0,-289.0,0.0,0.0,-289.0,3575.0,93.0,30.0,17.0,55.0,0.0,8.27,0.53,9.35
2016/06/20,16.1,16.25,16.1,16.2,209.0,3384.0,0.9346,0.074,174.0,11.0,0.0,2.0,13.0,3561.0,10.0,19.0,0.0,55.0,0.0,8.35,0.54,9.26
2016/06/21,16.2,16.3,16.15,16.2,200.0,3241.0,0.0,0.0708,149.0,2.0,0.0,0.0,2.0,3529.0,13.0,45.0,0.0,55.0,0.0,8.35,0.54,9.26
2016/06/22,16.15,16.2,16.05,16.15,563.0,9079.0,-0.3086,0.1992,380.0,-288.0,0.0,0.0,-288.0,3548.0,71.0,52.0,0.0,55.0,0.0,8.32,0.54,9.29
2016/06/23,16.15,16.4,16.15,16.25,321.0,5236.0,0.6192,0.1136,242.0,52.0,0.0,0.0,52.0,3551.0,15.0,12.0,0.0,55.0,0.0,8.38,0.54,9.23
2016/06/24,16.3,16.35,15.95,16.0,556.0,8981.0,-1.5385,0.1967,241.0,-51.0,0.0,-11.0,-62.0,3522.0,26.0,55.0,0.0,55.0,0.0,8.25,0.53,9.38
2016/06/27,16.0,16.15,15.65,16.05,239.0,3818.0,0.3125,0.0846,124.0,-61.0,0.0,-1.0,-62.0,3516.0,11.0,17.0,0.0,55.0,0.0,8.27,0.53,9.35
2016/06/28,16.05,16.15,15.95,16.05,371.0,5964.0,0.0,0.1313,254.0,-203.0,0.0,0.0,-203.0,3509.0,28.0,35.0,0.0,55.0,0.0,8.27,0.53,9.35
2016/06/29,16.05,16.8,16.05,16.65,1228.0,20225.0,3.7383,0.4345,471.0,-33.0,0.0,0.0,-33.0,3595.0,263.0,177.0,0.0,55.0,0.0,8.58,0.55,9.01
2016/06/30,16.75,17.2,16.7,16.7,2089.0,35343.0,0.3003,0.7392,1000.0,-105.0,0.0,-5.0,-110.0,3604.0,300.0,291.0,12.0,43.0,0.0,8.61,0.56,8.98
2016/07/01,16.95,17.0,16.6,16.75,837.0,14063.0,0.2994,0.2962,368.0,-11.0,0.0,0.0,-11.0,3680.0,101.0,25.0,1.0,42.0,0.0,8.63,0.56,8.96
2016/07/04,16.95,17.1,16.75,17.0,687.0,11670.0,1.4925,0.2431,350.0,130.0,0.0,0.0,130.0,3817.0,184.0,47.0,0.0,44.0,2.0,8.76,0.57,8.82
2016/07/05,17.0,17.15,17.0,17.1,482.0,8233.0,0.5882,0.1706,213.0,84.0,0.0,-1.0,83.0,3845.0,81.0,33.0,0.0,46.0,2.0,8.81,0.57,8.77
2016/07/06,17.0,17.05,16.75,16.9,493.0,8317.0,-1.1696,0.1745,280.0,-69.0,0.0,0.0,-69.0,3840.0,12.0,16.0,0.0,46.0,0.0,8.71,0.56,8.88
2016/07/07,17.0,17.05,16.9,16.9,511.0,8645.0,0.0,0.1808,152.0,8.0,0.0,0.0,8.0,3901.0,86.0,25.0,0.0,46.0,0.0,8.71,0.56,8.88
2016/07/11,16.9,16.9,16.8,16.9,452.0,7614.0,0.0,0.1599,221.0,-128.0,0.0,0.0,-128.0,3853.0,13.0,61.0,0.0,46.0,0.0,8.71,0.56,8.88
2016/07/12,16.9,16.95,16.8,16.85,502.0,8462.0,-0.2959,0.1776,219.0,-20.0,0.0,0.0,-20.0,3874.0,47.0,26.0,0.0,46.0,0.0,8.69,0.56,8.9
2016/07/13,16.85,16.9,16.75,16.85,579.0,9746.0,0.0,0.2049,238.0,-36.0,0.0,-4.0,-40.0,3851.0,62.0,85.0,0.0,48.0,2.0,8.69,0.56,8.9
2016/07/14,16.85,17.0,16.85,16.95,410.0,6952.0,0.5935,0.1451,207.0,79.0,0.0,0.0,79.0,3857.0,66.0,60.0,0.0,50.0,2.0,8.74,0.56,8.85
2016/07/15,16.95,17.2,16.95,17.0,700.0,11976.0,0.295,0.2477,356.0,105.0,0.0,0.0,105.0,3835.0,23.0,45.0,0.0,51.0,1.0,8.76,0.57,8.82
2016/07/18,17.1,17.25,17.05,17.2,534.0,9170.0,1.1765,0.189,283.0,115.0,0.0,0.0,115.0,3697.0,79.0,91.0,10.0,42.0,1.0,8.87,0.57,8.72
2016/07/19,17.3,17.35,17.15,17.3,386.0,6657.0,0.5814,0.1366,199.0,55.0,0.0,0.0,55.0,3678.0,39.0,58.0,0.0,43.0,1.0,8.92,0.58,8.67
2016/07/20,17.3,17.5,17.1,17.2,597.0,10314.0,-0.578,0.2113,263.0,201.0,0.0,4.0,205.0,3638.0,48.0,64.0,0.0,43.0,0.0,8.87,0.57,8.72
2016/07/21,17.25,17.5,17.25,17.4,696.0,12124.0,1.1628,0.2463,316.0,103.0,0.0,10.0,113.0,3593.0,19.0,52.0,10.0,35.0,2.0,8.97,0.58,8.62
2016/07/22,17.4,17.45,17.35,17.35,644.0,11227.0,-0.2874,0.2279,264.0,76.0,0.0,1.0,77.0,3620.0,93.0,66.0,0.0,36.0,1.0,8.94,0.58,8.65
2016/07/25,17.35,17.55,17.2,17.25,641.0,11120.0,-0.5764,0.2268,325.0,56.0,0.0,-1.0,55.0,3590.0,40.0,70.0,1.0,37.0,2.0,8.89,0.57,8.7
2016/07/26,17.3,17.6,17.3,17.5,508.0,8885.0,1.4493,0.1798,312.0,147.0,0.0,0.0,147.0,3610.0,44.0,24.0,2.0,39.0,4.0,9.02,0.58,8.57
2016/07/27,17.5,17.6,17.5,17.5,437.0,7671.0,0.0,0.1546,216.0,20.0,0.0,-2.0,18.0,3578.0,40.0,50.0,1.0,39.0,1.0,9.02,0.58,8.57
2016/07/28,17.5,17.55,17.45,17.5,305.0,5338.0,0.0,0.1079,227.0,33.0,0.0,0.0,33.0,3562.0,6.0,22.0,1.0,38.0,0.0,9.02,0.58,8.57
2016/07/29,17.5,17.6,17.45,17.55,455.0,7987.0,0.2857,0.161,287.0,81.0,0.0,0.0,81.0,3558.0,44.0,48.0,0.0,39.0,1.0,9.05,0.58,8.55
2016/08/01,17.55,17.7,17.5,17.5,282.0,4965.0,-0.2849,0.0998,152.0,-11.0,0.0,0.0,-11.0,3541.0,6.0,15.0,0.0,39.0,0.0,9.02,0.58,8.57
2016/08/02,17.5,17.6,17.45,17.55,395.0,6918.0,0.2857,0.1398,212.0,21.0,0.0,0.0,21.0,3538.0,53.0,55.0,0.0,40.0,1.0,9.05,0.58,8.55
2016/08/03,17.35,17.6,17.3,17.5,475.0,8281.0,-0.2849,0.1681,308.0,49.0,0.0,-5.0,44.0,3479.0,15.0,74.0,1.0,39.0,0.0,9.02,0.58,8.57
2016/08/04,17.5,17.6,17.4,17.5,230.0,4038.0,0.0,0.0814,135.0,46.0,0.0,-12.0,34.0,3477.0,0.0,2.0,0.0,39.0,0.0,9.02,0.58,8.57
2016/08/05,17.5,17.55,17.35,17.55,323.0,5645.0,0.2857,0.1143,270.0,63.0,0.0,0.0,63.0,3447.0,17.0,17.0,0.0,39.0,0.0,9.05,0.58,8.55
2016/08/08,17.55,17.6,17.45,17.55,289.0,5077.0,0.0,0.1023,138.0,30.0,0.0,4.0,34.0,3441.0,106.0,112.0,0.0,39.0,0.0,9.05,0.58,8.55
2016/08/09,17.55,17.55,17.35,17.4,629.0,10961.0,-0.8547,0.2226,183.0,25.0,0.0,1.0,26.0,3442.0,12.0,11.0,0.0,39.0,0.0,12.0,0.6,8.62
2016/08/10,17.35,17.55,17.35,17.55,486.0,8508.0,0.8621,0.172,222.0,83.0,0.0,150.0,233.0,3293.0,3.0,152.0,0.0,40.0,1.0,12.1,0.6,8.55
2016/08/11,17.55,17.6,17.35,17.5,666.0,11648.0,-0.2849,0.2357,353.0,52.0,0.0,98.0,150.0,3122.0,2.0,173.0,0.0,40.0,0.0,12.07,0.6,8.57
2016/08/12,17.5,17.55,17.45,17.5,205.0,3597.0,0.0,0.0725,136.0,-12.0,0.0,49.0,37.0,3109.0,0.0,13.0,0.0,40.0,0.0,12.07,0.6,8.57
2016/08/15,17.5,17.55,17.45,17.5,318.0,5568.0,0.0,0.1125,231.0,73.0,0.0,0.0,73.0,3054.0,2.0,57.0,0.0,40.0,0.0,12.07,0.6,8.57
2016/08/16,17.5,17.6,17.45,17.5,246.0,4312.0,0.0,0.0871,142.0,-23.0,0.0,102.0,79.0,3036.0,3.0,21.0,0.0,40.0,0.0,12.07,0.6,8.57
2016/08/17,17.45,17.55,17.4,17.5,435.0,7604.0,0.0,0.1539,360.0,88.0,0.0,-6.0,82.0,2983.0,0.0,53.0,2.0,39.0,1.0,12.07,0.6,8.57
2016/08/18,17.6,17.6,17.4,17.5,361.0,6314.0,0.0,0.1278,192.0,76.0,0.0,-2.0,74.0,2987.0,6.0,2.0,0.0,39.0,0.0,12.07,0.6,8.57
2016/08/19,17.5,17.65,17.45,17.6,244.0,4280.0,0.5714,0.0863,199.0,8.0,0.0,7.0,15.0,2989.0,5.0,3.0,0.0,39.0,0.0,12.14,0.61,8.52
2016/08/22,17.6,17.75,17.45,17.45,346.0,6065.0,-0.8523,0.1224,175.0,5.0,0.0,98.0,103.0,2837.0,2.0,154.0,0.0,39.0,0.0,12.03,0.6,8.6
2016/08/23,17.45,17.6,17.45,17.55,122.0,2145.0,0.5731,0.0432,103.0,0.0,0.0,0.0,0.0,2841.0,9.0,5.0,0.0,39.0,0.0,12.1,0.6,8.55
2016/08/24,17.5,17.6,17.4,17.5,254.0,4445.0,-0.2849,0.0899,171.0,-67.0,0.0,0.0,-67.0,2798.0,10.0,53.0,0.0,39.0,0.0,12.07,0.6,8.57
2016/08/25,17.5,17.6,17.45,17.5,274.0,4809.0,0.0,0.097,200.0,30.0,19.0,0.0,49.0,2797.0,2.0,3.0,0.0,39.0,0.0,12.07,0.6,8.57
2016/08/26,17.5,17.6,17.4,17.55,315.0,5514.0,0.2857,0.1115,225.0,-115.0,0.0,5.0,-110.0,2802.0,7.0,2.0,0.0,40.0,1.0,12.1,0.6,8.55
2016/08/29,17.5,17.6,17.35,17.5,322.0,5632.0,-0.2849,0.114,241.0,11.0,0.0,-2.0,9.0,2803.0,11.0,10.0,0.0,40.0,0.0,12.07,0.6,8.57
2016/08/30,17.5,17.6,17.45,17.55,291.0,5103.0,0.2857,0.103,211.0,-29.0,0.0,-3.0,-32.0,2802.0,1.0,2.0,0.0,40.0,0.0,12.1,0.6,8.55
2016/08/31,17.4,17.55,17.35,17.5,388.0,6799.0,-0.2849,0.1373,244.0,28.0,0.0,-1.0,27.0,2791.0,17.0,28.0,0.0,40.0,0.0,12.07,0.6,8.57
2016/09/01,17.5,17.5,17.4,17.45,283.0,4942.0,-0.2857,0.1001,151.0,-61.0,0.0,0.0,-61.0,2791.0,8.0,8.0,0.0,40.0,0.0,12.03,0.6,8.6
2016/09/02,17.4,17.55,17.4,17.45,284.0,4977.0,0.0,0.1005,222.0,-7.0,0.0,23.0,16.0,2741.0,2.0,52.0,0.0,40.0,0.0,12.03,0.6,8.6
2016/09/05,17.45,17.5,17.4,17.45,245.0,4282.0,0.0,0.0867,165.0,20.0,0.0,-100.0,-80.0,2702.0,0.0,2.0,0.0,40.0,0.0,12.03,0.6,8.6
2016/09/06,17.35,17.55,17.35,17.5,225.0,3944.0,0.2865,0.0796,163.0,43.0,0.0,1.0,44.0,2704.0,2.0,0.0,0.0,40.0,0.0,12.07,0.6,8.57
2016/09/07,17.5,17.6,17.45,17.55,243.0,4256.0,0.2857,0.086,177.0,36.0,0.0,0.0,36.0,2694.0,2.0,12.0,0.0,41.0,1.0,12.1,0.6,8.55
2016/09/08,17.5,17.6,17.45,17.55,206.0,3612.0,0.0,0.0729,134.0,-13.0,0.0,0.0,-13.0,2692.0,10.0,12.0,0.0,42.0,1.0,12.1,0.6,8.55
2016/09/09,17.6,18.5,17.6,18.1,1915.0,34728.0,3.1339,0.6777,851.0,68.0,0.0,-4.0,64.0,2898.0,330.0,124.0,0.0,44.0,2.0,12.48,0.62,8.29
2016/09/10,18.0,18.15,17.7,18.1,462.0,8307.0,0.0,0.1635,258.0,-75.0,0.0,0.0,-75.0,2925.0,59.0,32.0,1.0,43.0,0.0,12.48,0.62,8.29
2016/09/12,18.1,18.15,17.85,18.0,695.0,12523.0,-0.5525,0.2459,343.0,-65.0,0.0,-80.0,-145.0,2887.0,51.0,89.0,0.0,46.0,3.0,12.41,0.62,8.33
2016/09/13,18.1,18.15,17.8,17.8,664.0,11873.0,-1.1111,0.235,374.0,-239.0,0.0,0.0,-239.0,2897.0,31.0,21.0,5.0,41.0,0.0,12.28,0.61,8.43
2016/09/14,17.7,17.95,17.7,17.9,490.0,8757.0,0.5618,0.1734,243.0,-138.0,0.0,-1.0,-139.0,2943.0,55.0,9.0,6.0,35.0,0.0,12.34,0.62,8.38
2016/09/19,17.95,18.05,17.8,17.9,1195.0,21411.0,0.0,0.4229,509.0,-147.0,0.0,-300.0,-447.0,3015.0,99.0,26.0,11.0,24.0,0.0,12.34,0.62,8.38
2016/09/20,17.9,18.1,17.9,18.0,1362.0,24506.0,0.5587,0.482,413.0,-19.0,0.0,0.0,-19.0,3143.0,187.0,59.0,24.0,0.0,0.0,12.41,0.62,8.33
2016/09/21,18.0,18.05,17.9,18.05,987.0,17782.0,0.2778,0.3493,368.0,42.0,0.0,0.0,42.0,3048.0,47.0,142.0,0.0,0.0,0.0,12.45,0.62,8.31
2016/09/22,18.1,18.6,18.1,18.55,2609.0,48099.0,2.7701,0.9233,1125.0,82.0,0.0,0.0,82.0,3132.0,321.0,237.0,0.0,0.0,0.0,12.79,0.64,8.09
2016/09/23,18.45,18.55,18.25,18.4,3372.0,62025.0,-0.8086,1.1933,1364.0,162.0,0.0,0.0,162.0,3210.0,303.0,225.0,0.0,0.0,0.0,12.69,0.63,8.15
2016/09/26,16.95,16.95,16.3,16.3,2747.0,44594.0,-3.2589,0.9721,901.0,628.0,0.0,0.0,628.0,3111.0,141.0,240.0,0.0,172.0,172.0,11.24,0.56,9.2
2016/09/29,16.35,16.65,16.35,16.5,2792.0,46103.0,1.227,0.988,285.0,8.0,0.0,0.0,8.0,3084.0,34.0,61.0,0.0,175.0,3.0,11.38,0.57,9.09
2016/09/30,16.5,16.55,16.3,16.3,490.0,8041.0,-1.2121,0.1734,235.0,-167.0,0.0,0.0,-167.0,3063.0,20.0,41.0,121.0,56.0,2.0,11.24,0.56,9.2
2016/10/03,16.35,16.45,16.3,16.4,388.0,6360.0,0.6135,0.1373,185.0,82.0,0.0,0.0,82.0,3038.0,32.0,56.0,0.0,56.0,0.0,11.31,0.56,9.15
2016/10/04,16.4,16.45,16.35,16.35,175.0,2873.0,-0.3049,0.0619,139.0,17.0,0.0,0.0,17.0,3025.0,16.0,29.0,0.0,56.0,0.0,11.28,0.56,9.17
2016/10/05,16.35,16.4,16.35,16.35,725.0,11194.0,0.0,0.2566,116.0,42.0,0.0,0.0,42.0,3059.0,48.0,14.0,0.0,57.0,1.0,11.28,0.56,9.17
2016/10/06,16.4,16.45,16.35,16.45,350.0,5756.0,0.6116,0.1239,217.0,122.0,0.0,0.0,122.0,3032.0,6.0,33.0,1.0,56.0,0.0,11.34,0.57,9.12
2016/10/07,16.45,16.55,16.4,16.4,214.0,3527.0,-0.304,0.0757,144.0,17.0,0.0,0.0,17.0,3013.0,12.0,21.0,0.0,56.0,0.0,11.31,0.56,9.15
2016/10/11,16.55,16.55,16.05,16.2,480.0,7825.0,-1.2195,0.1699,251.0,78.0,0.0,0.0,78.0,2882.0,19.0,150.0,0.0,56.0,0.0,11.17,0.56,9.26
2016/10/12,16.2,16.2,15.7,15.85,776.0,12335.0,-2.1605,0.2746,481.0,-321.0,0.0,0.0,-321.0,2925.0,96.0,53.0,1.0,55.0,0.0,10.93,0.55,9.46
2016/10/13,15.8,16.0,15.75,15.95,335.0,5323.0,0.6309,0.1186,192.0,-9.0,0.0,1.0,-8.0,2875.0,2.0,52.0,0.0,55.0,0.0,11.0,0.55,9.4
2016/10/14,15.9,15.9,15.6,15.65,254.0,4001.0,-1.8809,0.0899,148.0,-39.0,0.0,0.0,-39.0,2852.0,12.0,33.0,0.0,55.0,0.0,10.79,0.54,9.58
2016/10/17,15.65,15.65,15.5,15.65,183.0,2858.0,0.0,0.0648,140.0,46.0,0.0,0.0,46.0,2829.0,14.0,37.0,0.0,55.0,0.0,10.79,0.54,9.58
2016/10/18,15.65,15.65,15.5,15.55,151.0,2351.0,-0.639,0.0534,109.0,-20.0,0.0,3.0,-17.0,2809.0,0.0,20.0,1.0,54.0,0.0,10.72,0.53,9.65
2016/10/19,15.55,15.8,15.55,15.65,189.0,2969.0,0.6431,0.0669,151.0,31.0,0.0,-3.0,28.0,2782.0,15.0,42.0,0.0,54.0,0.0,10.79,0.54,9.58
2016/10/20,15.7,15.85,15.7,15.75,1032.0,15497.0,0.639,0.3653,262.0,173.0,2.0,0.0,175.0,2775.0,35.0,42.0,0.0,54.0,0.0,10.86,0.54,9.52
2016/10/21,15.75,15.9,15.6,15.75,414.0,6483.0,0.0,0.1465,164.0,-94.0,1.0,0.0,-93.0,2741.0,5.0,15.0,0.0,54.0,0.0,10.86,0.54,9.52
2016/10/24,15.9,15.95,15.7,15.8,197.0,3111.0,0.3175,0.0697,152.0,20.0,0.0,0.0,20.0,2749.0,8.0,0.0,0.0,54.0,0.0,10.9,0.54,9.49
2016/10/25,15.8,15.8,15.5,15.65,243.0,3800.0,-0.9494,0.086,144.0,-25.0,0.0,0.0,-25.0,2759.0,18.0,0.0,0.0,54.0,0.0,10.79,0.54,9.58
2016/10/26,15.65,15.65,15.5,15.6,265.0,4140.0,-0.3195,0.0938,147.0,-59.0,0.0,0.0,-59.0,2761.0,9.0,7.0,0.0,54.0,0.0,10.76,0.54,9.62
2016/10/27,15.6,15.7,15.5,15.5,351.0,5465.0,-0.641,0.1242,191.0,-44.0,0.0,0.0,-44.0,2755.0,3.0,9.0,1.0,53.0,0.0,10.69,0.53,9.68
2016/10/28,15.5,15.6,15.45,15.5,204.0,3171.0,0.0,0.0722,135.0,-21.0,0.0,0.0,-21.0,2756.0,4.0,3.0,0.0,53.0,0.0,10.69,0.53,9.68
2016/10/31,15.5,15.65,15.45,15.5,128.0,2005.0,0.0,0.0453,99.0,-22.0,0.0,0.0,-22.0,2756.0,3.0,3.0,0.0,53.0,0.0,10.69,0.53,9.68
2016/11/01,15.5,15.5,15.4,15.45,235.0,3638.0,-0.3226,0.0832,137.0,-23.0,0.0,0.0,-23.0,2763.0,12.0,1.0,1.0,52.0,0.0,10.66,0.53,9.71
2016/11/02,15.4,15.4,15.35,15.35,195.0,3005.0,-0.6472,0.069,137.0,10.0,0.0,0.0,10.0,2744.0,0.0,19.0,0.0,52.0,0.0,10.59,0.53,9.77
2016/11/03,15.3,15.35,14.5,15.05,570.0,8604.0,-1.9544,0.2018,391.0,-50.0,0.0,1.0,-49.0,2709.0,8.0,43.0,1.0,58.0,7.0,10.38,0.52,9.97
2016/11/04,14.85,14.95,14.8,14.9,170.0,2533.0,-0.9967,0.0602,129.0,-50.0,0.0,0.0,-50.0,2711.0,6.0,4.0,1.0,57.0,0.0,10.28,0.51,10.07
2016/11/07,14.85,15.05,14.8,14.95,326.0,4877.0,0.3356,0.1154,196.0,-67.0,0.0,1.0,-66.0,2712.0,10.0,9.0,0.0,57.0,0.0,10.31,0.51,10.03
2016/11/08,14.95,15.1,14.95,15.1,215.0,3248.0,1.0033,0.0761,125.0,-5.0,0.0,0.0,-5.0,2702.0,0.0,3.0,6.0,51.0,0.0,10.41,0.52,9.93
2016/11/09,15.1,15.1,14.7,14.7,514.0,7670.0,-2.649,0.1819,330.0,109.0,0.0,-2.0,107.0,2674.0,31.0,59.0,0.0,51.0,0.0,10.14,0.51,10.2
2016/11/10,14.8,14.95,14.8,14.9,115.0,1722.0,1.3605,0.0407,80.0,-27.0,0.0,0.0,-27.0,2667.0,8.0,15.0,0.0,51.0,0.0,10.28,0.51,10.07
2016/11/11,14.8,14.9,14.45,14.5,318.0,4655.0,-2.6846,0.1126,197.0,-110.0,0.0,1.0,-109.0,2637.0,5.0,35.0,0.0,51.0,0.0,10.0,0.5,10.34
2016/11/14,14.5,14.65,14.0,14.55,1207.0,17275.0,0.3448,0.4272,473.0,-158.0,0.0,2.0,-156.0,2490.0,171.0,318.0,0.0,51.0,0.0,11.93,0.5,10.31
2016/11/15,14.6,15.15,14.45,15.05,912.0,13591.0,3.4364,0.3228,473.0,-149.0,0.0,-66.0,-215.0,2539.0,223.0,174.0,50.0,1.0,0.0,12.34,0.52,9.97
2016/11/16,15.4,16.15,15.4,15.5,1280.0,20108.0,2.99,0.4531,649.0,-269.0,0.0,1.0,-268.0,2597.0,127.0,58.0,0.0,1.0,0.0,12.7,0.53,9.68
2016/11/17,15.5,15.65,15.45,15.45,361.0,5613.0,-0.3226,0.1278,227.0,-66.0,0.0,0.0,-66.0,2646.0,67.0,17.0,0.0,2.0,1.0,12.66,0.53,9.71
2016/11/18,15.5,15.7,15.45,15.5,303.0,4710.0,0.3236,0.1072,208.0,-65.0,0.0,0.0,-65.0,2646.0,26.0,26.0,1.0,1.0,0.0,12.7,0.53,9.68
2016/11/21,15.45,15.6,15.3,15.5,177.0,2741.0,0.0,0.0626,112.0,-20.0,0.0,3.0,-17.0,2652.0,10.0,4.0,0.0,1.0,0.0,12.7,0.53,9.68
2016/11/22,15.5,15.6,15.45,15.45,310.0,4808.0,-0.3226,0.1097,252.0,-129.0,0.0,1.0,-128.0,2706.0,65.0,11.0,0.0,1.0,0.0,12.66,0.53,9.71
2016/11/23,15.45,15.6,15.45,15.6,199.0,3102.0,0.9709,0.0704,149.0,-15.0,0.0,0.0,-15.0,2712.0,34.0,28.0,0.0,1.0,0.0,12.79,0.54,9.62
2016/11/24,15.65,15.85,15.55,15.7,272.0,4277.0,0.641,0.0963,156.0,11.0,0.0,0.0,11.0,2660.0,14.0,60.0,0.0,1.0,0.0,12.87,0.54,9.55
2016/11/25,15.7,15.9,15.6,15.85,417.0,6588.0,0.9554,0.1476,181.0,67.0,0.0,0.0,67.0,2663.0,16.0,13.0,0.0,1.0,0.0,12.99,0.54,9.46
2016/11/28,16.0,16.05,15.85,16.0,350.0,5590.0,0.9464,0.1239,188.0,25.0,0.0,0.0,25.0,2681.0,28.0,10.0,0.0,1.0,0.0,13.11,0.55,9.38
2016/11/29,16.05,16.3,16.0,16.3,572.0,9274.0,1.875,0.2025,284.0,48.0,0.0,-6.0,42.0,2685.0,35.0,31.0,0.0,2.0,1.0,13.36,0.56,9.2
2016/11/30,16.3,16.5,16.3,16.35,356.0,5849.0,0.3067,0.126,208.0,14.0,0.0,-8.0,6.0,2676.0,21.0,29.0,1.0,2.0,1.0,13.4,0.56,9.17
2016/12/01,16.5,16.5,16.25,16.3,251.0,4096.0,-0.3058,0.0888,141.0,12.0,0.0,0.0,12.0,2708.0,41.0,9.0,0.0,2.0,0.0,13.36,0.56,9.2
2016/12/02,16.25,16.25,16.0,16.05,303.0,4879.0,-1.5337,0.1072,142.0,-10.0,0.0,4.0,-6.0,2641.0,28.0,83.0,0.0,2.0,0.0,13.16,0.55,9.35
2016/12/05,16.1,16.15,15.9,15.9,217.0,3483.0,-0.9346,0.0768,153.0,-67.0,0.0,0.0,-67.0,2647.0,6.0,0.0,0.0,2.0,0.0,13.03,0.55,9.43
2016/12/06,15.9,16.05,15.85,15.9,220.0,3518.0,0.0,0.0779,168.0,-109.0,0.0,1.0,-108.0,2681.0,43.0,8.0,0.0,2.0,0.0,13.03,0.55,9.43
2016/12/07,15.9,16.0,15.85,16.0,153.0,2445.0,0.6289,0.0542,128.0,39.0,0.0,0.0,39.0,2680.0,10.0,11.0,0.0,2.0,0.0,13.11,0.55,9.38
2016/12/08,16.0,16.1,15.95,16.0,194.0,3122.0,0.0,0.0687,125.0,11.0,0.0,0.0,11.0,2668.0,11.0,23.0,0.0,2.0,0.0,13.11,0.55,9.38
2016/12/09,16.2,16.55,16.2,16.45,954.0,15694.0,2.8125,0.3377,451.0,-15.0,0.0,-8.0,-23.0,2929.0,301.0,40.0,0.0,2.0,0.0,13.48,0.57,9.12
2016/12/12,16.55,17.0,16.45,16.85,791.0,13283.0,2.4316,0.28,422.0,-24.0,0.0,0.0,-24.0,3152.0,319.0,91.0,0.0,5.0,3.0,13.81,0.58,8.9
2016/12/13,16.85,16.9,16.5,16.85,394.0,6598.0,0.0,0.1395,227.0,14.0,0.0,4.0,18.0,3092.0,32.0,92.0,1.0,4.0,0.0,13.81,0.58,8.9
2016/12/14,16.85,16.9,16.6,16.8,602.0,10109.0,-0.2967,0.2131,207.0,8.0,0.0,-4.0,4.0,3076.0,192.0,208.0,0.0,4.0,0.0,13.77,0.58,8.93
2016/12/15,16.8,16.8,16.55,16.65,347.0,5785.0,-0.8929,0.1228,164.0,-30.0,0.0,1.0,-29.0,3025.0,6.0,57.0,0.0,4.0,0.0,13.65,0.57,9.01
2016/12/16,16.7,16.9,16.55,16.55,492.0,8246.0,-0.6006,0.1741,288.0,94.0,0.0,19.0,113.0,3040.0,53.0,38.0,2.0,2.0,0.0,13.57,0.57,9.06
2016/12/19,16.55,16.9,16.55,16.65,446.0,7485.0,0.6042,0.1579,320.0,74.0,0.0,0.0,74.0,2977.0,19.0,82.0,0.0,2.0,0.0,13.65,0.57,9.01
2016/12/20,16.7,16.85,16.65,16.7,571.0,9568.0,0.3003,0.2021,259.0,86.0,0.0,6.0,92.0,2924.0,121.0,174.0,0.0,2.0,0.0,13.69,0.57,8.98
2016/12/21,16.8,16.8,16.5,16.75,197.0,3276.0,0.2994,0.0697,114.0,-2.0,0.0,2.0,0.0,2832.0,29.0,121.0,0.0,2.0,0.0,13.73,0.58,8.96
2016/12/22,16.75,16.75,16.55,16.6,245.0,4090.0,-0.8955,0.0867,104.0,5.0,0.0,-2.0,3.0,2822.0,60.0,70.0,0.0,2.0,0.0,13.61,0.57,9.04
2016/12/23,16.55,16.7,16.45,16.55,11722.0,194015.0,-0.3012,4.149,84.0,-8.0,0.0,0.0,-8.0,2879.0,66.0,9.0,0.0,2.0,0.0,13.57,0.57,9.06
2016/12/26,16.55,16.7,16.55,16.7,132.0,2208.0,0.9063,0.0467,89.0,1.0,0.0,0.0,1.0,2883.0,19.0,15.0,0.0,2.0,0.0,13.69,0.57,8.98
2016/12/27,16.7,16.8,16.55,16.75,221.0,3694.0,0.2994,0.0782,110.0,0.0,0.0,0.0,0.0,2970.0,92.0,5.0,0.0,2.0,0.0,13.73,0.58,8.96
2016/12/28,16.75,16.85,16.7,16.75,339.0,5697.0,0.0,0.12,157.0,8.0,0.0,0.0,8.0,2973.0,116.0,113.0,0.0,4.0,2.0,13.73,0.58,8.96
2016/12/29,16.8,16.85,16.7,16.75,139.0,2340.0,0.0,0.0492,89.0,26.0,0.0,0.0,26.0,2996.0,63.0,36.0,0.0,5.0,1.0,13.73,0.58,8.96
2016/12/30,16.75,16.8,16.7,16.8,315.0,5288.0,0.2985,0.1115,124.0,83.0,0.0,0.0,83.0,3048.0,111.0,59.0,0.0,5.0,0.0,13.77,0.58,8.93
2017/01/03,16.8,16.95,16.65,16.95,231.0,3894.0,0.8929,0.0818,126.0,20.0,0.0,1.0,21.0,3085.0,88.0,51.0,0.0,5.0,0.0,13.89,0.58,8.85
2017/01/04,16.9,16.95,16.85,16.9,221.0,3742.0,-0.295,0.0782,107.0,9.0,0.0,0.0,9.0,3090.0,52.0,47.0,0.0,5.0,0.0,13.85,0.58,8.88
2017/01/05,16.95,16.95,16.8,16.9,97.0,1638.0,0.0,0.0343,82.0,0.0,0.0,0.0,0.0,3099.0,38.0,29.0,0.0,4.0,0.0,13.85,0.58,8.88
2017/01/06,16.95,16.95,16.75,16.9,211.0,3564.0,0.0,0.0747,133.0,-20.0,-1.0,0.0,-21.0,3036.0,39.0,82.0,0.0,4.0,0.0,13.85,0.58,8.88
2017/01/09,16.9,16.9,16.6,16.7,211.0,3545.0,-1.1834,0.0747,152.0,3.0,0.0,-5.0,-2.0,2980.0,12.0,68.0,0.0,6.0,2.0,13.69,0.57,8.98
2017/01/10,16.6,16.65,16.35,16.35,468.0,7697.0,-2.0958,0.1656,277.0,-66.0,0.0,-7.0,-73.0,2945.0,43.0,78.0,0.0,6.0,0.0,13.4,0.56,9.17
2017/01/11,16.4,16.55,16.35,16.5,217.0,3577.0,0.9174,0.0768,132.0,70.0,0.0,0.0,70.0,2937.0,21.0,29.0,0.0,6.0,0.0,13.52,0.57,9.09
2017/01/12,16.5,16.5,16.25,16.35,583.0,9545.0,-0.9091,0.2064,203.0,0.0,0.0,0.0,0.0,2949.0,43.0,31.0,0.0,6.0,0.0,13.4,0.56,9.17
2017/01/13,16.35,16.65,16.3,16.45,251.0,4150.0,0.6116,0.0888,169.0,17.0,0.0,-6.0,11.0,2839.0,12.0,22.0,0.0,6.0,0.0,13.48,0.57,9.12
2017/01/16,16.5,16.5,16.35,16.5,214.0,3539.0,0.304,0.0757,147.0,0.0,0.0,0.0,0.0,2837.0,6.0,8.0,0.0,5.0,0.0,13.52,0.57,9.09
2017/01/17,16.5,16.65,16.45,16.55,264.0,4384.0,0.303,0.0934,166.0,-19.0,0.0,0.0,-19.0,2812.0,23.0,22.0,0.0,5.0,0.0,13.57,0.57,9.06
2017/01/18,16.6,16.8,16.55,16.8,451.0,7552.0,1.5106,0.1596,260.0,107.0,0.0,-2.0,105.0,2739.0,12.0,85.0,0.0,5.0,0.0,13.77,0.58,8.93
2017/01/19,16.8,17.1,16.8,16.85,659.0,11185.0,0.2976,0.2333,335.0,4.0,0.0,0.0,4.0,2877.0,164.0,19.0,0.0,5.0,0.0,13.81,0.58,8.9
2017/01/20,16.85,16.95,16.75,16.8,317.0,5348.0,-0.2967,0.1122,152.0,19.0,0.0,0.0,19.0,2824.0,15.0,68.0,0.0,5.0,0.0,13.77,0.58,8.93
2017/01/23,16.8,16.9,16.75,16.75,208.0,3498.0,-0.2976,0.0736,155.0,8.0,0.0,0.0,8.0,2770.0,4.0,56.0,0.0,5.0,0.0,13.73,0.58,8.96
2017/01/24,16.75,17.05,16.75,16.95,638.0,10819.0,1.194,0.2258,213.0,127.0,0.0,0.0,127.0,2480.0,24.0,204.0,0.0,5.0,0.0,13.89,0.58,8.85
2017/02/02,16.9,17.05,16.85,17.0,314.0,5336.0,0.295,0.1111,241.0,67.0,0.0,0.0,67.0,2461.0,13.0,32.0,0.0,10.0,5.0,13.93,0.58,8.82
2017/02/03,17.0,17.05,16.9,17.0,283.0,4819.0,0.0,0.1002,180.0,17.0,0.0,0.0,17.0,2471.0,28.0,13.0,0.0,10.0,0.0,13.93,0.58,8.82
2017/02/06,17.1,17.1,16.9,16.95,296.0,5050.0,-0.2941,0.1048,227.0,-34.0,0.0,0.0,-34.0,2514.0,60.0,17.0,0.0,10.0,0.0,13.89,0.58,8.85
2017/02/07,17.0,17.05,16.9,16.95,284.0,4824.0,0.0,0.1005,176.0,48.0,0.0,-1.0,47.0,2558.0,59.0,14.0,0.0,10.0,0.0,13.89,0.58,8.85
2017/02/08,16.95,17.05,16.75,16.8,369.0,6224.0,-0.885,0.1306,256.0,-23.0,0.0,0.0,-23.0,2482.0,38.0,0.0,0.0,10.0,0.0,13.77,0.58,8.93
2017/02/09,16.8,16.95,16.8,16.85,193.0,3263.0,0.2976,0.0683,149.0,9.0,0.0,0.0,9.0,2465.0,45.0,62.0,0.0,10.0,0.0,13.81,0.58,8.9
2017/02/10,16.9,17.0,16.85,16.9,242.0,4110.0,0.2967,0.0857,198.0,-21.0,0.0,0.0,-21.0,2498.0,33.0,0.0,0.0,10.0,0.0,13.85,0.58,8.88
2017/02/13,16.95,17.0,16.8,16.9,479.0,8112.0,0.0,0.1695,234.0,41.0,0.0,0.0,41.0,2522.0,74.0,50.0,0.0,10.0,0.0,13.85,0.58,8.88
2017/02/14,17.5,18.55,17.5,18.55,2845.0,52147.0,9.7633,1.007,987.0,-31.0,0.0,-5.0,-36.0,3410.0,976.0,88.0,0.0,15.0,5.0,15.2,0.64,8.09
2017/02/15,19.3,19.9,18.8,19.0,9373.0,180926.0,2.4259,3.3176,3277.0,121.0,0.0,26.0,147.0,3599.0,1770.0,1581.0,0.0,20.0,5.0,15.57,0.65,7.89
2017/02/16,19.2,19.4,18.65,18.8,1703.0,32249.0,-1.0526,0.6028,841.0,-126.0,0.0,1.0,-125.0,3615.0,368.0,352.0,2.0,22.0,4.0,15.41,0.65,7.98
2017/02/17,19.15,19.15,18.55,18.65,1079.0,20203.0,-0.7979,0.3819,487.0,0.0,0.0,0.0,0.0,3624.0,228.0,219.0,0.0,22.0,0.0,15.29,0.64,8.04
2017/02/18,18.8,18.9,18.6,18.6,883.0,16488.0,-0.2681,0.3125,356.0,0.0,0.0,4.0,4.0,3623.0,185.0,186.0,1.0,22.0,1.0,15.25,0.64,8.06
2017/02/20,18.75,18.8,18.25,18.25,1242.0,22898.0,-1.8817,0.4396,539.0,19.0,0.0,1.0,20.0,3422.0,285.0,486.0,2.0,22.0,2.0,14.96,0.63,8.22
2017/02/21,18.15,18.3,18.0,18.25,786.0,14302.0,0.0,0.2782,461.0,109.0,0.0,-9.0,100.0,3287.0,75.0,210.0,0.0,21.0,0.0,14.96,0.63,8.22
2017/02/22,18.35,18.7,18.35,18.35,925.0,17085.0,0.5479,0.3274,378.0,66.0,0.0,0.0,66.0,3251.0,140.0,176.0,1.0,20.0,0.0,15.04,0.63,8.17
2017/02/23,18.4,18.65,18.35,18.4,626.0,11589.0,0.2725,0.2216,299.0,-10.0,0.0,1.0,-9.0,3188.0,157.0,220.0,0.0,20.0,0.0,15.08,0.63,8.15
2017/02/24,18.45,18.6,18.3,18.4,680.0,12558.0,0.0,0.2407,340.0,-67.0,0.0,0.0,-67.0,3197.0,70.0,56.0,0.0,20.0,0.0,15.08,0.63,8.15
2017/03/01,18.5,18.8,18.5,18.7,921.0,17192.0,1.6304,0.326,529.0,94.0,0.0,0.0,94.0,3345.0,253.0,105.0,0.0,20.0,0.0,15.33,0.64,8.02
2017/03/02,18.75,18.95,18.65,18.7,830.0,15589.0,0.0,0.2938,332.0,174.0,0.0,0.0,174.0,3184.0,62.0,223.0,0.0,20.0,0.0,15.33,0.64,8.02
2017/03/03,18.8,18.95,18.7,18.75,735.0,13806.0,0.2674,0.2602,475.0,15.0,0.0,-4.0,11.0,3143.0,120.0,161.0,0.0,20.0,0.0,15.37,0.64,8.0
2017/03/06,18.8,18.85,18.5,18.7,550.0,10276.0,-0.2667,0.1947,370.0,170.0,0.0,-2.0,168.0,3072.0,77.0,148.0,1.0,19.0,0.0,15.33,0.64,8.02
2017/03/07,18.8,18.8,18.65,18.65,229.0,4288.0,-0.2674,0.0811,200.0,5.0,0.0,0.0,5.0,3105.0,57.0,24.0,0.0,19.0,0.0,15.29,0.64,8.04
2017/03/08,18.75,18.75,18.55,18.65,588.0,10989.0,0.0,0.2081,384.0,107.0,0.0,0.0,107.0,3061.0,43.0,87.0,0.0,19.0,0.0,15.29,0.64,8.04
2017/03/09,18.55,18.55,18.2,18.2,965.0,17674.0,-2.4129,0.3416,457.0,-37.0,0.0,0.0,-37.0,2914.0,135.0,282.0,2.0,17.0,0.0,14.92,0.63,8.24
2017/03/10,18.3,18.4,17.85,18.2,746.0,13509.0,0.0,0.264,510.0,73.0,0.0,1.0,74.0,2863.0,32.0,83.0,0.0,17.0,0.0,14.92,0.63,8.24
2017/03/13,18.05,18.25,18.05,18.15,278.0,5060.0,-0.2747,0.0984,232.0,90.0,0.0,0.0,90.0,2889.0,88.0,62.0,0.0,17.0,0.0,14.88,0.62,8.26
2017/03/14,18.15,18.5,18.15,18.45,319.0,5869.0,1.6529,0.1129,223.0,78.0,0.0,-4.0,74.0,2909.0,37.0,17.0,0.0,17.0,0.0,15.12,0.63,8.13
2017/03/15,18.45,18.45,18.3,18.4,269.0,4946.0,-0.271,0.0952,200.0,23.0,0.0,-16.0,7.0,2930.0,37.0,16.0,0.0,17.0,0.0,15.08,0.63,8.15
2017/03/16,18.4,18.55,18.35,18.5,496.0,9154.0,0.5435,0.1756,258.0,61.0,0.0,0.0,61.0,2929.0,30.0,31.0,0.0,17.0,0.0,15.16,0.64,8.11
2017/03/17,18.5,18.55,18.4,18.45,397.0,7357.0,-0.2703,0.1405,273.0,10.0,0.0,0.0,10.0,2923.0,26.0,32.0,0.0,17.0,0.0,15.12,0.63,8.13
2017/03/20,18.45,18.55,18.4,18.45,311.0,5746.0,0.0,0.1101,245.0,61.0,17.0,0.0,78.0,2930.0,61.0,54.0,0.0,17.0,0.0,15.12,0.63,8.13
2017/03/21,18.55,18.7,18.5,18.55,705.0,13129.0,0.542,0.2495,363.0,67.0,17.0,0.0,84.0,2892.0,34.0,72.0,0.0,17.0,0.0,15.2,0.64,8.09
2017/03/22,18.55,18.7,18.45,18.55,360.0,6691.0,0.0,0.1274,218.0,23.0,0.0,0.0,23.0,2902.0,30.0,20.0,0.0,17.0,0.0,15.2,0.64,8.09
2017/03/23,18.8,18.95,18.7,18.75,788.0,14843.0,1.0782,0.2789,331.0,71.0,0.0,0.0,71.0,2909.0,205.0,198.0,0.0,17.0,0.0,15.37,0.64,8.0
2017/03/24,18.75,18.8,18.5,18.7,495.0,9245.0,-0.2667,0.1752,279.0,-35.0,0.0,-1.0,-36.0,2872.0,40.0,77.0,0.0,18.0,1.0,15.33,0.64,8.02
2017/03/27,18.8,18.85,18.5,18.5,458.0,8570.0,-1.0695,0.1621,304.0,-32.0,-2.0,1.0,-33.0,2827.0,16.0,61.0,0.0,18.0,0.0,15.16,0.64,8.11
2017/03/28,18.55,18.75,18.25,18.35,672.0,12464.0,-0.8108,0.2379,262.0,-40.0,0.0,5.0,-35.0,2766.0,39.0,100.0,0.0,18.0,0.0,15.04,0.63,8.17
2017/03/29,18.35,18.7,18.35,18.6,408.0,7595.0,1.3624,0.1444,214.0,48.0,0.0,0.0,48.0,2925.0,204.0,45.0,0.0,18.0,0.0,13.58,0.63,8.06
2017/03/30,18.65,18.95,18.65,18.9,778.0,14639.0,1.6129,0.2754,418.0,-8.0,0.0,0.0,-8.0,2973.0,164.0,116.0,0.0,18.0,0.0,13.8,0.64,7.94
2017/03/31,18.95,19.1,18.75,18.75,740.0,14026.0,-0.7937,0.262,288.0,15.0,0.0,0.0,15.0,2894.0,31.0,109.0,1.0,17.0,0.0,13.69,0.64,8.0
2017/04/05,19.0,19.3,18.85,19.15,1334.0,25437.0,2.1333,0.4723,602.0,87.0,0.0,1.0,88.0,3466.0,646.0,74.0,0.0,17.0,0.0,13.98,0.65,7.83
2017/04/06,19.3,20.4,19.2,20.0,3706.0,73315.0,4.4386,1.3121,1507.0,36.0,0.0,0.0,36.0,4216.0,1343.0,593.0,0.0,20.0,3.0,14.6,0.68,7.5
2017/04/07,20.5,20.9,20.0,20.0,4799.0,98079.0,0.0,1.699,1895.0,-52.0,0.0,25.0,-27.0,4778.0,1152.0,590.0,0.0,25.0,5.0,14.6,0.68,7.5
2017/04/10,20.15,20.45,20.0,20.3,1294.0,26193.0,1.5,0.4581,730.0,-34.0,0.0,0.0,-34.0,4759.0,256.0,275.0,6.0,19.0,0.0,14.82,0.69,7.39
2017/04/11,20.3,20.45,19.5,19.65,1196.0,23836.0,-3.202,0.4234,619.0,-30.0,0.0,0.0,-30.0,4719.0,352.0,392.0,0.0,19.0,0.0,14.34,0.67,7.63
2017/04/12,19.65,20.0,19.4,19.75,887.0,17512.0,0.5089,0.314,432.0,-16.0,0.0,0.0,-16.0,4867.0,245.0,77.0,0.0,19.0,0.0,14.42,0.67,7.59
2017/04/13,19.8,20.8,19.8,19.9,2010.0,40696.0,0.7595,0.7116,934.0,8.0,0.0,0.0,8.0,4841.0,612.0,638.0,3.0,16.0,1.0,14.53,0.68,7.54
2017/04/14,19.85,19.9,19.3,19.35,982.0,19202.0,-2.7638,0.3477,477.0,-2.0,-1.0,0.0,-3.0,4791.0,150.0,200.0,13.0,3.0,0.0,14.12,0.66,7.75
2017/04/17,19.2,19.4,18.8,19.0,812.0,15530.0,-1.8088,0.2875,489.0,26.0,0.0,0.0,26.0,4671.0,79.0,199.0,3.0,0.0,0.0,13.87,0.65,7.89
2017/04/18,19.1,19.45,19.1,19.3,626.0,12088.0,1.5789,0.2216,313.0,250.0,0.0,-1.0,249.0,4509.0,55.0,217.0,0.0,0.0,0.0,14.09,0.66,7.77
2017/04/19,19.35,19.5,19.15,19.3,378.0,7293.0,0.0,0.1338,216.0,-4.0,0.0,0.0,-4.0,4516.0,49.0,42.0,0.0,0.0,0.0,14.09,0.66,7.77
2017/04/20,19.3,19.85,19.2,19.65,1050.0,20636.0,1.8135,0.3717,504.0,209.0,0.0,0.0,209.0,4441.0,102.0,177.0,0.0,0.0,0.0,14.34,0.67,7.63
2017/04/21,19.9,20.35,19.7,19.7,893.0,17879.0,0.2545,0.3162,441.0,37.0,0.0,0.0,37.0,4454.0,154.0,141.0,0.0,1.0,1.0,14.38,0.67,7.61
2017/04/24,20.15,20.15,19.65,19.9,573.0,11375.0,1.0152,0.2029,343.0,-169.0,0.0,0.0,-169.0,4532.0,173.0,95.0,0.0,1.0,0.0,14.53,0.68,7.54
2017/04/25,20.0,20.05,19.75,19.9,438.0,8705.0,0.0,0.1551,234.0,41.0,0.0,0.0,41.0,4498.0,80.0,114.0,0.0,2.0,1.0,14.53,0.68,7.54
2017/04/26,20.1,20.4,19.8,19.95,1175.0,23516.0,0.2513,0.416,483.0,87.0,0.0,3.0,90.0,4489.0,317.0,326.0,0.0,2.0,0.0,14.56,0.68,7.52
2017/04/27,20.1,20.25,19.9,19.95,768.0,15414.0,0.0,0.2719,298.0,76.0,0.0,1.0,77.0,4461.0,173.0,199.0,0.0,2.0,0.0,14.56,0.68,7.52
2017/04/28,20.1,20.15,19.9,20.05,633.0,12678.0,0.5013,0.2241,320.0,219.0,0.0,0.0,219.0,4382.0,126.0,204.0,0.0,2.0,0.0,14.64,0.68,7.48
2017/05/02,20.05,20.2,19.9,19.95,579.0,11583.0,-0.4988,0.205,243.0,122.0,0.0,0.0,122.0,4299.0,102.0,185.0,0.0,2.0,0.0,14.56,0.68,7.52
2017/05/03,19.95,20.0,19.7,19.7,455.0,9034.0,-1.2531,0.1611,250.0,37.0,0.0,0.0,37.0,4240.0,71.0,130.0,0.0,2.0,0.0,14.38,0.67,7.61
2017/05/04,19.7,20.5,19.7,20.2,1522.0,30821.0,2.5381,0.5388,716.0,266.0,0.0,0.0,266.0,4427.0,305.0,108.0,0.0,3.0,1.0,14.74,0.69,7.43
2017/05/05,20.6,20.9,20.35,20.35,1884.0,38766.0,0.7426,0.667,808.0,-57.0,0.0,0.0,-57.0,4646.0,563.0,344.0,0.0,6.0,3.0,14.85,0.69,7.37
2017/05/08,20.55,20.9,20.55,20.85,2591.0,53763.0,2.457,0.9173,1104.0,36.0,0.0,-25.0,11.0,4711.0,467.0,402.0,0.0,15.0,9.0,15.22,0.71,7.19
2017/05/09,21.0,21.2,20.2,20.6,2770.0,57917.0,-1.199,0.9807,1212.0,124.0,0.0,0.0,124.0,4740.0,435.0,406.0,6.0,9.0,0.0,15.04,0.7,7.28
2017/05/10,20.6,20.9,20.6,20.7,685.0,14228.0,0.4854,0.2425,396.0,92.0,0.0,1.0,93.0,4744.0,101.0,97.0,1.0,11.0,3.0,15.11,0.71,7.25
2017/05/11,20.75,20.75,20.2,20.3,611.0,12493.0,-1.9324,0.2163,379.0,13.0,0.0,0.0,13.0,4702.0,67.0,109.0,5.0,8.0,2.0,14.82,0.69,7.39
2017/05/12,20.3,20.4,19.8,19.95,810.0,16249.0,-1.7241,0.2868,373.0,-46.0,0.0,0.0,-46.0,4675.0,96.0,123.0,2.0,7.0,1.0,14.56,0.68,7.52
2017/05/15,19.7,19.8,19.2,19.3,1155.0,22446.0,-3.2581,0.409,582.0,-7.0,0.0,1.0,-6.0,4610.0,158.0,221.0,0.0,32.0,25.0,12.61,0.66,4.66
2017/05/16,19.3,19.35,18.85,18.95,1055.0,20144.0,-1.8135,0.3736,427.0,58.0,0.0,-4.0,54.0,4713.0,166.0,63.0,9.0,25.0,2.0,12.39,0.65,4.75
2017/05/17,18.95,19.4,18.9,19.35,711.0,13611.0,2.1108,0.2518,328.0,-93.0,0.0,0.0,-93.0,4770.0,143.0,86.0,0.0,27.0,2.0,12.65,0.66,4.65
2017/05/18,18.95,19.35,18.9,19.05,326.0,6250.0,-1.5504,0.1154,162.0,0.0,0.0,-1.0,-1.0,4751.0,32.0,51.0,0.0,27.0,0.0,12.45,0.65,4.72
2017/05/19,19.05,19.3,19.05,19.15,314.0,6035.0,0.5249,0.1112,181.0,30.0,0.0,0.0,30.0,4799.0,77.0,29.0,0.0,27.0,0.0,12.52,0.66,4.7
2017/05/22,19.15,19.35,19.1,19.35,450.0,8644.0,1.0444,0.1593,204.0,97.0,0.0,0.0,97.0,4781.0,68.0,86.0,1.0,26.0,0.0,12.65,0.66,4.65
2017/05/23,19.3,19.35,19.1,19.1,594.0,11424.0,-1.292,0.2103,254.0,127.0,0.0,0.0,127.0,4708.0,68.0,141.0,21.0,5.0,0.0,12.48,0.66,4.71
2017/05/24,19.15,19.25,19.1,19.15,281.0,5399.0,0.2618,0.0995,179.0,-23.0,0.0,0.0,-23.0,4698.0,35.0,45.0,0.0,5.0,0.0,12.52,0.66,4.7
2017/05/25,19.15,19.2,19.0,19.2,369.0,7057.0,0.2611,0.1307,187.0,40.0,0.0,2.0,42.0,4627.0,47.0,74.0,1.0,4.0,0.0,12.55,0.66,4.69
2017/05/26,19.2,19.2,19.0,19.15,304.0,5804.0,-0.2604,0.1076,203.0,54.0,0.0,4.0,58.0,4573.0,15.0,63.0,0.0,4.0,0.0,12.52,0.66,4.7
2017/05/31,19.0,19.15,18.85,19.1,401.0,7614.0,-0.2611,0.142,234.0,0.0,0.0,-3.0,-3.0,4580.0,29.0,22.0,0.0,4.0,0.0,12.48,0.66,4.71
2017/06/01,19.2,20.0,19.2,19.5,1484.0,29148.0,2.0942,0.5255,792.0,-12.0,0.0,-4.0,-16.0,4762.0,305.0,123.0,0.0,4.0,0.0,12.75,0.67,4.62
2017/06/02,19.55,19.65,19.3,19.3,338.0,6572.0,-1.0256,0.1197,233.0,12.0,0.0,1.0,13.0,4722.0,60.0,100.0,0.0,4.0,0.0,12.61,0.66,4.66
2017/06/03,19.3,19.5,19.3,19.4,175.0,3391.0,0.5181,0.062,136.0,0.0,0.0,0.0,0.0,4691.0,9.0,40.0,1.0,3.0,0.0,12.68,0.67,4.64
2017/06/05,19.25,19.5,19.25,19.35,514.0,9965.0,-0.2577,0.182,286.0,139.0,-14.0,0.0,125.0,4737.0,108.0,62.0,0.0,3.0,0.0,12.65,0.66,4.65
2017/06/06,19.4,20.05,19.4,19.65,2648.0,52503.0,1.5504,0.9376,786.0,115.0,-21.0,0.0,94.0,4923.0,1111.0,923.0,2.0,1.0,0.0,12.84,0.68,4.58
2017/06/07,19.7,20.1,19.45,19.7,2025.0,40211.0,0.2545,0.717,499.0,62.0,0.0,0.0,62.0,4696.0,594.0,821.0,1.0,1.0,1.0,12.88,0.68,4.57
2017/06/08,19.75,19.95,19.3,19.5,1074.0,20953.0,-1.0152,0.3803,409.0,-75.0,0.0,0.0,-75.0,4552.0,331.0,475.0,0.0,1.0,0.0,12.75,0.67,4.62
2017/06/09,19.55,19.7,19.35,19.5,412.0,8043.0,0.0,0.1459,216.0,-30.0,0.0,1.0,-29.0,4621.0,211.0,142.0,0.0,2.0,1.0,12.75,0.67,4.62
2017/06/12,19.3,19.5,19.1,19.3,460.0,8882.0,-1.0256,0.1629,205.0,22.0,0.0,6.0,28.0,4705.0,135.0,51.0,0.0,11.0,9.0,12.61,0.66,4.66
2017/06/13,19.65,19.65,19.1,19.2,408.0,7896.0,-0.5181,0.1445,237.0,34.0,0.0,3.0,37.0,4684.0,38.0,59.0,0.0,25.0,15.0,12.55,0.66,4.69
2017/06/14,19.1,19.25,18.85,18.95,624.0,11879.0,-1.3021,0.221,251.0,34.0,0.0,0.0,34.0,4601.0,89.0,172.0,0.0,25.0,0.0,12.39,0.65,4.75
2017/06/15,18.85,19.05,18.85,18.95,224.0,4251.0,0.0,0.0793,129.0,-2.0,0.0,28.0,26.0,4606.0,32.0,27.0,16.0,13.0,4.0,12.39,0.65,4.75
2017/06/16,18.95,19.4,18.85,19.35,456.0,8739.0,2.1108,0.1615,207.0,34.0,0.0,96.0,130.0,4559.0,124.0,171.0,0.0,13.0,0.0,12.65,0.66,4.65
2017/06/19,19.45,19.55,19.25,19.35,209.0,4046.0,0.0,0.074,128.0,-4.0,0.0,2.0,-2.0,4531.0,35.0,56.0,8.0,5.0,0.0,12.65,0.66,4.65
2017/06/20,19.5,19.55,19.2,19.3,239.0,4639.0,-0.2584,0.0846,135.0,-12.0,0.0,47.0,35.0,4402.0,41.0,20.0,0.0,5.0,0.0,12.61,0.66,4.66
2017/06/21,19.3,19.35,19.25,19.35,291.0,5617.0,0.2591,0.103,171.0,70.0,0.0,4.0,74.0,4334.0,13.0,81.0,0.0,5.0,0.0,12.65,0.66,4.65
2017/06/22,19.35,19.45,19.15,19.3,291.0,5619.0,-0.2584,0.103,171.0,65.0,0.0,2.0,67.0,4370.0,58.0,22.0,0.0,5.0,0.0,12.61,0.66,4.66
2017/06/23,19.3,19.3,19.15,19.15,252.0,4850.0,-0.7772,0.0892,136.0,-16.0,0.0,0.0,-16.0,4375.0,17.0,12.0,0.0,5.0,0.0,12.52,0.66,4.7
2017/06/26,19.15,19.25,19.1,19.1,293.0,5631.0,-0.2611,0.1037,175.0,61.0,0.0,15.0,76.0,4371.0,23.0,27.0,0.0,5.0,0.0,12.48,0.66,4.71
2017/06/27,19.1,19.3,19.1,19.2,165.0,3160.0,0.5236,0.0584,112.0,27.0,0.0,1.0,28.0,4374.0,13.0,10.0,0.0,5.0,0.0,12.55,0.66,4.69
2017/06/28,19.2,19.25,19.0,19.15,328.0,6266.0,-0.2604,0.1161,175.0,78.0,0.0,0.0,78.0,4306.0,25.0,57.0,0.0,5.0,0.0,12.52,0.66,4.7
2017/06/29,19.25,19.25,18.95,19.15,350.0,6679.0,0.0,0.1239,169.0,9.0,0.0,2.0,11.0,4214.0,45.0,137.0,0.0,5.0,0.0,12.52,0.66,4.7
2017/06/30,19.1,19.25,18.8,19.05,2174.0,41344.0,-0.5222,0.7698,408.0,35.0,-7.0,-1.0,27.0,3752.0,216.0,678.0,0.0,5.0,0.0,12.45,0.65,4.72
2017/07/03,18.95,19.1,18.9,19.05,169.0,3221.0,0.0,0.0598,107.0,8.0,0.0,0.0,8.0,3720.0,29.0,61.0,0.0,5.0,0.0,12.45,0.65,4.72
2017/07/04,19.05,19.15,19.0,19.05,311.0,5928.0,0.0,0.1101,114.0,24.0,0.0,170.0,194.0,3705.0,20.0,35.0,0.0,5.0,0.0,12.45,0.65,4.72
2017/07/05,19.05,19.15,18.8,18.9,491.0,9288.0,-0.7874,0.1739,200.0,-9.0,0.0,0.0,-9.0,3412.0,11.0,304.0,0.0,5.0,0.0,12.35,0.65,4.76
2017/07/06,18.95,19.05,18.9,19.0,215.0,4095.0,0.5291,0.0761,105.0,12.0,0.0,0.0,12.0,3411.0,11.0,12.0,0.0,5.0,0.0,12.42,0.65,4.74
2017/07/07,18.95,18.95,18.8,18.85,192.0,3633.0,-0.7895,0.068,98.0,10.0,0.0,-4.0,6.0,3420.0,22.0,10.0,0.0,5.0,0.0,12.32,0.65,4.77
2017/07/10,18.85,18.95,18.8,18.8,164.0,3103.0,-0.2653,0.0581,95.0,-7.0,0.0,0.0,-7.0,3422.0,18.0,16.0,0.0,5.0,0.0,12.29,0.65,4.79
2017/07/11,18.85,19.15,18.45,18.6,2724.0,51258.0,-1.0638,0.9645,732.0,-16.0,0.0,5.0,-11.0,2632.0,139.0,926.0,0.0,11.0,6.0,12.16,0.64,4.84
2017/07/12,18.55,18.7,18.55,18.6,348.0,6475.0,0.0,0.1232,181.0,-59.0,0.0,-9.0,-68.0,2498.0,19.0,151.0,1.0,13.0,3.0,12.16,0.64,4.84
2017/07/13,18.6,18.8,18.6,18.75,169.0,3165.0,0.8065,0.0598,117.0,22.0,0.0,-6.0,16.0,2486.0,11.0,22.0,0.0,13.0,0.0,12.25,0.64,4.8
2017/07/14,18.75,18.9,18.7,18.75,274.0,5156.0,0.0,0.097,141.0,-20.0,0.0,-7.0,-27.0,2476.0,6.0,16.0,5.0,8.0,0.0,12.25,0.64,4.8
2017/07/17,18.8,18.85,18.7,18.75,222.0,4182.0,0.0,0.0786,109.0,-19.0,0.0,-2.0,-21.0,2447.0,8.0,37.0,7.0,1.0,0.0,12.25,0.64,4.8
2017/07/18,18.7,18.85,18.7,18.8,179.0,3380.0,0.2667,0.0634,94.0,-13.0,0.0,0.0,-13.0,2433.0,15.0,29.0,0.0,1.0,0.0,12.29,0.65,4.79
2017/07/19,18.8,19.15,18.8,18.8,610.0,11555.0,0.0,0.216,297.0,-163.0,0.0,0.0,-163.0,2428.0,60.0,65.0,0.0,2.0,1.0,12.29,0.65,4.79
2017/07/20,18.85,18.95,18.8,18.85,218.0,4137.0,0.266,0.0772,82.0,139.0,0.0,0.0,139.0,2413.0,2.0,17.0,0.0,2.0,0.0,12.32,0.65,4.77
2017/07/21,18.85,18.95,18.75,18.85,119.0,2257.0,0.0,0.0421,84.0,-10.0,0.0,0.0,-10.0,2409.0,3.0,7.0,0.0,2.0,0.0,12.32,0.65,4.77
2017/07/24,18.85,18.85,18.8,18.8,176.0,3319.0,-0.2653,0.0623,85.0,-15.0,0.0,0.0,-15.0,2410.0,2.0,1.0,0.0,2.0,0.0,12.29,0.65,4.79
2017/07/25,18.85,18.9,18.8,18.85,233.0,4389.0,0.266,0.0825,113.0,32.0,0.0,0.0,32.0,2406.0,10.0,14.0,0.0,2.0,0.0,12.32,0.65,4.77
2017/07/26,18.85,18.95,18.8,18.8,437.0,8241.0,-0.2653,0.1547,209.0,-50.0,0.0,-7.0,-57.0,2397.0,45.0,54.0,0.0,2.0,0.0,12.29,0.65,4.79
2017/07/27,18.85,18.85,18.7,18.7,301.0,5654.0,-0.5319,0.1066,158.0,-10.0,0.0,-51.0,-61.0,2334.0,16.0,79.0,0.0,2.0,0.0,12.22,0.64,4.81
2017/07/28,18.8,19.05,18.75,18.8,671.0,12722.0,0.5348,0.2376,254.0,42.0,0.0,-2.0,40.0,2261.0,11.0,84.0,0.0,2.0,0.0,12.29,0.65,4.79
2017/07/31,18.8,18.95,18.75,18.9,110.0,2079.0,0.5319,0.039,92.0,11.0,0.0,0.0,11.0,2262.0,10.0,9.0,0.0,2.0,0.0,12.35,0.65,4.76
2017/08/01,18.95,18.95,18.7,18.85,426.0,8014.0,-0.2646,0.1508,186.0,-7.0,0.0,0.0,-7.0,2298.0,73.0,37.0,0.0,2.0,0.0,12.32,0.65,4.77
2017/08/02,18.85,19.0,18.85,18.95,543.0,10285.0,0.5305,0.1923,256.0,75.0,0.0,0.0,75.0,2246.0,57.0,109.0,0.0,2.0,0.0,12.39,0.65,4.75
2017/08/03,19.15,19.15,18.9,18.95,356.0,6775.0,0.0,0.1261,181.0,48.0,0.0,0.0,48.0,2224.0,54.0,76.0,0.0,2.0,0.0,12.39,0.65,4.75
2017/08/04,19.0,19.5,18.95,19.4,1462.0,28239.0,2.3747,0.5177,703.0,-48.0,0.0,-2.0,-50.0,2795.0,655.0,84.0,0.0,2.0,0.0,12.68,0.67,4.64
2017/08/07,19.6,20.4,19.55,20.4,4040.0,81149.0,5.1546,1.4305,1598.0,4.0,0.0,-2.0,2.0,3698.0,1224.0,321.0,0.0,2.0,0.0,13.33,0.7,4.41
2017/08/08,20.7,21.0,20.05,20.25,2256.0,46180.0,-0.7353,0.7988,1055.0,-139.0,0.0,0.0,-139.0,3588.0,406.0,516.0,0.0,4.0,2.0,13.24,0.7,4.44
2017/08/09,20.1,20.15,19.6,19.8,1498.0,29634.0,-2.2222,0.5304,635.0,-53.0,0.0,5.0,-48.0,3040.0,151.0,699.0,1.0,53.0,50.0,12.94,0.68,4.55
2017/08/10,19.85,19.85,19.3,19.35,723.0,14103.0,-2.2727,0.256,327.0,0.0,0.0,1.0,1.0,3029.0,90.0,101.0,51.0,2.0,0.0,12.65,0.66,4.65
2017/08/11,19.2,19.6,19.15,19.45,570.0,11057.0,0.5168,0.2019,290.0,3.0,0.0,1.0,4.0,3172.0,223.0,80.0,2.0,1.0,1.0,12.23,0.67,4.63
2017/08/14,19.45,19.5,18.85,18.95,776.0,14834.0,-2.5707,0.2748,345.0,-23.0,0.0,0.0,-23.0,3125.0,61.0,108.0,1.0,1.0,1.0,11.92,0.66,4.75
2017/08/15,19.05,19.3,19.05,19.15,438.0,8412.0,1.0554,0.1551,206.0,0.0,0.0,-2.0,-2.0,3134.0,60.0,51.0,0.0,1.0,0.0,12.04,0.66,4.7
2017/08/16,19.15,19.3,19.1,19.2,390.0,7480.0,0.2611,0.1381,225.0,47.0,0.0,-36.0,11.0,3113.0,44.0,41.0,1.0,0.0,0.0,12.08,0.66,4.69
2017/08/17,19.0,19.3,19.0,19.25,592.0,11370.0,0.2604,0.2097,294.0,-6.0,0.0,-151.0,-157.0,3159.0,139.0,93.0,0.0,0.0,0.0,12.11,0.67,4.68
2017/08/18,19.15,19.2,18.95,19.15,1036.0,19766.0,-0.5195,0.3669,442.0,-96.0,0.0,-77.0,-173.0,2750.0,67.0,476.0,0.0,0.0,0.0,12.04,0.66,4.7
2017/08/21,19.05,19.15,19.05,19.1,732.0,13973.0,-0.2611,0.2592,363.0,-35.0,0.0,-12.0,-47.0,2762.0,72.0,60.0,0.0,0.0,0.0,12.01,0.66,4.71
2017/08/22,18.3,18.75,18.3,18.7,895.0,16531.0,2.6186,0.317,494.0,51.0,0.0,-15.0,36.0,2715.0,90.0,135.0,0.0,10.0,10.0,11.76,0.65,4.81
2017/08/23,18.75,20.3,18.75,20.15,5665.0,111330.0,7.754,2.0062,2459.0,80.0,0.0,-4.0,76.0,3592.0,1225.0,348.0,0.0,16.0,6.0,12.67,0.7,4.47
2017/08/24,22.15,22.15,22.15,22.15,3672.0,81342.0,9.9256,1.3004,1175.0,-93.0,0.0,0.0,-93.0,4461.0,1063.0,194.0,0.0,54.0,38.0,13.93,0.77,4.06
2017/08/25,24.3,24.35,22.4,23.0,16625.0,391553.0,3.8375,5.8876,6475.0,-333.0,0.0,1.0,-332.0,6433.0,4027.0,2055.0,23.0,132.0,101.0,14.47,0.8,3.91
2017/08/28,24.0,25.3,23.6,25.3,12960.0,322192.0,10.0,4.5896,4443.0,-42.0,0.0,49.0,7.0,7936.0,3360.0,1856.0,11.0,371.0,250.0,15.91,0.88,3.56
2017/08/29,26.0,27.4,25.6,26.5,30388.0,800605.0,4.7431,10.7616,12611.0,564.0,0.0,-1.0,563.0,7108.0,2907.0,3735.0,130.0,814.0,573.0,16.67,0.92,3.4
2017/08/30,26.5,27.0,25.45,25.6,12248.0,318846.0,-3.3962,4.3375,5184.0,-11.0,0.0,1.0,-10.0,7478.0,2233.0,1863.0,518.0,704.0,408.0,16.1,0.89,3.52
2017/08/31,25.2,25.2,23.6,24.0,6346.0,153583.0,-6.25,2.2474,3289.0,383.0,0.0,1.0,384.0,8294.0,1730.0,914.0,492.0,237.0,32.0,15.09,0.83,3.75
2017/09/01,24.5,24.6,24.0,24.35,3051.0,74180.0,1.4583,1.0805,1715.0,-172.0,0.0,0.0,-172.0,8528.0,829.0,595.0,44.0,231.0,38.0,15.31,0.84,3.7
2017/09/04,24.05,24.25,23.5,23.5,2448.0,58387.0,-3.4908,0.8669,1296.0,-75.0,0.0,-50.0,-125.0,8430.0,628.0,726.0,61.0,215.0,45.0,14.78,0.81,3.83
2017/09/05,23.5,24.2,23.5,24.0,2538.0,60976.0,2.1277,0.8988,1295.0,21.0,0.0,0.0,21.0,8537.0,712.0,605.0,19.0,226.0,31.0,15.09,0.83,3.75
2017/09/06,24.1,24.95,24.0,24.4,3561.0,87266.0,1.6667,1.2611,1870.0,114.0,0.0,0.0,114.0,8297.0,907.0,1147.0,7.0,236.0,17.0,15.35,0.84,3.69
2017/09/07,24.7,24.9,23.65,23.65,2020.0,48981.0,-3.0738,0.7154,1120.0,95.0,0.0,0.0,95.0,8087.0,393.0,603.0,20.0,225.0,9.0,14.87,0.82,3.81
2017/09/08,24.3,24.45,23.75,24.2,1798.0,43443.0,2.3256,0.6367,976.0,126.0,0.0,0.0,126.0,8174.0,654.0,567.0,6.0,222.0,3.0,15.22,0.84,3.72
2017/09/11,24.5,24.7,23.75,23.95,2281.0,55261.0,-1.0331,0.8078,1189.0,48.0,0.0,0.0,48.0,7942.0,425.0,657.0,8.0,222.0,8.0,15.06,0.83,3.76
2017/09/12,24.05,24.25,23.9,24.15,1315.0,31632.0,0.8351,0.4657,679.0,0.0,0.0,-11.0,-11.0,7845.0,302.0,399.0,6.0,216.0,1.0,15.19,0.84,3.73
2017/09/13,24.2,24.45,23.6,23.65,2235.0,53538.0,-2.0704,0.7915,1194.0,59.0,0.0,0.0,59.0,7502.0,475.0,818.0,24.0,223.0,31.0,14.87,0.82,3.81
2017/09/14,24.0,24.45,23.6,23.7,3020.0,72464.0,0.2114,1.0695,1492.0,182.0,0.0,-2.0,180.0,6946.0,580.0,1126.0,35.0,205.0,17.0,14.91,0.82,3.8
2017/09/15,23.95,24.1,23.75,23.8,1788.0,42759.0,0.4219,0.6332,824.0,361.0,0.0,-5.0,356.0,6925.0,279.0,300.0,3.0,202.0,0.0,14.97,0.82,3.78
2017/09/18,24.15,24.2,23.85,24.0,1886.0,45201.0,0.8403,0.6679,887.0,340.0,0.0,0.0,340.0,6936.0,440.0,429.0,30.0,172.0,0.0,15.09,0.83,3.75
2017/09/19,24.3,25.25,24.0,24.2,6652.0,163524.0,0.8333,2.3557,2970.0,142.0,0.0,-4.0,138.0,7162.0,1411.0,1185.0,7.0,168.0,3.0,15.22,0.84,3.72
2017/09/20,24.7,24.85,23.45,23.55,4539.0,109413.0,-2.686,1.6074,2063.0,143.0,0.0,41.0,184.0,7004.0,673.0,809.0,4.0,199.0,35.0,14.81,0.82,3.82
2017/09/21,23.7,23.9,23.5,23.5,2076.0,49060.0,-0.2123,0.7352,925.0,102.0,0.0,20.0,122.0,6926.0,374.0,452.0,18.0,198.0,18.0,14.78,0.81,3.83
2017/09/22,23.95,24.1,23.45,23.45,2016.0,47794.0,-0.2128,0.7139,994.0,250.0,0.0,-17.0,233.0,6762.0,273.0,437.0,32.0,175.0,9.0,14.75,0.81,3.84
2017/09/25,23.65,23.65,21.8,21.8,3183.0,70536.0,-7.0362,1.1272,1456.0,71.0,0.0,-33.0,38.0,6227.0,421.0,956.0,50.0,155.0,30.0,13.71,0.75,4.13
2017/09/26,21.7,22.2,21.0,21.1,2375.0,51253.0,-3.211,0.8411,1149.0,123.0,0.0,-7.0,116.0,6120.0,228.0,330.0,111.0,112.0,68.0,13.27,0.73,4.27
2017/09/27,21.35,21.95,21.35,21.6,1723.0,37364.0,2.3697,0.6102,904.0,187.0,0.0,-2.0,185.0,6063.0,182.0,236.0,8.0,123.0,19.0,13.58,0.75,4.17
2017/09/28,21.85,21.85,21.45,21.6,1101.0,23829.0,0.0,0.3899,499.0,-1.0,0.0,0.0,-1.0,5938.0,137.0,232.0,29.0,95.0,1.0,13.58,0.75,4.17
2017/09/29,21.6,21.7,21.1,21.2,730.0,15577.0,-1.8519,0.2585,465.0,192.0,0.0,1.0,193.0,5899.0,37.0,76.0,35.0,60.0,0.0,13.33,0.73,4.25
2017/09/30,21.45,21.75,21.35,21.45,587.0,12625.0,1.1792,0.2079,273.0,0.0,0.0,0.0,0.0,6020.0,180.0,59.0,0.0,60.0,0.0,13.49,0.74,4.2
2017/10/02,21.45,22.0,21.45,22.0,1037.0,22631.0,2.5641,0.3672,534.0,389.0,0.0,-4.0,385.0,5962.0,111.0,167.0,6.0,57.0,3.0,13.84,0.76,4.09
2017/10/03,22.2,22.85,22.05,22.85,3380.0,76357.0,3.8636,1.197,1508.0,-346.0,91.0,-1.0,-256.0,6362.0,692.0,292.0,15.0,82.0,40.0,14.37,0.79,3.94
2017/10/05,22.9,23.2,22.5,23.0,1951.0,44620.0,0.6565,0.6909,1024.0,-82.0,64.0,-5.0,-23.0,6303.0,372.0,431.0,3.0,126.0,47.0,14.47,0.8,3.91
2017/10/06,23.0,23.1,22.6,22.65,824.0,18765.0,-1.5217,0.2918,525.0,112.0,0.0,0.0,112.0,6206.0,68.0,165.0,16.0,110.0,0.0,14.25,0.78,3.97
2017/10/11,22.8,23.0,22.6,22.65,880.0,20032.0,0.0,0.3116,476.0,215.0,0.0,7.0,222.0,6145.0,148.0,209.0,34.0,78.0,2.0,14.25,0.78,3.97
2017/10/12,22.7,22.9,22.4,22.5,722.0,16330.0,-0.6623,0.2557,423.0,-84.0,0.0,0.0,-84.0,6009.0,59.0,195.0,37.0,47.0,6.0,14.15,0.78,4.0
2017/10/13,22.5,22.5,22.1,22.25,841.0,18739.0,-1.1111,0.2978,495.0,52.0,0.0,0.0,52.0,6070.0,183.0,122.0,18.0,29.0,1.0,13.99,0.77,4.04
2017/10/16,22.25,22.45,22.05,22.1,712.0,15783.0,-0.6742,0.2521,386.0,80.0,0.0,-1.0,79.0,6111.0,122.0,81.0,1.0,27.0,0.0,13.9,0.76,4.07
2017/10/17,22.15,22.3,21.8,21.8,770.0,17002.0,-1.3575,0.2727,410.0,145.0,0.0,-1.0,144.0,6073.0,69.0,107.0,2.0,25.0,0.0,13.71,0.75,4.13
2017/10/18,21.85,22.1,21.7,22.05,1280.0,28046.0,1.1468,0.4533,476.0,17.0,0.0,4.0,21.0,6098.0,153.0,128.0,7.0,19.0,1.0,13.87,0.76,4.08
2017/10/19,22.05,22.1,21.85,21.9,381.0,8376.0,-0.6803,0.1349,237.0,13.0,0.0,1.0,14.0,6073.0,36.0,61.0,2.0,17.0,0.0,13.77,0.76,4.11
2017/10/20,21.85,21.85,21.45,21.45,889.0,19181.0,-2.0548,0.3148,508.0,-20.0,0.0,0.0,-20.0,6231.0,227.0,69.0,6.0,25.0,14.0,13.49,0.74,4.2
2017/10/23,21.55,21.9,21.4,21.65,900.0,19458.0,0.9324,0.3187,562.0,168.0,0.0,0.0,168.0,6158.0,126.0,199.0,0.0,29.0,4.0,13.62,0.75,4.16
2017/10/24,21.65,22.55,21.5,22.3,1924.0,42540.0,3.0023,0.6814,979.0,276.0,0.0,-2.0,274.0,6168.0,274.0,264.0,13.0,17.0,1.0,14.03,0.77,4.04
2017/10/25,22.6,22.7,22.0,22.05,1486.0,33059.0,-1.1211,0.5263,637.0,16.0,0.0,3.0,19.0,6305.0,230.0,93.0,3.0,14.0,0.0,13.87,0.76,4.08
2017/10/26,22.05,22.05,21.8,21.95,596.0,13061.0,-0.4535,0.2111,306.0,-92.0,0.0,-1.0,-93.0,6232.0,62.0,135.0,0.0,14.0,0.0,13.81,0.76,4.1
2017/10/27,22.05,22.2,21.45,21.45,850.0,18591.0,-2.2779,0.301,458.0,-1.0,0.0,3.0,2.0,6164.0,120.0,188.0,0.0,14.0,0.0,13.49,0.74,4.2
2017/10/30,21.5,21.8,20.75,20.8,1532.0,32185.0,-3.0303,0.5425,687.0,-147.0,0.0,15.0,-132.0,5937.0,156.0,382.0,1.0,19.0,6.0,13.08,0.72,4.33
2017/10/31,20.8,21.2,20.75,21.0,516.0,10854.0,0.9615,0.1827,302.0,59.0,0.0,-2.0,57.0,5893.0,33.0,77.0,9.0,25.0,15.0,13.21,0.73,4.29
2017/11/01,20.8,21.0,20.45,20.55,1266.0,26197.0,-2.1429,0.4483,533.0,13.0,0.0,4.0,17.0,5833.0,256.0,316.0,10.0,20.0,5.0,12.92,0.71,4.38
2017/11/02,20.55,20.7,20.3,20.6,727.0,14912.0,0.2433,0.2575,373.0,198.0,0.0,11.0,209.0,5744.0,52.0,141.0,3.0,17.0,0.0,12.96,0.71,4.37
2017/11/03,20.6,20.95,20.5,20.6,480.0,9947.0,0.0,0.17,264.0,0.0,0.0,3.0,3.0,5750.0,76.0,70.0,3.0,15.0,1.0,12.96,0.71,4.37
2017/11/06,20.6,20.9,20.6,20.75,393.0,8178.0,0.7282,0.1392,260.0,-15.0,0.0,-1.0,-16.0,5740.0,43.0,51.0,5.0,10.0,0.0,13.05,0.72,4.34
2017/11/07,20.8,20.8,20.4,20.5,737.0,15153.0,-1.2048,0.261,382.0,-4.0,0.0,-14.0,-18.0,5765.0,161.0,136.0,1.0,10.0,1.0,12.89,0.71,4.39
2017/11/08,20.8,20.8,20.45,20.6,534.0,10989.0,0.4878,0.1891,262.0,-3.0,27.0,0.0,24.0,5735.0,97.0,127.0,2.0,8.0,0.0,12.96,0.71,4.37
2017/11/09,20.6,21.6,20.45,20.6,3652.0,76541.0,0.0,1.2933,1071.0,-253.0,5.0,-7.0,-255.0,5820.0,250.0,164.0,4.0,4.0,0.0,12.96,0.71,4.37
2017/11/10,20.7,20.7,20.3,20.45,616.0,12629.0,-0.7282,0.2181,311.0,-17.0,5.0,0.0,-12.0,5795.0,61.0,86.0,0.0,4.0,0.0,12.86,0.71,4.4
2017/11/13,20.45,20.45,19.85,19.9,1126.0,22631.0,-2.6895,0.3988,582.0,-68.0,16.0,0.0,-52.0,5655.0,161.0,301.0,0.0,25.0,21.0,15.92,0.67,4.52
2017/11/14,19.95,20.0,19.7,19.85,589.0,11699.0,-0.2513,0.2086,325.0,-59.0,0.0,0.0,-59.0,5584.0,62.0,133.0,0.0,27.0,2.0,15.88,0.67,4.53
2017/11/15,19.8,19.9,19.6,19.75,571.0,11289.0,-0.5038,0.2022,310.0,25.0,0.0,0.0,25.0,5558.0,116.0,142.0,21.0,6.0,0.0,15.8,0.67,4.56
2017/11/16,19.6,19.85,19.6,19.65,444.0,8759.0,-0.5063,0.1572,270.0,-31.0,0.0,-9.0,-40.0,5620.0,105.0,43.0,0.0,6.0,0.0,15.72,0.66,4.58
2017/11/17,19.8,20.05,19.65,19.75,602.0,11950.0,0.5089,0.2132,344.0,-5.0,0.0,-1.0,-6.0,5610.0,77.0,87.0,0.0,6.0,0.0,15.8,0.67,4.56
2017/11/20,19.6,19.75,19.4,19.45,666.0,13003.0,-1.519,0.2359,350.0,-36.0,0.0,0.0,-36.0,5635.0,117.0,89.0,0.0,7.0,1.0,15.56,0.66,4.63
2017/11/21,19.55,19.95,19.55,19.9,515.0,10166.0,2.3136,0.1824,305.0,10.0,0.0,-3.0,7.0,5598.0,29.0,66.0,0.0,8.0,1.0,15.92,0.67,4.52
2017/11/22,19.9,20.15,19.8,19.95,608.0,12165.0,0.2513,0.2153,309.0,-91.0,0.0,-2.0,-93.0,5575.0,15.0,38.0,1.0,7.0,0.0,15.96,0.67,4.51
2017/11/23,19.95,20.1,19.8,20.0,351.0,7022.0,0.2506,0.1243,202.0,-23.0,0.0,0.0,-23.0,5564.0,17.0,28.0,1.0,6.0,0.0,16.0,0.68,4.5
2017/11/24,19.65,19.95,19.65,19.85,290.0,5766.0,-0.75,0.1027,178.0,0.0,0.0,-4.0,-4.0,5547.0,11.0,28.0,0.0,6.0,0.0,15.88,0.67,4.53
2017/11/27,19.9,20.0,19.7,19.8,312.0,6182.0,-0.2519,0.1105,159.0,-17.0,0.0,1.0,-16.0,5559.0,36.0,24.0,0.0,6.0,0.0,15.84,0.67,4.55
2017/11/28,19.75,19.85,19.6,19.6,357.0,7049.0,-1.0101,0.1264,207.0,3.0,0.0,0.0,3.0,5596.0,80.0,43.0,0.0,6.0,0.0,15.68,0.66,4.59
2017/11/29,19.7,20.35,19.7,20.05,981.0,19777.0,2.2959,0.3474,552.0,89.0,0.0,-3.0,86.0,5613.0,183.0,166.0,0.0,10.0,4.0,16.04,0.68,4.49
2017/11/30,20.15,21.0,19.9,20.6,1620.0,33331.0,2.7431,0.5737,838.0,113.0,0.0,3.0,116.0,5616.0,262.0,259.0,3.0,9.0,2.0,16.48,0.7,4.37
2017/12/01,20.6,20.6,19.9,20.1,765.0,15476.0,-2.4272,0.2709,489.0,-193.0,0.0,0.0,-193.0,5642.0,124.0,98.0,4.0,5.0,0.0,16.08,0.68,4.48
2017/12/04,20.1,20.7,19.85,20.6,711.0,14515.0,2.4876,0.2518,498.0,34.0,0.0,4.0,38.0,5582.0,38.0,98.0,0.0,6.0,1.0,16.48,0.7,4.37
2017/12/05,20.5,20.6,20.15,20.3,786.0,16011.0,-1.4563,0.2784,503.0,-60.0,-208.0,0.0,-268.0,5595.0,59.0,46.0,0.0,8.0,2.0,16.24,0.69,4.43
2017/12/06,20.1,20.15,19.8,19.8,704.0,14063.0,-2.4631,0.2493,366.0,-33.0,0.0,2.0,-31.0,5571.0,60.0,84.0,2.0,22.0,16.0,15.84,0.67,4.55
2017/12/07,20.0,20.05,19.65,19.75,387.0,7651.0,-0.2525,0.1371,223.0,-25.0,0.0,0.0,-25.0,5539.0,38.0,66.0,0.0,22.0,0.0,15.8,0.67,4.56
2017/12/08,19.75,19.85,19.45,19.5,736.0,14418.0,-1.2658,0.2607,352.0,-48.0,0.0,1.0,-47.0,5438.0,60.0,121.0,1.0,21.0,0.0,15.6,0.66,4.62
2017/12/11,19.3,19.8,19.3,19.8,601.0,11737.0,1.5385,0.2128,368.0,27.0,0.0,1.0,28.0,5348.0,22.0,107.0,1.0,21.0,1.0,15.84,0.67,4.55
2017/12/12,19.95,20.85,19.95,20.2,2787.0,56773.0,2.0202,0.987,1376.0,-19.0,0.0,0.0,-19.0,5656.0,608.0,300.0,15.0,10.0,4.0,16.16,0.68,4.46
2017/12/13,20.0,20.2,20.0,20.15,513.0,10303.0,-0.2475,0.1817,319.0,-168.0,0.0,-2.0,-170.0,5719.0,119.0,56.0,5.0,6.0,1.0,16.12,0.68,4.47
2017/12/14,20.0,20.2,19.85,19.9,644.0,12857.0,-1.2407,0.2281,332.0,-61.0,0.0,2.0,-59.0,5712.0,102.0,109.0,1.0,5.0,0.0,15.92,0.67,4.52
2017/12/15,20.3,20.95,20.25,20.55,3173.0,65508.0,3.2663,1.1237,1508.0,-51.0,0.0,0.0,-51.0,6215.0,796.0,293.0,0.0,12.0,8.0,16.44,0.69,4.38
2017/12/18,20.65,21.5,20.65,21.2,2867.0,60717.0,3.163,1.0154,1461.0,-44.0,0.0,-1.0,-45.0,6398.0,554.0,371.0,1.0,19.0,8.0,16.96,0.72,4.25
2017/12/19,21.0,21.2,20.5,20.55,1251.0,25958.0,-3.066,0.443,726.0,-143.0,0.0,0.0,-143.0,6424.0,167.0,141.0,6.0,17.0,4.0,16.44,0.69,4.38
2017/12/20,20.55,20.7,20.4,20.55,722.0,14838.0,0.0,0.2557,346.0,-27.0,0.0,2.0,-25.0,6336.0,55.0,85.0,0.0,17.0,0.0,16.44,0.69,4.38
2017/12/21,20.55,20.65,20.15,20.2,862.0,17554.0,-1.7032,0.3053,500.0,-96.0,0.0,1.0,-95.0,6201.0,50.0,180.0,6.0,31.0,20.0,16.16,0.68,4.46
2017/12/22,20.25,20.4,20.1,20.15,617.0,12486.0,-0.2475,0.2185,338.0,-46.0,0.0,0.0,-46.0,6243.0,103.0,61.0,22.0,8.0,0.0,16.12,0.68,4.47
2017/12/25,20.15,20.35,20.0,20.15,609.0,12305.0,0.0,0.2157,332.0,-21.0,0.0,0.0,-21.0,6256.0,87.0,74.0,0.0,8.0,0.0,16.12,0.68,4.47
2017/12/26,20.15,20.3,19.95,19.95,725.0,14572.0,-0.9926,0.2568,336.0,-183.0,0.0,0.0,-183.0,6248.0,97.0,75.0,0.0,8.0,0.0,15.96,0.67,4.51
2017/12/27,20.0,20.4,19.7,20.05,817.0,16338.0,0.5013,0.2893,404.0,-50.0,0.0,0.0,-50.0,6083.0,94.0,259.0,0.0,8.0,0.0,16.04,0.68,4.49
2017/12/28,20.0,20.2,19.95,20.1,469.0,9430.0,0.2494,0.1661,239.0,26.0,1.0,0.0,27.0,6098.0,76.0,61.0,0.0,52.0,44.0,16.08,0.68,4.48
2017/12/29,20.05,20.05,19.8,19.9,1058.0,21070.0,-0.995,0.3747,492.0,-67.0,0.0,0.0,-67.0,5960.0,66.0,204.0,44.0,8.0,0.0,15.92,0.67,4.52
2018/01/02,19.95,20.15,19.85,19.9,451.0,9003.0,0.0,0.1597,241.0,-6.0,0.0,0.0,-6.0,5962.0,24.0,22.0,0.0,14.0,6.0,15.92,0.67,4.52
2018/01/03,20.05,20.1,19.95,20.0,379.0,7614.0,0.5025,0.1342,218.0,53.0,0.0,0.0,53.0,5945.0,24.0,41.0,5.0,9.0,0.0,16.0,0.68,4.5
2018/01/04,20.2,22.0,20.1,21.7,8811.0,189495.0,8.5,3.1204,3604.0,655.0,0.0,-1.0,654.0,6886.0,1478.0,537.0,1.0,72.0,64.0,17.36,0.73,4.15
2018/01/05,21.5,21.55,21.1,21.25,3278.0,70047.0,-2.0737,1.1609,1534.0,-797.0,0.0,5.0,-792.0,6903.0,522.0,505.0,41.0,46.0,15.0,17.0,0.72,4.24
2018/01/08,21.2,21.25,20.7,20.75,2226.0,46594.0,-2.3529,0.7883,966.0,-511.0,0.0,0.0,-511.0,7080.0,538.0,361.0,23.0,25.0,2.0,16.6,0.7,4.34
2018/01/09,22.4,22.55,21.55,22.0,7331.0,161736.0,6.0241,2.5963,3496.0,-453.0,0.0,-2.0,-455.0,7283.0,1615.0,1412.0,7.0,145.0,127.0,17.6,0.74,4.09
2018/01/10,21.7,21.8,21.35,21.45,1753.0,37732.0,-2.5,0.6208,928.0,-161.0,0.0,5.0,-156.0,7142.0,353.0,494.0,109.0,36.0,0.0,17.16,0.72,4.2
2018/01/11,21.6,21.6,21.1,21.25,991.0,21109.0,-0.9324,0.351,655.0,154.0,0.0,1.0,155.0,7216.0,202.0,108.0,32.0,19.0,15.0,17.0,0.72,4.24
2018/01/12,21.2,21.7,21.2,21.3,1357.0,29061.0,0.2353,0.4806,856.0,-357.0,0.0,0.0,-357.0,7402.0,374.0,188.0,0.0,19.0,0.0,17.04,0.72,4.23
2018/01/15,21.5,21.5,20.9,20.9,1126.0,23685.0,-1.8779,0.3988,581.0,-25.0,0.0,1.0,-24.0,7320.0,252.0,333.0,16.0,3.0,0.0,16.72,0.71,4.31
2018/01/16,20.85,21.25,20.75,21.0,829.0,17399.0,0.4785,0.2936,534.0,123.0,0.0,-5.0,118.0,7329.0,187.0,178.0,0.0,5.0,2.0,16.8,0.71,4.29
2018/01/17,21.0,21.1,20.75,21.1,712.0,14914.0,0.4762,0.2522,428.0,92.0,0.0,1.0,93.0,7306.0,87.0,110.0,2.0,3.0,0.0,16.88,0.71,4.27
2018/01/18,21.1,21.3,20.85,20.85,922.0,19364.0,-1.1848,0.3265,526.0,8.0,0.0,0.0,8.0,7202.0,95.0,199.0,0.0,3.0,0.0,16.68,0.7,4.32
2018/01/19,20.9,20.9,20.75,20.75,683.0,14201.0,-0.4796,0.2419,379.0,36.0,0.0,0.0,36.0,7196.0,91.0,94.0,0.0,3.0,0.0,16.6,0.7,4.34
2018/01/22,20.75,21.25,20.65,21.0,884.0,18481.0,1.2048,0.3131,506.0,-48.0,0.0,-2.0,-50.0,7165.0,96.0,127.0,0.0,3.0,0.0,16.8,0.71,4.29
2018/01/23,21.0,21.0,20.7,20.7,536.0,11153.0,-1.4286,0.1898,345.0,-63.0,0.0,0.0,-63.0,7215.0,114.0,64.0,0.0,3.0,0.0,16.56,0.7,4.35
2018/01/24,20.7,21.55,20.65,21.25,2451.0,52036.0,2.657,0.868,1195.0,-4.0,0.0,0.0,-4.0,7378.0,415.0,252.0,0.0,19.0,16.0,17.0,0.72,4.24
2018/01/25,21.45,21.45,20.9,21.1,946.0,20033.0,-0.7059,0.335,469.0,-47.0,0.0,-1.0,-48.0,7318.0,125.0,185.0,13.0,6.0,0.0,16.88,0.71,4.27
2018/01/26,21.0,21.75,21.0,21.3,3563.0,76562.0,0.9479,1.2618,1575.0,-155.0,0.0,0.0,-155.0,7311.0,415.0,422.0,0.0,7.0,1.0,17.04,0.72,4.23
2018/01/29,21.4,21.9,21.3,21.85,2948.0,64017.0,2.5822,1.044,1255.0,-3.0,0.0,-4.0,-7.0,7985.0,1090.0,416.0,0.0,14.0,7.0,17.48,0.74,4.12
2018/01/30,23.0,23.55,22.55,22.8,14276.0,329381.0,4.3478,5.0559,5865.0,-252.0,0.0,0.0,-252.0,7417.0,1737.0,2305.0,1.0,233.0,222.0,18.24,0.77,3.95
2018/01/31,22.5,22.65,22.05,22.3,2635.0,59027.0,-2.193,0.9332,1214.0,-1.0,0.0,0.0,-1.0,7263.0,343.0,497.0,142.0,118.0,27.0,17.84,0.75,4.04
2018/02/01,22.25,22.7,22.2,22.2,1666.0,37322.0,-0.4484,0.59,913.0,-20.0,0.0,0.0,-20.0,7272.0,298.0,289.0,36.0,92.0,10.0,17.76,0.75,4.05
2018/02/02,22.1,22.3,21.85,21.85,1305.0,28684.0,-1.5766,0.4622,680.0,44.0,0.0,0.0,44.0,7151.0,173.0,294.0,31.0,60.0,0.0,17.48,0.74,4.12
2018/02/05,20.9,21.5,20.9,21.25,1268.0,26898.0,-2.746,0.4491,573.0,70.0,0.0,9.0,79.0,7145.0,245.0,247.0,19.0,45.0,4.0,17.0,0.72,4.24
2018/02/06,20.7,20.85,19.3,19.7,2737.0,54969.0,-7.2941,0.9693,1256.0,-33.0,0.0,-4.0,-37.0,6713.0,215.0,645.0,17.0,31.0,3.0,15.76,0.67,4.57
2018/02/07,20.15,20.6,19.85,19.9,1418.0,28577.0,1.0152,0.5022,645.0,57.0,0.0,-4.0,53.0,6652.0,199.0,260.0,2.0,46.0,17.0,15.92,0.67,4.52
2018/02/08,20.0,20.0,19.45,19.7,1233.0,24218.0,-1.005,0.4367,590.0,-52.0,0.0,0.0,-52.0,6390.0,60.0,322.0,5.0,91.0,50.0,15.76,0.67,4.57
2018/02/09,19.0,19.35,18.9,19.25,1274.0,24315.0,-2.2843,0.4512,553.0,12.0,0.0,-1.0,11.0,6335.0,117.0,172.0,39.0,68.0,16.0,15.4,0.65,4.68
2018/02/12,19.3,19.55,19.1,19.2,661.0,12734.0,-0.2597,0.2341,331.0,-163.0,0.0,-1.0,-164.0,6202.0,43.0,154.0,26.0,62.0,20.0,15.36,0.65,4.69
2018/02/21,19.4,19.9,19.25,19.8,825.0,16160.0,3.125,0.2922,503.0,50.0,0.0,-2.0,48.0,6236.0,119.0,85.0,31.0,36.0,5.0,15.84,0.67,4.55
2018/02/22,19.8,19.8,19.6,19.6,515.0,10136.0,-1.0101,0.1824,290.0,15.0,0.0,0.0,15.0,6285.0,76.0,27.0,0.0,43.0,7.0,15.68,0.66,4.59
2018/02/23,19.65,19.95,19.65,19.85,568.0,11297.0,1.2755,0.2012,340.0,35.0,0.0,0.0,35.0,6214.0,69.0,125.0,1.0,42.0,0.0,15.88,0.67,4.53
2018/02/26,20.1,20.3,19.9,19.95,547.0,10965.0,0.5038,0.1937,292.0,-6.0,0.0,-1.0,-7.0,6234.0,67.0,47.0,0.0,42.0,1.0,15.96,0.67,4.51
2018/02/27,20.3,20.95,20.3,20.4,3406.0,70142.0,2.2556,1.2062,1631.0,-12.0,0.0,-12.0,-24.0,6331.0,539.0,242.0,6.0,36.0,0.0,16.32,0.69,4.41
2018/03/01,20.05,20.4,20.05,20.2,922.0,18670.0,-0.9804,0.3265,521.0,-33.0,0.0,-5.0,-38.0,6275.0,64.0,120.0,0.0,36.0,0.0,16.16,0.68,4.46
2018/03/02,20.05,20.1,19.85,20.0,773.0,15416.0,-0.9901,0.2738,357.0,-55.0,0.0,0.0,-55.0,6150.0,84.0,208.0,0.0,40.0,4.0,16.0,0.68,4.5
2018/03/05,19.9,20.0,19.55,19.55,758.0,14984.0,-2.25,0.2684,468.0,-57.0,0.0,1.0,-56.0,6188.0,114.0,76.0,0.0,40.0,0.0,15.64,0.66,4.6
2018/03/06,19.55,19.7,19.55,19.65,531.0,10421.0,0.5115,0.1881,280.0,-1.0,0.0,0.0,-1.0,6190.0,97.0,95.0,8.0,32.0,0.0,15.72,0.66,4.58
2018/03/07,19.6,19.75,19.55,19.65,508.0,9980.0,0.0,0.1799,293.0,-1.0,0.0,6.0,5.0,6262.0,168.0,96.0,0.0,32.0,0.0,15.72,0.66,4.58
2018/03/08,19.65,19.85,19.65,19.7,466.0,9205.0,0.2545,0.165,285.0,-2.0,0.0,0.0,-2.0,6219.0,58.0,90.0,1.0,31.0,0.0,15.76,0.67,4.57
2018/03/09,19.7,19.8,19.55,19.65,883.0,17374.0,-0.2538,0.3127,409.0,64.0,0.0,1.0,65.0,6271.0,81.0,29.0,0.0,31.0,0.0,15.72,0.66,4.58
2018/03/12,19.8,20.3,19.55,20.15,1145.0,22844.0,2.5445,0.4055,541.0,-39.0,0.0,5.0,-34.0,6626.0,561.0,206.0,0.0,31.0,0.0,16.12,0.68,4.47
2018/03/13,20.8,21.3,20.55,20.7,6129.0,127898.0,2.7295,2.1706,2800.0,-199.0,0.0,-5.0,-204.0,6256.0,794.0,1164.0,4.0,112.0,85.0,16.56,0.7,4.35
2018/03/14,20.5,20.55,20.2,20.3,936.0,19053.0,-1.9324,0.3315,501.0,-7.0,0.0,0.0,-7.0,6151.0,89.0,194.0,77.0,46.0,11.0,16.24,0.69,4.43
2018/03/15,20.25,21.1,20.25,20.9,3044.0,63366.0,2.9557,1.078,1454.0,-2.0,0.0,4.0,2.0,6155.0,296.0,292.0,3.0,84.0,41.0,16.72,0.71,4.31
2018/03/16,20.7,20.9,20.4,20.4,910.0,18690.0,-2.3923,0.3223,491.0,-157.0,0.0,0.0,-157.0,6092.0,67.0,130.0,46.0,38.0,0.0,16.32,0.69,4.41
2018/03/19,20.55,20.6,20.25,20.3,729.0,14818.0,-0.4902,0.2582,449.0,4.0,0.0,7.0,11.0,6137.0,101.0,51.0,0.0,38.0,0.0,16.24,0.69,4.43
2018/03/20,20.3,20.35,19.95,20.0,989.0,19855.0,-1.4778,0.3503,668.0,-28.0,0.0,2.0,-26.0,6197.0,103.0,43.0,11.0,27.0,0.0,16.0,0.68,4.5
2018/03/21,20.3,20.3,20.0,20.1,427.0,8586.0,0.5,0.1512,266.0,-65.0,0.0,0.0,-65.0,6223.0,60.0,34.0,0.0,27.0,0.0,26.1,0.67,3.98
2018/03/22,20.1,20.15,19.75,19.8,1214.0,24164.0,-1.4925,0.4299,775.0,-296.0,0.0,2.0,-294.0,6246.0,150.0,126.0,0.0,27.0,0.0,25.71,0.66,4.04
2018/03/23,19.3,19.5,19.25,19.3,1223.0,23693.0,-2.5253,0.4331,678.0,-416.0,0.0,13.0,-403.0,6179.0,59.0,126.0,0.0,30.0,3.0,25.06,0.64,4.15
2018/03/26,19.25,19.4,19.15,19.3,808.0,15598.0,0.0,0.2862,538.0,-211.0,0.0,2.0,-209.0,6181.0,74.0,72.0,13.0,26.0,9.0,25.06,0.64,4.15
2018/03/27,19.4,19.55,19.35,19.4,842.0,16372.0,0.5181,0.2982,479.0,-341.0,0.0,0.0,-341.0,6218.0,100.0,63.0,14.0,14.0,2.0,25.19,0.64,4.12
2018/03/28,19.35,19.45,19.3,19.35,697.0,13510.0,-0.2577,0.2468,364.0,-348.0,0.0,0.0,-348.0,6236.0,46.0,28.0,1.0,13.0,0.0,25.13,0.64,4.13
2018/03/29,19.35,19.55,19.35,19.4,399.0,7753.0,0.2584,0.1413,262.0,-149.0,0.0,0.0,-149.0,6244.0,38.0,25.0,2.0,12.0,1.0,25.19,0.64,4.12
2018/03/30,19.45,19.85,19.45,19.55,649.0,12764.0,0.7732,0.2298,285.0,-58.0,0.0,0.0,-58.0,6228.0,77.0,93.0,3.0,9.0,0.0,25.39,0.65,4.09
2018/03/31,19.55,19.6,19.45,19.45,323.0,6320.0,-0.5115,0.1144,184.0,0.0,0.0,0.0,0.0,6185.0,11.0,54.0,6.0,3.0,0.0,25.26,0.64,4.11
2018/04/02,19.4,19.5,19.2,19.2,520.0,10064.0,-1.2853,0.1842,294.0,-26.0,0.0,1.0,-25.0,6187.0,29.0,27.0,3.0,0.0,0.0,24.94,0.64,4.17
2018/04/03,19.1,19.2,19.0,19.05,740.0,14141.0,-0.7812,0.2621,388.0,-81.0,0.0,-1.0,-82.0,6083.0,13.0,116.0,0.0,0.0,0.0,24.74,0.63,4.2
2018/04/09,19.05,19.15,18.95,18.95,533.0,10153.0,-0.5249,0.1888,345.0,-226.0,0.0,0.0,-226.0,6078.0,44.0,49.0,0.0,0.0,0.0,24.61,0.63,4.22
2018/04/10,18.95,18.95,18.65,18.65,1039.0,19483.0,-1.5831,0.368,521.0,-79.0,0.0,1.0,-78.0,6146.0,172.0,104.0,0.0,0.0,0.0,24.22,0.62,4.29
2018/04/11,18.7,18.9,18.7,18.75,317.0,5957.0,0.5362,0.1123,217.0,-22.0,0.0,0.0,-22.0,6153.0,38.0,31.0,0.0,4.0,4.0,24.35,0.62,4.27
2018/04/12,18.6,19.2,18.6,18.9,1159.0,21990.0,0.8,0.4105,516.0,-165.0,0.0,-1.0,-166.0,6321.0,249.0,81.0,0.0,22.0,18.0,24.55,0.63,4.23
2018/04/13,19.05,19.05,18.7,18.7,786.0,14775.0,-1.0582,0.2784,334.0,-196.0,0.0,0.0,-196.0,6290.0,106.0,137.0,0.0,27.0,5.0,24.29,0.62,4.28
2018/04/16,18.7,18.8,18.45,18.5,560.0,10440.0,-1.0695,0.1983,327.0,-140.0,0.0,0.0,-140.0,6308.0,84.0,66.0,0.0,29.0,2.0,24.03,0.61,4.32
2018/04/17,18.5,18.5,18.25,18.25,565.0,10363.0,-1.3514,0.2001,378.0,-89.0,0.0,0.0,-89.0,6264.0,31.0,75.0,0.0,32.0,3.0,23.7,0.61,4.38
2018/04/18,18.35,18.65,18.2,18.2,559.0,10249.0,-0.274,0.198,304.0,4.0,0.0,-1.0,3.0,6222.0,75.0,117.0,3.0,33.0,4.0,23.64,0.6,4.4
2018/04/19,18.2,18.35,18.2,18.3,380.0,6934.0,0.5495,0.1346,232.0,1.0,0.0,3.0,4.0,6235.0,34.0,21.0,0.0,35.0,2.0,23.77,0.61,4.37
2018/04/20,18.3,18.3,18.15,18.2,402.0,7328.0,-0.5464,0.1424,181.0,53.0,0.0,1.0,54.0,6103.0,15.0,147.0,0.0,36.0,1.0,23.64,0.6,4.4
2018/04/23,18.05,18.25,17.95,18.05,608.0,10995.0,-0.8242,0.2153,278.0,-174.0,0.0,-15.0,-189.0,6122.0,64.0,45.0,0.0,49.0,13.0,23.44,0.6,4.43
2018/04/24,18.0,18.0,17.6,17.6,689.0,12224.0,-2.4931,0.244,293.0,-137.0,0.0,0.0,-137.0,6016.0,44.0,150.0,4.0,47.0,2.0,22.86,0.58,4.55
2018/04/25,17.55,17.75,17.5,17.6,468.0,8238.0,0.0,0.1657,258.0,-11.0,0.0,3.0,-8.0,5946.0,31.0,99.0,1.0,57.0,11.0,22.86,0.58,4.55
2018/04/26,17.65,17.8,17.25,17.3,633.0,11108.0,-1.7045,0.2242,267.0,-134.0,0.0,0.0,-134.0,5882.0,35.0,99.0,2.0,63.0,8.0,22.47,0.57,4.62
2018/04/27,17.4,17.5,17.2,17.3,541.0,9373.0,0.0,0.1916,246.0,-195.0,0.0,-1.0,-196.0,5822.0,64.0,114.0,15.0,48.0,0.0,22.47,0.57,4.62
2018/04/30,17.3,17.55,17.3,17.35,292.0,5080.0,0.289,0.1034,152.0,37.0,0.0,-1.0,36.0,5760.0,16.0,78.0,28.0,32.0,12.0,22.53,0.58,4.61
2018/05/02,17.35,17.55,17.2,17.3,394.0,6848.0,-0.2882,0.1395,242.0,-31.0,0.0,0.0,-31.0,5708.0,42.0,94.0,0.0,32.0,0.0,22.47,0.57,4.62
2018/05/03,17.3,17.45,17.3,17.4,330.0,5742.0,0.578,0.1169,183.0,-61.0,0.0,0.0,-61.0,5643.0,11.0,76.0,15.0,19.0,2.0,22.6,0.58,4.6
2018/05/04,17.3,17.45,17.25,17.4,427.0,7415.0,0.0,0.1512,276.0,-164.0,0.0,0.0,-164.0,5521.0,52.0,40.0,0.0,23.0,4.0,22.6,0.58,4.6
2018/05/07,17.6,17.6,17.3,17.4,501.0,8720.0,0.0,0.1774,308.0,-102.0,0.0,-1.0,-103.0,5546.0,72.0,47.0,0.0,28.0,5.0,22.6,0.58,4.6
2018/05/08,17.3,17.45,17.25,17.3,547.0,9508.0,-0.5747,0.1937,319.0,-152.0,0.0,-1.0,-153.0,5549.0,31.0,28.0,0.0,30.0,2.0,22.47,0.57,4.62
2018/05/09,17.3,18.3,17.3,17.6,3230.0,57933.0,1.7341,1.1439,1577.0,-498.0,0.0,1.0,-497.0,5593.0,257.0,213.0,14.0,16.0,0.0,22.86,0.58,4.55
2018/05/10,17.45,17.6,17.35,17.4,912.0,15910.0,-1.1364,0.323,471.0,-72.0,0.0,0.0,-72.0,5642.0,89.0,40.0,0.0,17.0,1.0,64.44,0.6,4.6
2018/05/11,17.4,17.4,17.15,17.15,825.0,14254.0,-1.4368,0.2922,538.0,-160.0,0.0,-6.0,-166.0,5606.0,61.0,97.0,0.0,27.0,11.0,63.52,0.59,4.66
2018/05/14,17.15,17.15,16.5,16.65,1478.0,24683.0,-2.9155,0.5234,765.0,-327.0,0.0,0.0,-327.0,5488.0,99.0,217.0,0.0,41.0,14.0,61.67,0.58,4.8
2018/05/15,16.55,16.55,16.2,16.25,1282.0,20933.0,-2.4024,0.454,638.0,-208.0,0.0,0.0,-208.0,5479.0,176.0,173.0,5.0,63.0,27.0,60.19,0.56,4.92
2018/05/16,16.2,16.2,16.05,16.1,854.0,13768.0,-0.9231,0.3024,506.0,-176.0,0.0,-30.0,-206.0,5504.0,102.0,77.0,9.0,66.0,12.0,59.63,0.56,4.97
2018/05/17,16.1,16.4,16.1,16.2,795.0,12948.0,0.6211,0.2816,537.0,-127.0,0.0,-15.0,-142.0,5630.0,167.0,36.0,23.0,45.0,2.0,60.0,0.56,4.94
2018/05/18,16.35,16.4,16.25,16.3,781.0,12746.0,0.6173,0.2766,417.0,-65.0,0.0,0.0,-65.0,5588.0,37.0,79.0,7.0,39.0,1.0,60.37,0.56,4.91
2018/05/21,16.3,16.45,16.2,16.4,708.0,11570.0,0.6135,0.2507,444.0,-90.0,0.0,0.0,-90.0,5566.0,45.0,67.0,10.0,29.0,0.0,60.74,0.57,4.88
2018/05/22,16.4,16.5,16.2,16.25,519.0,8461.0,-0.9146,0.1838,276.0,-157.0,0.0,3.0,-154.0,5583.0,149.0,22.0,0.0,29.0,0.0,60.19,0.56,4.92
2018/05/23,16.25,16.3,16.15,16.15,546.0,8858.0,-0.6154,0.1934,275.0,-213.0,0.0,-1.0,-214.0,5625.0,62.0,19.0,20.0,12.0,3.0,59.81,0.56,4.95
2018/05/24,16.2,16.35,16.1,16.3,485.0,7891.0,0.9288,0.1718,297.0,-177.0,0.0,0.0,-177.0,5645.0,50.0,30.0,7.0,5.0,0.0,60.37,0.56,4.91
2018/05/25,16.3,17.0,16.2,16.45,2632.0,43824.0,0.9202,0.9321,1020.0,-558.0,0.0,0.0,-558.0,5935.0,451.0,152.0,0.0,5.0,0.0,60.93,0.57,4.86
2018/05/28,16.4,16.55,16.35,16.55,426.0,7023.0,0.6079,0.1509,251.0,-12.0,0.0,0.0,-12.0,5862.0,13.0,86.0,0.0,6.0,1.0,61.3,0.57,4.83
2018/05/29,16.55,16.65,16.4,16.4,538.0,8867.0,-0.9063,0.1905,289.0,-43.0,0.0,0.0,-43.0,5752.0,78.0,88.0,0.0,6.0,0.0,60.74,0.57,4.88
2018/05/30,16.3,16.3,16.1,16.15,894.0,14467.0,-1.5244,0.3166,458.0,-373.0,0.0,-4.0,-377.0,5660.0,99.0,191.0,0.0,22.0,16.0,59.81,0.56,4.95
2018/05/31,16.2,16.45,16.2,16.25,616.0,10068.0,0.6192,0.2182,377.0,18.0,0.0,-4.0,14.0,5639.0,30.0,51.0,0.0,23.0,1.0,60.19,0.56,4.92
2018/06/01,16.25,16.35,16.15,16.35,773.0,12573.0,0.6154,0.2738,431.0,-206.0,0.0,0.0,-206.0,5683.0,79.0,35.0,1.0,23.0,1.0,60.56,0.56,4.89
2018/06/04,16.4,16.8,16.4,16.55,2247.0,37348.0,1.2232,0.7958,736.0,-448.0,0.0,0.0,-448.0,5831.0,227.0,79.0,0.0,23.0,0.0,61.3,0.57,4.83
2018/06/05,16.6,16.8,16.55,16.65,1232.0,20526.0,0.6042,0.4363,615.0,-62.0,0.0,0.0,-62.0,5846.0,158.0,143.0,0.0,22.0,0.0,61.67,0.58,4.8
2018/06/06,16.8,17.75,16.8,17.55,6312.0,110073.0,5.4054,2.2354,2794.0,-274.0,0.0,2.0,-272.0,6406.0,1095.0,498.0,0.0,100.0,78.0,65.0,0.61,4.56
2018/06/07,17.4,17.6,17.2,17.3,1948.0,33748.0,-1.4245,0.6899,788.0,-451.0,0.0,0.0,-451.0,6404.0,283.0,282.0,74.0,26.0,0.0,64.07,0.6,4.62
2018/06/08,17.3,17.9,17.2,17.6,3770.0,66451.0,1.7341,1.3352,1819.0,-470.0,0.0,2.0,-468.0,6617.0,572.0,359.0,4.0,104.0,83.0,65.19,0.61,4.55
2018/06/11,17.4,17.5,17.05,17.1,1582.0,27301.0,-2.8409,0.5603,703.0,-169.0,0.0,0.0,-169.0,6400.0,118.0,323.0,24.0,83.0,3.0,63.33,0.59,4.68
2018/06/12,17.1,17.35,17.1,17.15,944.0,16264.0,0.2924,0.3343,502.0,-141.0,0.0,0.0,-141.0,6404.0,133.0,129.0,3.0,81.0,1.0,63.52,0.59,4.66
2018/06/13,17.15,17.45,17.1,17.15,547.0,9415.0,0.0,0.1937,322.0,-37.0,0.0,0.0,-37.0,6362.0,47.0,89.0,28.0,53.0,0.0,63.52,0.59,4.66
2018/06/14,17.25,17.6,17.25,17.3,1190.0,20751.0,0.8746,0.4214,529.0,-1.0,0.0,0.0,-1.0,6348.0,141.0,155.0,32.0,21.0,0.0,64.07,0.6,4.62
2018/06/15,17.5,17.5,17.3,17.35,598.0,10385.0,0.289,0.2118,270.0,37.0,0.0,0.0,37.0,6334.0,96.0,110.0,7.0,15.0,1.0,64.26,0.6,4.61
2018/06/19,17.5,17.5,16.85,16.9,718.0,12268.0,-2.5937,0.2543,418.0,126.0,0.0,1.0,127.0,6317.0,64.0,81.0,1.0,14.0,0.0,62.59,0.58,4.73
2018/06/20,17.0,17.1,16.7,16.7,906.0,15228.0,-1.1834,0.3209,531.0,-110.0,0.0,9.0,-101.0,6230.0,69.0,156.0,0.0,15.0,1.0,61.85,0.58,4.79
2018/06/21,16.7,16.75,16.6,16.65,546.0,9117.0,-0.2994,0.1934,371.0,-129.0,0.0,2.0,-127.0,6235.0,50.0,45.0,0.0,15.0,0.0,61.67,0.58,4.8
2018/06/22,16.6,16.65,16.55,16.55,399.0,6635.0,-0.6006,0.1413,241.0,-83.0,0.0,2.0,-81.0,6216.0,26.0,42.0,0.0,15.0,0.0,61.3,0.57,4.83
2018/06/25,16.55,16.65,16.45,16.55,403.0,6674.0,0.0,0.1427,241.0,-152.0,0.0,0.0,-152.0,6264.0,67.0,17.0,0.0,15.0,0.0,61.3,0.57,4.83
2018/06/26,16.45,16.6,16.3,16.4,486.0,7990.0,-0.9063,0.1721,215.0,-34.0,0.0,-1.0,-35.0,6343.0,214.0,135.0,0.0,15.0,0.0,60.74,0.57,4.88
2018/06/27,16.45,16.45,16.3,16.35,642.0,10513.0,-0.3049,0.2274,167.0,-133.0,0.0,0.0,-133.0,6441.0,151.0,48.0,0.0,15.0,0.0,60.56,0.56,4.89
2018/06/28,16.35,16.65,16.25,16.25,413.0,6775.0,-0.6116,0.1463,208.0,33.0,0.0,-1.0,32.0,6418.0,41.0,64.0,9.0,6.0,0.0,60.19,0.56,4.92
2018/06/29,16.25,16.45,16.25,16.4,388.0,6361.0,0.9231,0.1374,188.0,-73.0,0.0,0.0,-73.0,6437.0,63.0,44.0,0.0,6.0,0.0,60.74,0.57,4.88
2018/07/02,16.35,16.45,16.25,16.3,403.0,6584.0,-0.6098,0.1427,268.0,-144.0,0.0,0.0,-144.0,6457.0,42.0,22.0,0.0,6.0,0.0,60.37,0.56,4.91
2018/07/03,16.3,16.45,16.25,16.25,347.0,5661.0,-0.3067,0.1229,166.0,-74.0,0.0,-3.0,-77.0,6414.0,3.0,44.0,0.0,6.0,0.0,60.19,0.56,4.92
2018/07/04,16.25,16.25,16.1,16.15,353.0,5717.0,-0.6154,0.125,182.0,-18.0,0.0,0.0,-18.0,6403.0,22.0,33.0,0.0,6.0,0.0,59.81,0.56,4.95
2018/07/05,16.15,16.6,16.1,16.2,1861.0,30494.0,0.3096,0.6591,549.0,-162.0,0.0,-1.0,-163.0,6452.0,108.0,58.0,0.0,8.0,2.0,60.0,0.56,4.94
2018/07/06,16.3,16.3,15.8,15.85,944.0,15096.0,-2.1605,0.3343,396.0,-315.0,0.0,-4.0,-319.0,6473.0,99.0,75.0,4.0,10.0,6.0,58.7,0.55,5.05
2018/07/09,15.95,16.05,15.75,15.95,764.0,12181.0,0.6309,0.2706,326.0,-14.0,0.0,0.0,-14.0,6398.0,86.0,161.0,0.0,10.0,0.0,59.07,0.55,5.02
2018/07/10,16.0,16.05,15.8,15.9,421.0,6698.0,-0.3135,0.1491,241.0,-60.0,0.0,0.0,-60.0,6338.0,31.0,91.0,0.0,10.0,0.0,58.89,0.55,5.03
2018/07/11,15.85,16.0,15.55,15.8,688.0,10859.0,-0.6289,0.2437,368.0,-209.0,0.0,0.0,-209.0,6422.0,136.0,52.0,0.0,13.0,3.0,58.52,0.55,5.06
2018/07/12,15.8,16.05,15.7,16.0,479.0,7648.0,1.2658,0.1696,211.0,-30.0,0.0,-6.0,-36.0,6420.0,113.0,85.0,0.0,13.0,0.0,59.26,0.55,5.0
2018/07/13,16.05,16.2,15.85,16.2,690.0,11092.0,1.25,0.2444,259.0,-57.0,0.0,-1.0,-58.0,6394.0,19.0,45.0,1.0,12.0,0.0,60.0,0.56,4.94
2018/07/16,16.2,16.3,15.9,15.95,589.0,9458.0,-1.5432,0.2086,217.0,-69.0,0.0,1.0,-68.0,6449.0,85.0,30.0,2.0,55.0,45.0,59.07,0.55,5.02
2018/07/17,15.9,16.05,15.9,15.95,150.0,2405.0,0.0,0.0531,109.0,-17.0,0.0,1.0,-16.0,6446.0,11.0,14.0,0.0,55.0,0.0,59.07,0.55,5.02
2018/07/18,15.95,16.05,15.8,15.9,481.0,7661.0,-0.3135,0.1703,213.0,-25.0,0.0,11.0,-14.0,6214.0,72.0,304.0,0.0,55.0,0.0,58.89,0.55,5.03
2018/07/19,15.9,16.1,15.85,16.0,347.0,5552.0,0.6289,0.1229,147.0,-17.0,0.0,0.0,-17.0,6198.0,13.0,29.0,1.0,54.0,0.0,59.26,0.55,5.0
2018/07/20,15.95,16.3,15.95,16.25,741.0,11970.0,1.5625,0.2624,356.0,-79.0,0.0,0.0,-79.0,6284.0,123.0,37.0,2.0,53.0,1.0,60.19,0.56,4.92
2018/07/23,16.25,16.4,16.05,16.15,440.0,7128.0,-0.6154,0.1558,163.0,-115.0,0.0,0.0,-115.0,6237.0,21.0,68.0,0.0,53.0,0.0,59.81,0.56,4.95
2018/07/24,16.05,16.2,16.05,16.2,200.0,3242.0,0.3096,0.0708,95.0,-34.0,0.0,0.0,-34.0,6249.0,38.0,26.0,1.0,52.0,0.0,60.0,0.56,4.94
2018/07/25,16.1,16.25,16.05,16.1,396.0,6397.0,-0.6173,0.1402,197.0,-16.0,0.0,-3.0,-19.0,6270.0,74.0,41.0,0.0,52.0,0.0,59.63,0.56,4.97
2018/07/26,16.25,16.3,16.1,16.15,294.0,4762.0,0.3106,0.1041,164.0,11.0,0.0,0.0,11.0,6224.0,8.0,54.0,44.0,8.0,0.0,59.81,0.56,4.95
2018/07/27,16.15,17.0,16.1,16.9,2086.0,34805.0,4.644,0.7388,799.0,-322.0,0.0,-2.0,-324.0,6784.0,775.0,215.0,0.0,9.0,1.0,62.59,0.58,4.73
2018/07/30,17.0,17.0,16.4,16.6,4065.0,68087.0,-1.7751,1.4396,1495.0,-1181.0,0.0,-1.0,-1182.0,6718.0,854.0,920.0,5.0,43.0,39.0,61.48,0.57,4.82
2018/07/31,16.55,16.85,16.55,16.6,788.0,13152.0,0.0,0.2791,387.0,-163.0,0.0,0.0,-163.0,6768.0,155.0,105.0,0.0,45.0,2.0,61.48,0.57,4.82
2018/08/01,16.8,16.8,16.6,16.65,797.0,13341.0,0.3012,0.2823,375.0,-117.0,0.0,0.0,-117.0,6792.0,84.0,60.0,2.0,43.0,0.0,61.67,0.58,4.8
2018/08/02,16.6,16.6,16.25,16.35,1201.0,19680.0,-1.8018,0.4253,576.0,-350.0,0.0,-11.0,-361.0,6888.0,152.0,56.0,8.0,36.0,1.0,60.56,0.56,4.89
2018/08/03,16.45,16.65,16.4,16.5,545.0,8997.0,0.9174,0.193,257.0,28.0,0.0,-7.0,21.0,6911.0,135.0,112.0,31.0,5.0,0.0,61.11,0.57,4.85
2018/08/06,16.5,16.7,16.35,16.5,538.0,8894.0,0.0,0.1905,308.0,27.0,0.0,0.0,27.0,6955.0,147.0,103.0,0.0,5.0,0.0,61.11,0.57,4.85
2018/08/07,16.65,16.65,16.45,16.45,594.0,9817.0,-0.303,0.2104,339.0,-32.0,0.0,22.0,-10.0,6919.0,60.0,96.0,0.0,5.0,0.0,60.93,0.57,4.86
2018/08/08,16.5,16.65,16.35,16.45,797.0,13145.0,0.0,0.2823,363.0,114.0,0.0,0.0,114.0,6734.0,76.0,261.0,0.0,5.0,0.0,60.93,0.57,4.86
2018/08/09,16.5,16.55,16.4,16.4,410.0,6752.0,-0.304,0.1452,154.0,-52.0,0.0,0.0,-52.0,6688.0,11.0,57.0,1.0,4.0,0.0,60.74,0.57,4.88
2018/08/10,16.4,16.6,16.3,16.5,1001.0,16486.0,0.6098,0.3545,288.0,-32.0,0.0,1.0,-31.0,6765.0,227.0,141.0,0.0,4.0,0.0,61.11,0.57,4.85
2018/08/13,16.45,16.45,15.8,15.9,1237.0,19834.0,-3.6364,0.4381,576.0,-428.0,0.0,-2.0,-430.0,6471.0,180.0,273.0,4.0,0.0,0.0,58.89,0.55,5.03
2018/08/14,15.9,16.1,15.9,16.05,537.0,8595.0,0.9434,0.1902,252.0,-128.0,0.0,1.0,-127.0,6412.0,29.0,58.0,0.0,0.0,0.0,,0.57,4.98
2018/08/15,16.0,16.0,15.6,15.7,1513.0,23825.0,-2.1807,0.5358,590.0,-593.0,0.0,-42.0,-635.0,6434.0,183.0,161.0,0.0,0.0,0.0,,0.56,5.1
2018/08/16,15.6,15.85,15.6,15.7,1120.0,17571.0,0.0,0.3967,519.0,-430.0,0.0,44.0,-386.0,6541.0,175.0,58.0,0.0,0.0,0.0,,0.56,5.1
2018/08/17,15.0,15.05,14.8,14.8,1072.0,16041.0,-0.6369,0.3797,493.0,-246.0,0.0,-77.0,-323.0,6295.0,82.0,219.0,0.0,68.0,68.0,,0.53,5.41
2018/08/20,14.7,14.75,14.5,14.55,712.0,10388.0,-1.6892,0.2522,364.0,-59.0,0.0,0.0,-59.0,6065.0,37.0,182.0,1.0,70.0,3.0,,0.52,5.5
2018/08/21,14.45,14.7,14.45,14.65,372.0,5438.0,0.6873,0.1317,173.0,12.0,0.0,0.0,12.0,6001.0,19.0,81.0,1.0,72.0,3.0,,0.52,5.46
2018/08/22,14.7,14.8,14.6,14.7,360.0,5294.0,0.3413,0.1275,191.0,-61.0,0.0,-6.0,-67.0,5959.0,16.0,58.0,0.0,105.0,33.0,,0.52,5.44
2018/08/23,14.7,14.85,14.7,14.75,410.0,6067.0,0.3401,0.1452,218.0,7.0,0.0,-8.0,-1.0,5959.0,25.0,25.0,2.0,108.0,5.0,,0.53,5.42
2018/08/24,14.8,14.85,14.75,14.8,188.0,2783.0,0.339,0.0666,119.0,-32.0,0.0,0.0,-32.0,5939.0,6.0,26.0,0.0,114.0,6.0,,0.53,5.41
2018/08/27,14.85,14.9,14.6,14.7,916.0,13487.0,-0.6757,0.3244,267.0,-120.0,0.0,0.0,-120.0,5750.0,67.0,253.0,1.0,119.0,6.0,,0.52,5.44
2018/08/28,14.75,14.85,14.7,14.8,218.0,3225.0,0.6803,0.0772,112.0,9.0,0.0,0.0,9.0,5739.0,20.0,31.0,0.0,119.0,0.0,,0.53,5.41
2018/08/29,14.8,14.85,14.75,14.8,224.0,3317.0,0.0,0.0793,123.0,-48.0,0.0,0.0,-48.0,5737.0,12.0,14.0,0.0,119.0,0.0,,0.53,5.41
2018/08/30,14.8,14.9,14.7,14.75,247.0,3650.0,-0.3378,0.0875,151.0,-70.0,0.0,6.0,-64.0,5720.0,7.0,18.0,0.0,119.0,0.0,,0.53,5.42
2018/08/31,14.7,14.7,14.5,14.55,829.0,12090.0,-1.3559,0.2936,339.0,-360.0,0.0,22.0,-338.0,5840.0,140.0,20.0,0.0,120.0,1.0,,0.52,5.5
2018/09/03,14.55,14.8,14.55,14.7,472.0,6951.0,1.0309,0.1672,193.0,-30.0,0.0,0.0,-30.0,5707.0,21.0,154.0,0.0,120.0,0.0,,0.52,5.44
2018/09/04,14.65,14.8,14.65,14.65,136.0,2009.0,-0.3401,0.0482,97.0,-2.0,0.0,0.0,-2.0,5674.0,7.0,40.0,0.0,120.0,0.0,,0.52,5.46
2018/09/05,14.65,14.9,14.65,14.75,699.0,10371.0,0.6826,0.2476,212.0,79.0,0.0,-12.0,67.0,5714.0,93.0,53.0,0.0,121.0,1.0,,0.53,5.42
2018/09/06,14.85,14.9,14.7,14.85,340.0,5045.0,0.678,0.1204,145.0,-11.0,0.0,0.0,-11.0,5647.0,4.0,70.0,2.0,119.0,0.0,,0.53,5.39
2018/09/07,14.85,14.85,14.5,14.55,831.0,12141.0,-2.0202,0.2943,330.0,-241.0,0.0,5.0,-236.0,5457.0,15.0,199.0,0.0,129.0,10.0,,0.52,5.5
2018/09/10,14.55,14.55,13.9,13.9,1038.0,14720.0,-4.4674,0.3676,457.0,-347.0,0.0,-5.0,-352.0,5316.0,86.0,186.0,0.0,168.0,39.0,,0.5,5.76
2018/09/11,13.9,14.1,13.9,14.0,419.0,5888.0,0.7194,0.1484,201.0,-117.0,0.0,-37.0,-154.0,5274.0,12.0,52.0,3.0,173.0,8.0,,0.5,5.71
2018/09/12,14.0,14.15,14.0,14.0,319.0,4495.0,0.0,0.113,158.0,-119.0,0.0,-9.0,-128.0,5218.0,5.0,45.0,14.0,159.0,0.0,,0.5,5.71
2018/09/13,14.0,14.2,14.0,14.05,281.0,3964.0,0.3571,0.0995,175.0,-51.0,0.0,-3.0,-54.0,5227.0,22.0,13.0,0.0,169.0,10.0,,0.5,5.69
2018/09/14,14.1,14.25,14.1,14.2,231.0,3279.0,1.0676,0.0818,137.0,-30.0,0.0,0.0,-30.0,5189.0,6.0,12.0,8.0,161.0,0.0,,0.51,5.63
2018/09/17,14.2,14.3,14.15,14.25,202.0,2874.0,0.3521,0.0715,116.0,-32.0,0.0,0.0,-32.0,5202.0,36.0,23.0,1.0,160.0,0.0,,0.51,5.61
2018/09/18,14.25,14.25,14.1,14.1,154.0,2183.0,-1.0526,0.0545,104.0,-43.0,0.0,0.0,-43.0,5203.0,11.0,7.0,0.0,163.0,3.0,,0.5,5.67
2018/09/19,14.15,14.25,14.1,14.15,289.0,4094.0,0.3546,0.1024,199.0,-58.0,0.0,1.0,-57.0,5208.0,21.0,12.0,3.0,160.0,0.0,,0.5,5.65
2018/09/20,14.2,14.2,14.0,14.05,358.0,5049.0,-0.7067,0.1268,217.0,-121.0,0.0,0.0,-121.0,5215.0,18.0,10.0,23.0,137.0,0.0,,0.5,5.69
2018/09/21,14.1,14.15,13.95,13.95,558.0,7820.0,-0.7117,0.1976,273.0,-255.0,0.0,1.0,-254.0,5246.0,38.0,6.0,0.0,137.0,0.0,,0.5,5.73
2018/09/25,14.0,14.05,13.85,13.95,352.0,4914.0,0.0,0.1247,202.0,-113.0,0.0,0.0,-113.0,5245.0,16.0,7.0,0.0,137.0,0.0,,0.5,5.73
2018/09/26,13.95,14.05,13.95,14.0,256.0,3592.0,0.3584,0.0907,167.0,-61.0,0.0,0.0,-61.0,5225.0,4.0,23.0,12.0,125.0,0.0,,0.5,5.71
2018/09/27,14.0,14.1,14.0,14.0,196.0,2756.0,0.0,0.0694,139.0,-53.0,0.0,-1.0,-54.0,5224.0,3.0,4.0,10.0,117.0,2.0,,0.5,5.71
2018/09/28,14.0,14.1,13.85,14.1,434.0,6061.0,0.7143,0.1537,236.0,-135.0,0.0,-2.0,-137.0,5242.0,39.0,21.0,0.0,117.0,0.0,,0.5,5.67
2018/10/01,14.0,14.15,13.95,14.1,396.0,5559.0,0.0,0.1402,159.0,47.0,0.0,-1.0,46.0,5233.0,13.0,22.0,2.0,116.0,1.0,,0.5,5.67
2018/10/02,14.05,14.1,14.0,14.05,121.0,1702.0,-0.3546,0.0429,81.0,18.0,0.0,-2.0,16.0,5239.0,7.0,1.0,0.0,116.0,0.0,,0.5,5.69
2018/10/03,14.0,14.0,13.9,13.95,188.0,2635.0,-0.7117,0.0666,134.0,-18.0,0.0,6.0,-12.0,5240.0,18.0,17.0,18.0,99.0,1.0,,0.5,5.73
2018/10/04,13.9,13.95,13.8,13.85,307.0,4261.0,-0.7168,0.1087,169.0,-70.0,0.0,4.0,-66.0,5218.0,6.0,28.0,0.0,99.0,0.0,,0.49,5.78
2018/10/05,13.85,13.9,13.55,13.65,589.0,8080.0,-1.444,0.2086,209.0,-16.0,0.0,1.0,-15.0,5118.0,77.0,177.0,1.0,99.0,1.0,,0.49,5.86
2018/10/08,13.65,13.65,13.5,13.55,223.0,3032.0,-0.7326,0.079,136.0,-14.0,0.0,-15.0,-29.0,5069.0,14.0,63.0,12.0,90.0,3.0,,0.48,5.9
2018/10/09,13.55,13.6,13.4,13.5,504.0,6802.0,-0.369,0.1785,201.0,-33.0,0.0,-29.0,-62.0,4957.0,16.0,126.0,1.0,89.0,0.0,,0.48,5.93
2018/10/11,13.2,13.3,12.15,12.15,2049.0,25384.0,-10.0,0.7257,710.0,-102.0,0.0,2.0,-100.0,4291.0,314.0,964.0,12.0,95.0,18.0,,0.43,6.58
2018/10/12,12.05,12.4,12.0,12.35,815.0,9966.0,1.6461,0.2886,365.0,74.0,0.0,-6.0,68.0,4227.0,64.0,110.0,7.0,88.0,0.0,,0.44,6.48
2018/10/15,12.35,12.35,12.05,12.15,507.0,6162.0,-1.6194,0.1796,265.0,-70.0,0.0,1.0,-69.0,4271.0,101.0,54.0,10.0,81.0,3.0,,0.43,6.58
2018/10/16,12.15,12.3,12.1,12.15,353.0,4309.0,0.0,0.125,182.0,29.0,0.0,0.0,29.0,4290.0,79.0,55.0,0.0,108.0,27.0,,0.43,6.58
2018/10/17,12.2,12.3,12.2,12.2,310.0,3802.0,0.4115,0.1098,166.0,60.0,0.0,0.0,60.0,4224.0,23.0,89.0,3.0,106.0,1.0,,0.43,6.56
2018/10/18,12.2,12.35,12.2,12.25,276.0,3400.0,0.4098,0.0977,159.0,94.0,0.0,-5.0,89.0,4203.0,16.0,36.0,0.0,106.0,0.0,,0.44,6.53
2018/10/19,12.15,12.2,12.1,12.15,177.0,2161.0,-0.8163,0.0627,95.0,26.0,0.0,0.0,26.0,4136.0,20.0,45.0,0.0,137.0,31.0,,0.43,6.58
2018/10/22,12.2,12.35,12.2,12.3,247.0,3036.0,1.2346,0.0875,120.0,61.0,0.0,0.0,61.0,4130.0,24.0,30.0,16.0,121.0,0.0,,0.44,6.5
2018/10/23,12.3,12.35,12.25,12.3,214.0,2647.0,0.0,0.0758,125.0,13.0,0.0,0.0,13.0,4130.0,20.0,20.0,15.0,106.0,0.0,,0.44,6.5
2018/10/24,12.2,12.65,12.15,12.4,810.0,10088.0,0.813,0.2869,364.0,-13.0,0.0,-8.0,-21.0,4136.0,49.0,43.0,55.0,51.0,0.0,,0.44,6.45
2018/10/25,12.2,12.2,11.95,12.05,484.0,5837.0,-2.8226,0.1714,284.0,-93.0,0.0,5.0,-88.0,4101.0,39.0,74.0,0.0,63.0,12.0,,0.43,6.64
2018/10/26,12.05,12.1,11.8,11.8,358.0,4273.0,-2.0747,0.1268,188.0,-46.0,0.0,0.0,-46.0,4072.0,27.0,56.0,0.0,81.0,18.0,,0.42,6.78
2018/10/29,11.8,11.95,11.7,11.8,215.0,2539.0,0.0,0.0761,117.0,1.0,0.0,0.0,1.0,4001.0,3.0,74.0,0.0,82.0,1.0,,0.42,6.78
2018/10/30,11.75,11.85,11.55,11.7,484.0,5660.0,-0.8475,0.1714,201.0,-41.0,0.0,1.0,-40.0,4030.0,53.0,22.0,3.0,79.0,0.0,,0.42,6.84
2018/10/31,11.7,12.15,11.7,12.1,664.0,7994.0,3.4188,0.2352,262.0,119.0,0.0,-2.0,117.0,4154.0,178.0,44.0,1.0,74.0,6.0,,0.43,6.61
2018/11/01,12.05,12.35,12.05,12.2,418.0,5122.0,0.8264,0.148,209.0,75.0,0.0,-1.0,74.0,4127.0,37.0,62.0,0.0,74.0,0.0,,0.43,6.56
2018/11/02,12.25,12.35,12.15,12.25,551.0,6748.0,0.4098,0.1951,228.0,128.0,0.0,10.0,138.0,4057.0,46.0,116.0,1.0,73.0,0.0,,0.44,6.53
2018/11/05,12.25,12.25,12.1,12.2,188.0,2295.0,-0.4082,0.0666,78.0,30.0,0.0,28.0,58.0,4004.0,10.0,63.0,0.0,73.0,0.0,,0.43,6.56
2018/11/06,12.25,12.45,12.25,12.4,270.0,3350.0,1.6393,0.0956,176.0,28.0,0.0,0.0,28.0,3999.0,26.0,30.0,0.0,73.0,1.0,,0.44,6.45
2018/11/07,12.4,12.65,12.35,12.55,552.0,6932.0,1.2097,0.1955,196.0,-26.0,0.0,0.0,-26.0,4040.0,65.0,24.0,31.0,42.0,0.0,,0.45,6.37
2018/11/08,12.55,12.65,12.5,12.5,220.0,2771.0,-0.3984,0.0779,129.0,28.0,0.0,2.0,30.0,4009.0,7.0,38.0,0.0,42.0,0.0,,0.45,6.4
2018/11/09,12.5,12.5,12.35,12.4,247.0,3064.0,-0.8,0.0875,126.0,45.0,0.0,8.0,53.0,3998.0,0.0,11.0,0.0,42.0,0.0,,0.44,6.45
2018/11/12,12.2,12.5,12.2,12.25,324.0,3982.0,-1.2097,0.1147,126.0,25.0,0.0,0.0,25.0,4007.0,9.0,0.0,0.0,107.0,65.0,,0.47,6.53
2018/11/13,12.1,12.3,12.1,12.3,359.0,4387.0,0.4082,0.1271,128.0,75.0,0.0,2.0,77.0,3966.0,5.0,46.0,17.0,90.0,0.0,,0.47,6.5
2018/11/14,12.3,12.45,12.3,12.4,252.0,3118.0,0.813,0.0892,119.0,49.0,0.0,0.0,49.0,3968.0,5.0,3.0,0.0,91.0,1.0,,0.47,6.45
2018/11/15,12.45,12.55,12.35,12.45,231.0,2880.0,0.4032,0.0818,157.0,93.0,0.0,-81.0,12.0,3962.0,2.0,7.0,0.0,91.0,1.0,,0.47,6.43
2018/11/16,12.45,12.55,12.4,12.5,189.0,2366.0,0.4016,0.0669,140.0,127.0,0.0,0.0,127.0,3956.0,20.0,26.0,0.0,91.0,0.0,,0.48,6.4
2018/11/19,12.5,12.85,12.5,12.75,1358.0,17303.0,2.0,0.4809,375.0,89.0,0.0,0.0,89.0,3980.0,91.0,67.0,0.0,104.0,13.0,,0.49,6.27
2018/11/20,12.55,12.9,12.55,12.75,267.0,3395.0,0.0,0.0946,144.0,102.0,0.0,37.0,139.0,3952.0,2.0,30.0,9.0,95.0,0.0,,0.49,6.27
2018/11/21,12.65,12.9,12.6,12.7,334.0,4264.0,-0.3922,0.1183,144.0,11.0,0.0,6.0,17.0,3945.0,11.0,18.0,19.0,76.0,0.0,,0.48,6.3
2018/11/22,12.85,13.0,12.8,12.9,240.0,3109.0,1.5748,0.085,149.0,70.0,0.0,1.0,71.0,3919.0,21.0,47.0,0.0,76.0,0.0,,0.49,6.2
2018/11/23,12.9,12.95,12.8,12.85,334.0,4304.0,-0.3876,0.1183,126.0,58.0,0.0,0.0,58.0,3876.0,9.0,52.0,0.0,76.0,0.0,,0.49,6.23
2018/11/26,13.0,13.2,12.95,13.05,413.0,5417.0,1.5564,0.1463,257.0,76.0,0.0,0.0,76.0,3876.0,30.0,29.0,11.0,65.0,1.0,,0.5,6.13
2018/11/27,13.05,14.3,13.05,14.2,1786.0,24685.0,8.8123,0.6325,955.0,-91.0,0.0,26.0,-65.0,4092.0,308.0,90.0,10.0,147.0,92.0,,0.54,5.63
2018/11/28,14.2,14.3,13.8,14.1,943.0,13268.0,-0.7042,0.334,466.0,-63.0,0.0,5.0,-58.0,4082.0,167.0,177.0,17.0,134.0,4.0,,0.54,5.67
2018/11/29,14.15,15.1,14.15,14.7,3796.0,55602.0,4.2553,1.3444,1583.0,-51.0,0.0,13.0,-38.0,4300.0,577.0,359.0,26.0,217.0,109.0,,0.56,5.44
2018/11/30,14.7,14.9,14.5,14.7,817.0,11991.0,0.0,0.2893,381.0,-26.0,0.0,-1.0,-27.0,4287.0,49.0,62.0,95.0,124.0,2.0,,0.56,5.44
2018/12/03,14.8,15.0,14.55,14.55,849.0,12503.0,-1.0204,0.3007,456.0,-14.0,0.0,14.0,0.0,4097.0,45.0,235.0,76.0,50.0,2.0,,0.55,5.5
2018/12/04,14.55,14.7,14.55,14.65,349.0,5097.0,0.6873,0.1236,187.0,-20.0,0.0,-1.0,-21.0,4086.0,28.0,39.0,0.0,50.0,0.0,,0.56,5.46
2018/12/05,14.35,14.5,14.2,14.35,544.0,7807.0,-2.0478,0.1927,284.0,38.0,0.0,5.0,43.0,4097.0,26.0,15.0,9.0,41.0,0.0,,0.55,5.57
2018/12/06,14.4,14.4,13.95,14.0,526.0,7440.0,-2.439,0.1863,267.0,63.0,0.0,0.0,63.0,4090.0,30.0,37.0,8.0,38.0,5.0,,0.53,5.71
2018/12/07,13.9,14.2,13.9,14.2,256.0,3609.0,1.4286,0.0907,143.0,135.0,0.0,3.0,138.0,4048.0,10.0,52.0,1.0,38.0,1.0,,0.54,5.63
2018/12/10,14.15,14.2,13.9,13.9,282.0,3956.0,-2.1127,0.0999,163.0,-7.0,0.0,-3.0,-10.0,4049.0,13.0,12.0,4.0,34.0,0.0,,0.53,5.76
2018/12/11,13.8,14.1,13.8,13.9,206.0,2879.0,0.0,0.073,107.0,-3.0,0.0,0.0,-3.0,4044.0,8.0,13.0,0.0,44.0,10.0,,0.53,5.76
2018/12/12,13.95,15.0,13.95,14.55,2714.0,39933.0,4.6763,0.9612,1150.0,-24.0,0.0,7.0,-17.0,4191.0,232.0,85.0,0.0,47.0,3.0,,0.55,5.5
2018/12/13,14.55,14.7,14.4,14.45,301.0,4378.0,-0.6873,0.1066,199.0,-72.0,0.0,-3.0,-75.0,4172.0,16.0,35.0,0.0,47.0,0.0,,0.55,5.54
2018/12/14,14.45,14.45,14.15,14.35,816.0,11615.0,-0.692,0.289,122.0,-19.0,0.0,2.0,-17.0,3883.0,10.0,299.0,2.0,45.0,0.0,,0.55,5.57
2018/12/17,14.35,14.4,14.2,14.25,217.0,3105.0,-0.6969,0.0769,86.0,-52.0,0.0,0.0,-52.0,3898.0,26.0,11.0,2.0,43.0,0.0,,0.54,5.61
2018/12/18,14.2,14.3,14.0,14.05,257.0,3623.0,-1.4035,0.091,154.0,-51.0,0.0,1.0,-50.0,3904.0,16.0,10.0,1.0,46.0,4.0,,0.53,5.69
2018/12/19,14.05,14.15,14.0,14.0,311.0,4385.0,-0.3559,0.1101,133.0,-40.0,0.0,0.0,-40.0,3897.0,3.0,10.0,0.0,46.0,0.0,,0.53,5.71
2018/12/20,14.05,14.1,13.75,13.75,378.0,5264.0,-1.7857,0.1339,175.0,-78.0,0.0,-3.0,-81.0,3812.0,5.0,90.0,1.0,45.0,0.0,,0.52,5.82
2018/12/21,13.75,13.75,13.5,13.55,385.0,5249.0,-1.4545,0.1363,174.0,-52.0,0.0,0.0,-52.0,3788.0,5.0,29.0,0.0,47.0,2.0,,0.52,5.9
2018/12/22,13.55,13.8,13.55,13.7,69.0,953.0,1.107,0.0244,51.0,0.0,0.0,0.0,0.0,3786.0,1.0,3.0,4.0,43.0,0.0,,0.52,5.84
2018/12/24,13.85,13.85,13.5,13.65,119.0,1625.0,-0.365,0.0421,90.0,12.0,0.0,0.0,12.0,3777.0,9.0,18.0,2.0,41.0,0.0,,0.52,5.86
2018/12/25,13.5,13.5,13.3,13.35,139.0,1858.0,-2.1978,0.0492,86.0,1.0,0.0,-2.0,-1.0,3786.0,14.0,2.0,0.0,41.0,0.0,,0.51,5.99
2018/12/26,13.35,13.45,13.1,13.3,472.0,6245.0,-0.3745,0.1672,83.0,-2.0,0.0,1.0,-1.0,3802.0,30.0,14.0,0.0,41.0,0.0,,0.51,6.02
2018/12/27,13.3,14.3,13.3,14.0,1353.0,18942.0,5.2632,0.4792,681.0,5.0,0.0,-1.0,4.0,3872.0,120.0,50.0,0.0,57.0,16.0,,0.53,5.71
2018/12/28,13.95,14.55,13.95,14.4,1769.0,25488.0,2.8571,0.6265,924.0,-20.0,0.0,6.0,-14.0,4022.0,286.0,136.0,1.0,84.0,28.0,,0.55,5.56
2019/01/02,14.35,14.35,14.0,14.0,494.0,6994.0,-2.7778,0.175,232.0,56.0,0.0,-6.0,50.0,3936.0,144.0,230.0,31.0,56.0,3.0,,0.53,5.71
2019/01/03,14.0,14.05,13.85,13.85,153.0,2136.0,-1.0714,0.0542,94.0,-29.0,0.0,1.0,-28.0,3960.0,35.0,11.0,1.0,56.0,1.0,,0.53,5.78
2019/01/04,13.8,14.0,13.55,13.7,262.0,3594.0,-1.083,0.0928,154.0,14.0,0.0,6.0,20.0,3829.0,17.0,148.0,2.0,55.0,1.0,,0.52,5.84
2019/01/07,13.95,13.95,13.65,13.7,232.0,3194.0,0.0,0.0822,145.0,22.0,0.0,0.0,22.0,3788.0,18.0,59.0,13.0,42.0,0.0,,0.52,5.84
2019/01/08,13.7,13.75,13.55,13.6,223.0,3044.0,-0.7299,0.079,113.0,30.0,0.0,0.0,30.0,3770.0,35.0,53.0,0.0,42.0,0.0,,0.52,5.88
2019/01/09,13.6,14.4,13.6,14.0,1296.0,18335.0,2.9412,0.459,612.0,87.0,0.0,4.0,91.0,3770.0,112.0,110.0,0.0,44.0,2.0,,0.53,5.71
2019/01/10,13.95,14.3,13.9,14.25,810.0,11512.0,1.7857,0.2869,426.0,-24.0,0.0,0.0,-24.0,3878.0,142.0,34.0,0.0,63.0,19.0,,0.54,5.61
2019/01/11,14.15,14.4,14.05,14.05,722.0,10306.0,-1.4035,0.2557,411.0,-141.0,0.0,-4.0,-145.0,3839.0,43.0,82.0,14.0,55.0,6.0,,0.53,5.69
2019/01/14,14.05,14.1,13.9,13.95,229.0,3197.0,-0.7117,0.0811,157.0,-38.0,0.0,0.0,-38.0,3823.0,10.0,26.0,3.0,86.0,34.0,,0.53,5.73
2019/01/15,13.95,14.1,13.9,14.0,177.0,2479.0,0.3584,0.0627,114.0,-40.0,0.0,1.0,-39.0,3797.0,10.0,36.0,22.0,64.0,0.0,,0.53,5.71
2019/01/16,14.15,14.15,13.9,13.95,140.0,1965.0,-0.3571,0.0496,123.0,-10.0,0.0,0.0,-10.0,3807.0,25.0,10.0,8.0,56.0,0.0,,0.53,5.73
2019/01/17,13.9,14.1,13.85,13.85,196.0,2733.0,-0.7168,0.0694,110.0,0.0,0.0,-1.0,-1.0,3808.0,56.0,55.0,13.0,43.0,0.0,,0.53,5.78
2019/01/18,13.9,14.2,13.85,14.2,315.0,4429.0,2.5271,0.1116,214.0,37.0,0.0,-1.0,36.0,3883.0,150.0,75.0,1.0,42.0,0.0,,0.54,5.63
2019/01/21,14.3,14.45,14.1,14.15,720.0,10291.0,-0.3521,0.255,405.0,85.0,0.0,8.0,93.0,3810.0,84.0,154.0,0.0,42.0,1.0,,0.54,5.65
2019/01/22,14.1,14.5,14.05,14.3,734.0,10531.0,1.0601,0.2599,378.0,94.0,0.0,0.0,94.0,3809.0,83.0,84.0,0.0,67.0,25.0,,0.54,5.59
2019/01/23,14.35,14.4,14.2,14.2,209.0,2990.0,-0.6993,0.074,123.0,-9.0,0.0,-3.0,-12.0,3758.0,8.0,28.0,5.0,69.0,7.0,,0.54,5.63
2019/01/24,14.2,14.4,14.1,14.1,185.0,2645.0,-0.7042,0.0655,115.0,-19.0,0.0,0.0,-19.0,3770.0,25.0,13.0,0.0,72.0,3.0,,0.54,5.67
2019/01/25,14.3,14.3,14.05,14.1,216.0,3048.0,0.0,0.0765,126.0,-33.0,0.0,6.0,-27.0,3722.0,27.0,75.0,13.0,61.0,2.0,,0.54,5.67
2019/01/28,14.15,14.15,14.05,14.05,116.0,1648.0,-0.3546,0.0411,103.0,2.0,0.0,-12.0,-10.0,3696.0,4.0,30.0,9.0,53.0,1.0,,0.53,5.69
2019/01/29,14.0,14.0,13.8,13.85,325.0,4512.0,-1.4235,0.1151,219.0,-103.0,0.0,-1.0,-104.0,3745.0,67.0,18.0,0.0,55.0,2.0,,0.53,5.78
2019/01/30,13.9,13.9,13.8,13.8,200.0,2777.0,-0.361,0.0708,144.0,-30.0,0.0,0.0,-30.0,3746.0,30.0,28.0,15.0,40.0,0.0,,0.53,5.8
2019/02/11,13.95,13.95,13.65,13.75,208.0,2866.0,-0.3623,0.0737,200.0,-71.0,0.0,0.0,-71.0,3735.0,10.0,21.0,0.0,40.0,0.0,,0.52,5.82
2019/02/12,13.75,13.85,13.7,13.8,197.0,2717.0,0.3636,0.0698,157.0,6.0,0.0,0.0,6.0,3686.0,19.0,38.0,3.0,37.0,0.0,,0.53,5.8
2019/02/13,13.85,14.0,13.85,13.9,233.0,3240.0,0.7246,0.0825,187.0,10.0,0.0,0.0,10.0,3609.0,33.0,33.0,0.0,38.0,1.0,,0.53,5.76
2019/02/14,13.95,14.2,13.95,14.0,339.0,4787.0,0.7194,0.1201,219.0,14.0,0.0,-4.0,10.0,3665.0,124.0,58.0,0.0,39.0,1.0,,0.53,5.71
2019/02/15,14.05,14.1,13.9,13.9,145.0,2033.0,-0.7143,0.0514,105.0,-13.0,0.0,0.0,-13.0,3680.0,33.0,18.0,0.0,39.0,0.0,,0.53,5.76
2019/02/18,13.9,14.15,13.85,13.95,691.0,9698.0,0.3597,0.2447,221.0,64.0,0.0,0.0,64.0,3688.0,44.0,34.0,0.0,43.0,4.0,,0.53,5.73
2019/02/19,14.0,14.3,14.0,14.15,397.0,5633.0,1.4337,0.1406,236.0,0.0,0.0,1.0,1.0,3705.0,107.0,90.0,5.0,40.0,2.0,,0.54,5.65
2019/02/20,14.25,14.4,14.0,14.25,784.0,11140.0,0.7067,0.2777,357.0,-44.0,0.0,19.0,-25.0,3967.0,314.0,52.0,3.0,50.0,13.0,,0.54,5.61
2019/02/21,14.4,14.6,14.3,14.5,2880.0,41640.0,1.7544,1.02,1388.0,-241.0,0.0,-3.0,-244.0,3909.0,338.0,396.0,23.0,108.0,81.0,,0.55,5.52
2019/02/22,14.4,14.45,14.2,14.25,560.0,8016.0,-1.7241,0.1983,266.0,0.0,0.0,0.0,0.0,3837.0,50.0,104.0,64.0,58.0,14.0,,0.54,5.61
2019/02/25,14.25,14.35,14.2,14.25,368.0,5243.0,0.0,0.1303,236.0,3.0,0.0,0.0,3.0,3752.0,34.0,40.0,13.0,50.0,5.0,,0.54,5.61
2019/02/26,14.35,14.35,14.1,14.15,311.0,4413.0,-0.7018,0.1101,167.0,13.0,0.0,0.0,13.0,3731.0,73.0,94.0,0.0,86.0,36.0,,0.54,5.65
2019/02/27,14.2,14.2,14.05,14.15,188.0,2661.0,0.0,0.0666,132.0,1.0,0.0,1.0,2.0,3706.0,41.0,64.0,6.0,95.0,15.0,,0.54,5.65
2019/03/04,14.2,14.3,14.0,14.15,269.0,3816.0,0.0,0.0953,204.0,3.0,0.0,4.0,7.0,3586.0,6.0,32.0,0.0,97.0,2.0,,0.54,5.65
2019/03/05,14.05,14.2,14.0,14.0,363.0,5117.0,-1.0601,0.1286,317.0,-193.0,0.0,-24.0,-217.0,3594.0,47.0,39.0,18.0,81.0,2.0,,0.53,5.71
2019/03/06,14.0,14.15,13.95,13.95,403.0,5657.0,-0.3571,0.1427,358.0,-151.0,0.0,-17.0,-168.0,3629.0,45.0,10.0,0.0,84.0,3.0,,0.53,5.73
2019/03/07,14.0,14.0,13.9,13.9,383.0,5352.0,-0.3584,0.1356,223.0,8.0,0.0,-17.0,-9.0,3563.0,6.0,72.0,5.0,82.0,3.0,,0.53,5.76
2019/03/08,13.85,13.95,13.85,13.9,107.0,1499.0,0.0,0.0379,92.0,0.0,0.0,0.0,0.0,3534.0,2.0,9.0,7.0,77.0,2.0,,0.53,5.76
2019/03/11,14.15,14.15,13.9,13.95,120.0,1687.0,0.3597,0.0425,155.0,-2.0,0.0,-1.0,-3.0,3534.0,19.0,13.0,0.0,79.0,2.0,,0.53,5.73
2019/03/12,14.05,14.45,14.0,14.45,1679.0,24080.0,3.5842,0.5946,871.0,73.0,0.0,8.0,81.0,3565.0,217.0,180.0,17.0,90.0,28.0,,0.55,5.54
2019/03/13,14.45,14.45,14.15,14.15,511.0,7279.0,-2.0761,0.181,322.0,-55.0,0.0,0.0,-55.0,3511.0,60.0,114.0,26.0,64.0,0.0,,0.54,5.65
2019/03/14,14.15,14.55,14.1,14.55,746.0,10694.0,2.8269,0.2642,431.0,11.0,0.0,0.0,11.0,3667.0,278.0,62.0,0.0,64.0,0.0,,0.55,5.5
2019/03/15,14.55,14.6,14.25,14.25,1019.0,14703.0,-2.0619,0.3609,495.0,-208.0,0.0,10.0,-198.0,3801.0,255.0,120.0,0.0,65.0,2.0,,0.54,5.61
2019/03/18,14.45,14.6,14.25,14.6,943.0,13602.0,2.4561,0.334,549.0,-63.0,0.0,0.0,-63.0,3892.0,265.0,161.0,0.0,65.0,0.0,,0.56,5.48
2019/03/19,15.3,16.05,15.3,16.05,11867.0,187902.0,9.9315,4.2028,4278.0,-323.0,0.0,20.0,-303.0,4965.0,2077.0,1003.0,7.0,234.0,177.0,,0.61,4.98
2019/03/20,15.8,16.35,15.65,16.15,4790.0,76346.0,0.6231,1.6964,2101.0,-33.0,0.0,0.0,-33.0,4672.0,571.0,864.0,31.0,220.0,17.0,,0.61,4.95
2019/03/21,16.15,16.15,15.7,15.9,1797.0,28618.0,-1.548,0.6364,887.0,-46.0,0.0,0.0,-46.0,4611.0,269.0,328.0,81.0,142.0,3.0,,0.61,5.03
2019/03/22,16.0,16.25,15.9,15.95,2763.0,44406.0,0.3145,0.9785,1256.0,-133.0,0.0,0.0,-133.0,4739.0,449.0,321.0,3.0,188.0,49.0,,0.61,5.02
2019/03/25,15.65,15.8,15.45,15.5,1339.0,20826.0,-2.8213,0.4742,638.0,39.0,0.0,4.0,43.0,4425.0,118.0,432.0,67.0,125.0,4.0,,0.59,5.16
2019/03/26,15.6,15.8,15.35,15.35,749.0,11621.0,-0.9677,0.2653,430.0,-63.0,0.0,1.0,-62.0,4313.0,80.0,190.0,34.0,91.0,0.0,,0.58,5.21
2019/03/27,15.35,15.5,15.25,15.45,565.0,8689.0,0.6515,0.2001,312.0,10.0,0.0,24.0,34.0,4345.0,96.0,64.0,5.0,86.0,0.0,,0.6,5.18
2019/03/28,15.45,15.45,15.0,15.0,1003.0,15191.0,-2.9126,0.3552,508.0,-26.0,0.0,7.0,-19.0,4371.0,137.0,111.0,16.0,70.0,0.0,,0.58,5.33
2019/03/29,15.0,15.0,14.8,14.95,871.0,13006.0,-0.3333,0.3085,476.0,-140.0,0.0,30.0,-110.0,4344.0,48.0,75.0,3.0,67.0,0.0,,0.58,5.35
2019/04/01,15.1,15.5,15.1,15.5,968.0,14903.0,3.6789,0.3428,545.0,-59.0,0.0,-2.0,-61.0,4284.0,90.0,150.0,11.0,56.0,0.0,,0.6,5.16
2019/04/02,15.5,15.5,15.2,15.2,447.0,6830.0,-1.9355,0.1583,276.0,-75.0,0.0,-28.0,-103.0,4290.0,47.0,41.0,0.0,56.0,0.0,,0.59,5.26
2019/04/03,15.25,15.35,15.1,15.2,346.0,5259.0,0.0,0.1225,227.0,-13.0,0.0,-1.0,-14.0,4243.0,15.0,62.0,9.0,47.0,0.0,,0.59,5.26
2019/04/08,15.25,15.55,15.1,15.3,1378.0,21159.0,0.6579,0.488,481.0,-151.0,0.0,0.0,-151.0,4218.0,181.0,205.0,46.0,0.0,0.0,,0.59,5.23
2019/04/09,15.45,15.5,15.25,15.4,727.0,11207.0,0.6536,0.2575,397.0,-149.0,0.0,0.0,-149.0,4266.0,102.0,54.0,0.0,0.0,0.0,,0.6,5.19
2019/04/10,15.4,15.6,15.1,15.15,845.0,12885.0,-1.6234,0.2993,481.0,-85.0,0.0,23.0,-62.0,4207.0,116.0,175.0,0.0,0.0,0.0,,0.59,5.28
2019/04/11,15.15,15.25,15.0,15.0,611.0,9213.0,-0.9901,0.2164,433.0,-150.0,0.0,0.0,-150.0,4166.0,37.0,78.0,0.0,0.0,0.0,,0.58,5.33
2019/04/12,14.95,15.1,14.75,14.75,586.0,8721.0,-1.6667,0.2075,301.0,-49.0,0.0,-6.0,-55.0,4160.0,66.0,72.0,0.0,20.0,20.0,,0.57,5.42
2019/04/15,14.75,15.1,14.75,14.8,566.0,8465.0,0.339,0.2005,318.0,-101.0,0.0,-2.0,-103.0,4194.0,83.0,49.0,0.0,20.0,0.0,,0.58,5.41
2019/04/16,14.8,15.55,14.75,15.45,1041.0,15835.0,4.3919,0.3687,530.0,-83.0,0.0,5.0,-78.0,4217.0,130.0,107.0,0.0,28.0,8.0,,0.6,5.18
2019/04/17,15.3,15.4,15.1,15.15,711.0,10833.0,-1.9417,0.2518,359.0,-111.0,0.0,1.0,-110.0,4220.0,58.0,55.0,0.0,30.0,2.0,,0.59,5.28
2019/04/18,15.15,15.2,14.75,14.85,762.0,11407.0,-1.9802,0.2699,345.0,-103.0,0.0,-5.0,-108.0,4095.0,47.0,172.0,0.0,37.0,7.0,,0.58,5.39
2019/04/19,14.85,15.1,14.85,14.95,395.0,5929.0,0.6734,0.1399,189.0,-26.0,0.0,0.0,-26.0,4120.0,37.0,11.0,8.0,29.0,0.0,,0.58,5.35
2019/04/22,14.95,15.0,14.85,14.9,280.0,4193.0,-0.3344,0.0992,160.0,-59.0,0.0,0.0,-59.0,4108.0,28.0,33.0,0.0,29.0,0.0,,0.58,5.37
2019/04/23,14.95,15.1,14.8,14.9,522.0,7835.0,0.0,0.1849,190.0,-39.0,0.0,-4.0,-43.0,4073.0,52.0,87.0,0.0,29.0,0.0,,0.58,5.37
2019/04/24,14.9,15.0,14.7,14.7,305.0,4538.0,-1.3423,0.108,185.0,-59.0,0.0,-8.0,-67.0,4057.0,15.0,31.0,0.0,29.0,0.0,,0.57,5.44
2019/04/25,14.7,14.85,14.7,14.75,319.0,4717.0,0.3401,0.113,143.0,-29.0,0.0,-17.0,-46.0,4075.0,40.0,22.0,0.0,29.0,0.0,,0.57,5.42
2019/04/26,14.7,14.75,14.65,14.7,242.0,3560.0,-0.339,0.0857,160.0,-30.0,0.0,-6.0,-36.0,4066.0,35.0,42.0,0.0,29.0,0.0,,0.57,5.44
2019/04/29,14.7,14.75,14.35,14.35,498.0,7221.0,-2.381,0.1764,250.0,-21.0,0.0,14.0,-7.0,4056.0,18.0,28.0,0.0,38.0,9.0,,0.56,5.57
2019/04/30,14.45,14.5,14.1,14.25,513.0,7348.0,-0.6969,0.1817,248.0,-73.0,0.0,-8.0,-81.0,4032.0,85.0,109.0,0.0,48.0,10.0,,0.55,5.61
2019/05/02,14.2,14.45,14.2,14.3,279.0,3992.0,0.3509,0.0988,169.0,30.0,0.0,-14.0,16.0,4058.0,39.0,12.0,0.0,49.0,1.0,,0.56,5.59
2019/05/03,14.3,14.55,14.3,14.4,272.0,3944.0,0.6993,0.0963,178.0,7.0,0.0,-6.0,1.0,4034.0,19.0,43.0,0.0,49.0,0.0,,0.56,5.56
2019/05/06,14.3,14.35,14.2,14.25,361.0,5154.0,-1.0417,0.1279,196.0,-42.0,0.0,-2.0,-44.0,4003.0,24.0,55.0,0.0,52.0,3.0,,0.55,5.61
2019/05/07,14.25,14.35,14.2,14.3,245.0,3508.0,0.3509,0.0868,125.0,-18.0,0.0,-8.0,-26.0,4017.0,24.0,10.0,0.0,52.0,0.0,,0.56,5.59
2019/05/08,14.3,14.3,14.1,14.3,351.0,4997.0,0.0,0.1243,159.0,-13.0,0.0,0.0,-13.0,4003.0,33.0,47.0,1.0,51.0,0.0,,0.56,5.59
2019/05/09,14.15,14.2,13.8,13.85,810.0,11288.0,-3.1469,0.2869,355.0,-78.0,0.0,0.0,-78.0,3895.0,23.0,131.0,0.0,63.0,12.0,,0.54,3.61
2019/05/10,13.9,13.95,13.6,13.65,377.0,5198.0,-1.444,0.1335,193.0,-79.0,0.0,0.0,-79.0,3912.0,58.0,41.0,0.0,63.0,0.0,,0.53,3.66
2019/05/13,13.55,13.55,13.25,13.3,526.0,7030.0,-2.5641,0.1863,225.0,33.0,0.0,7.0,40.0,3952.0,72.0,29.0,0.0,63.0,0.0,,0.51,3.76
2019/05/14,13.1,13.45,13.05,13.4,371.0,4914.0,0.7519,0.1314,213.0,56.0,0.0,58.0,114.0,3957.0,32.0,25.0,15.0,49.0,1.0,,0.51,3.73
2019/05/15,13.45,13.55,13.35,13.35,234.0,3152.0,-0.3731,0.0829,138.0,10.0,0.0,0.0,10.0,3981.0,44.0,20.0,0.0,49.0,0.0,,0.51,3.75
2019/05/16,13.3,13.4,13.2,13.3,272.0,3618.0,-0.3745,0.0963,118.0,11.0,0.0,0.0,11.0,3971.0,7.0,17.0,0.0,49.0,0.0,,0.51,3.76
2019/05/17,13.35,13.35,13.05,13.05,451.0,5943.0,-1.8797,0.1597,236.0,-68.0,0.0,0.0,-68.0,3990.0,35.0,16.0,0.0,49.0,0.0,,0.5,3.83
2019/05/20,13.15,13.25,13.1,13.1,192.0,2520.0,0.3831,0.068,108.0,12.0,0.0,18.0,30.0,3984.0,5.0,11.0,0.0,50.0,1.0,,0.5,3.82
2019/05/21,13.1,13.25,13.05,13.2,224.0,2947.0,0.7634,0.0793,147.0,69.0,0.0,7.0,76.0,3960.0,7.0,31.0,1.0,49.0,0.0,,0.51,3.79
2019/05/22,13.35,14.5,13.3,14.5,2267.0,32228.0,9.8485,0.8029,1074.0,7.0,0.0,7.0,14.0,4126.0,242.0,76.0,33.0,259.0,243.0,,0.56,3.45
2019/05/23,14.1,15.0,14.1,14.7,5166.0,75735.0,1.3793,1.8296,2342.0,-337.0,0.0,6.0,-331.0,4256.0,384.0,254.0,91.0,610.0,442.0,,0.56,3.4
2019/05/24,14.55,14.6,14.4,14.5,840.0,12160.0,-1.3605,0.2975,479.0,103.0,0.0,0.0,103.0,4176.0,39.0,119.0,167.0,444.0,1.0,,0.56,3.45
2019/05/27,14.35,14.5,14.1,14.25,547.0,7792.0,-1.7241,0.1937,334.0,84.0,0.0,1.0,85.0,4042.0,9.0,143.0,152.0,302.0,10.0,,0.55,3.51
2019/05/28,14.15,14.5,14.15,14.4,290.0,4174.0,1.0526,0.1027,199.0,18.0,0.0,-1.0,17.0,4086.0,59.0,14.0,20.0,298.0,16.0,,0.55,3.47
2019/05/29,14.3,14.65,14.2,14.5,1421.0,20601.0,0.6944,0.5033,426.0,27.0,0.0,-3.0,24.0,4022.0,49.0,113.0,114.0,222.0,38.0,,0.56,3.45
2019/05/30,14.5,14.7,14.35,14.5,979.0,14240.0,0.0,0.3467,295.0,265.0,0.0,0.0,265.0,3993.0,14.0,43.0,19.0,203.0,0.0,,0.56,3.45
2019/05/31,14.65,15.3,14.65,15.15,3654.0,55034.0,4.4828,1.2941,1818.0,-131.0,0.0,15.0,-116.0,4198.0,445.0,240.0,1.0,431.0,229.0,,0.58,3.3
2019/06/03,14.95,15.05,14.85,15.0,655.0,9806.0,-0.9901,0.232,355.0,61.0,0.0,0.0,61.0,4204.0,81.0,75.0,61.0,375.0,5.0,,0.58,3.33
2019/06/04,15.0,15.05,14.85,15.0,513.0,7682.0,0.0,0.1817,262.0,97.0,0.0,-4.0,93.0,4214.0,44.0,34.0,26.0,349.0,0.0,,0.58,3.33
2019/06/05,15.15,15.5,14.85,14.85,758.0,11433.0,-1.0,0.2684,359.0,-4.0,0.0,-3.0,-7.0,4181.0,91.0,124.0,0.0,349.0,0.0,,0.57,3.37
2019/06/06,14.85,14.85,14.4,14.4,583.0,8497.0,-3.0303,0.2065,310.0,81.0,0.0,0.0,81.0,4202.0,75.0,54.0,37.0,314.0,2.0,,0.55,3.47
2019/06/10,14.45,14.65,14.45,14.55,200.0,2916.0,1.0417,0.0708,140.0,29.0,0.0,0.0,29.0,4245.0,52.0,9.0,2.0,312.0,0.0,,0.56,3.44
2019/06/11,14.65,15.1,14.6,14.9,1222.0,18177.0,2.4055,0.4328,487.0,51.0,0.0,10.0,61.0,4370.0,189.0,64.0,0.0,349.0,37.0,,0.57,3.36
2019/06/12,14.85,15.0,14.8,14.9,221.0,3296.0,0.0,0.0783,131.0,16.0,0.0,2.0,18.0,4350.0,16.0,36.0,8.0,341.0,0.0,,0.57,3.36
2019/06/13,15.0,15.1,14.7,14.7,870.0,13047.0,-1.3423,0.3081,330.0,-10.0,0.0,0.0,-10.0,4359.0,130.0,121.0,0.0,342.0,1.0,,0.56,3.4
2019/06/14,14.8,15.15,14.8,14.85,409.0,6113.0,1.0204,0.1448,214.0,23.0,0.0,-1.0,22.0,4403.0,67.0,22.0,0.0,342.0,0.0,,0.57,3.37
2019/06/17,14.75,15.0,14.65,14.7,286.0,4228.0,-1.0101,0.1013,199.0,26.0,0.0,1.0,27.0,4386.0,28.0,45.0,0.0,342.0,0.0,,0.56,3.4
2019/06/18,14.75,14.8,14.45,14.45,369.0,5373.0,-1.7007,0.1307,212.0,27.0,0.0,-2.0,25.0,4321.0,30.0,95.0,45.0,297.0,0.0,,0.55,3.46
2019/06/19,14.5,14.7,14.45,14.6,416.0,6084.0,1.0381,0.1473,209.0,15.0,0.0,49.0,64.0,4414.0,139.0,46.0,40.0,257.0,0.0,,0.56,3.42
2019/06/20,14.75,14.8,14.65,14.8,391.0,5762.0,1.3699,0.1385,182.0,35.0,0.0,5.0,40.0,4318.0,35.0,131.0,62.0,195.0,0.0,,0.57,3.38
2019/06/21,14.8,14.8,14.55,14.6,336.0,4947.0,-1.3514,0.119,177.0,49.0,0.0,0.0,49.0,4302.0,11.0,27.0,8.0,187.0,0.0,,0.56,3.42
2019/06/24,14.6,14.8,14.45,14.8,374.0,5471.0,1.3699,0.1325,164.0,-20.0,0.0,0.0,-20.0,4279.0,41.0,64.0,69.0,118.0,0.0,,0.57,3.38
2019/06/25,14.85,14.85,14.6,14.65,264.0,3909.0,-1.0135,0.0935,115.0,-10.0,0.0,0.0,-10.0,4293.0,29.0,15.0,29.0,89.0,0.0,,0.56,3.41
2019/06/26,14.55,14.6,14.5,14.55,212.0,3092.0,-0.6826,0.0751,104.0,-13.0,0.0,3.0,-10.0,4283.0,20.0,22.0,7.0,82.0,0.0,,0.56,3.44
2019/06/27,14.6,14.65,14.5,14.55,261.0,3809.0,0.0,0.0924,122.0,16.0,0.0,1.0,17.0,4263.0,18.0,38.0,0.0,82.0,0.0,,0.56,3.44
2019/06/28,14.55,14.7,14.5,14.6,207.0,3028.0,0.3436,0.0733,110.0,-58.0,0.0,0.0,-58.0,4252.0,29.0,39.0,3.0,79.0,0.0,,0.56,3.42
2019/07/01,14.65,14.95,14.65,14.75,580.0,8585.0,1.0274,0.2054,271.0,-9.0,0.0,3.0,-6.0,4396.0,186.0,42.0,1.0,78.0,0.0,,0.57,3.39
2019/07/02,14.85,14.9,14.7,14.8,246.0,3647.0,0.339,0.0871,124.0,8.0,0.0,0.0,8.0,4388.0,50.0,58.0,7.0,71.0,0.0,,0.57,3.38
2019/07/03,14.85,14.9,14.6,14.8,300.0,4443.0,0.0,0.1062,130.0,-11.0,0.0,-12.0,-23.0,4388.0,64.0,64.0,45.0,26.0,0.0,,0.57,3.38
2019/07/04,14.75,14.85,14.7,14.75,352.0,5216.0,-0.3378,0.1247,140.0,60.0,0.0,0.0,60.0,4249.0,24.0,163.0,0.0,26.0,0.0,,0.57,3.39
2019/07/05,14.8,14.9,14.75,14.85,258.0,3836.0,0.678,0.0914,137.0,82.0,0.0,0.0,82.0,4219.0,35.0,63.0,0.0,26.0,0.0,,0.57,3.37
2019/07/08,14.9,16.3,14.9,16.15,10614.0,169289.0,8.7542,3.759,3763.0,58.0,0.0,39.0,97.0,5894.0,2438.0,763.0,1.0,146.0,121.0,,0.62,3.1
2019/07/09,16.2,16.5,15.9,16.05,8767.0,141877.0,-0.6192,3.1049,3338.0,-45.0,0.0,0.0,-45.0,5582.0,757.0,1069.0,55.0,184.0,93.0,,0.62,3.12
2019/07/10,16.05,16.2,15.75,15.8,1751.0,27804.0,-1.5576,0.6201,887.0,-49.0,0.0,22.0,-27.0,5500.0,210.0,292.0,102.0,83.0,1.0,,0.61,3.16
2019/07/11,15.8,16.4,15.8,16.05,3085.0,49827.0,1.5823,1.0926,1151.0,-41.0,0.0,-1.0,-42.0,5715.0,617.0,402.0,2.0,106.0,25.0,,0.62,3.12
2019/07/12,16.05,17.65,16.05,17.35,10677.0,181197.0,8.0997,3.7813,4198.0,-110.0,0.0,18.0,-92.0,6041.0,1402.0,1076.0,12.0,253.0,159.0,,0.67,2.88
2019/07/15,17.4,17.45,16.95,17.35,3982.0,68646.0,0.0,1.4102,1726.0,-287.0,0.0,0.0,-287.0,6562.0,1182.0,661.0,26.0,266.0,39.0,,0.67,2.88
2019/07/16,17.35,18.05,17.35,17.6,5938.0,105209.0,1.4409,2.103,2438.0,-165.0,0.0,-29.0,-194.0,6537.0,859.0,884.0,7.0,286.0,27.0,,0.67,2.84
2019/07/17,17.8,17.8,17.0,17.2,2561.0,44230.0,-2.2727,0.907,1211.0,-42.0,0.0,1.0,-41.0,6517.0,430.0,448.0,32.0,265.0,11.0,,0.66,2.91
2019/07/18,17.05,17.45,16.85,16.85,1840.0,31458.0,-2.0349,0.6516,826.0,-50.0,0.0,0.0,-50.0,6471.0,314.0,360.0,22.0,253.0,10.0,,0.65,2.97
2019/07/19,16.85,17.15,16.7,16.7,1620.0,27325.0,-0.8902,0.5737,735.0,-16.0,0.0,0.0,-16.0,6416.0,274.0,325.0,26.0,233.0,6.0,,0.64,2.99
2019/07/22,16.7,17.25,16.6,17.05,1509.0,25575.0,2.0958,0.5344,675.0,70.0,0.0,1.0,71.0,6425.0,200.0,188.0,24.0,210.0,1.0,,0.65,2.93
2019/07/23,17.05,17.6,17.0,17.45,2616.0,45491.0,2.346,0.9265,1168.0,87.0,0.0,-1.0,86.0,6508.0,375.0,291.0,1.0,236.0,27.0,,0.67,2.87
2019/07/24,17.55,17.9,17.55,17.8,3962.0,70413.0,2.0057,1.4032,1755.0,-298.0,0.0,-29.0,-327.0,6531.0,406.0,383.0,30.0,252.0,46.0,,0.68,2.81
2019/07/25,17.7,17.8,17.5,17.8,1603.0,28241.0,0.0,0.5677,685.0,75.0,0.0,-2.0,73.0,6739.0,394.0,184.0,30.0,231.0,9.0,,0.68,2.81
2019/07/26,17.8,17.95,17.55,17.65,1044.0,18475.0,-0.8427,0.3697,508.0,-144.0,0.0,0.0,-144.0,6915.0,253.0,67.0,39.0,191.0,0.0,,0.68,2.83
2019/07/29,17.7,17.8,17.1,17.1,1876.0,32385.0,-3.1161,0.6644,871.0,321.0,0.0,0.0,321.0,6779.0,273.0,409.0,38.0,160.0,7.0,,0.66,2.92
2019/07/30,17.2,17.35,16.9,17.25,1223.0,21041.0,0.8772,0.4331,489.0,320.0,0.0,106.0,426.0,6764.0,238.0,253.0,3.0,164.0,7.0,,0.66,2.9
2019/07/31,17.3,17.75,17.25,17.25,1133.0,19767.0,0.0,0.4013,520.0,-87.0,0.0,3.0,-84.0,6755.0,173.0,158.0,2.0,167.0,5.0,,0.66,2.9
2019/08/01,17.05,17.3,17.05,17.2,415.0,7134.0,-0.2899,0.147,239.0,85.0,0.0,0.0,85.0,6699.0,77.0,133.0,6.0,171.0,10.0,,0.66,2.91
2019/08/02,17.15,17.15,16.7,16.85,1093.0,18424.0,-2.0349,0.3871,493.0,52.0,0.0,30.0,82.0,6587.0,127.0,239.0,11.0,160.0,0.0,,0.65,2.97
2019/08/05,16.85,17.1,16.4,16.45,868.0,14490.0,-2.3739,0.3074,413.0,2.0,0.0,14.0,16.0,6497.0,173.0,263.0,30.0,132.0,2.0,,0.63,3.04
2019/08/06,15.95,16.8,15.7,16.55,1903.0,31313.0,0.6079,0.674,590.0,394.0,0.0,-66.0,328.0,6413.0,64.0,98.0,60.0,89.0,17.0,,0.63,3.02
2019/08/07,16.8,16.85,16.45,16.45,359.0,5956.0,-0.6042,0.1271,175.0,-47.0,0.0,-14.0,-61.0,6406.0,26.0,33.0,15.0,73.0,0.0,,0.63,3.04
2019/08/08,16.45,17.0,16.45,16.7,721.0,12121.0,1.5198,0.2553,278.0,67.0,0.0,0.0,67.0,6414.0,94.0,76.0,2.0,76.0,5.0,,0.64,2.99
2019/08/12,16.7,16.85,16.35,16.35,861.0,14240.0,-2.0958,0.3049,349.0,-160.0,0.0,0.0,-160.0,6338.0,35.0,76.0,35.0,43.0,2.0,,0.63,3.06
2019/08/13,16.35,16.35,16.1,16.2,391.0,6335.0,-0.9174,0.1385,210.0,24.0,0.0,10.0,34.0,6345.0,28.0,21.0,38.0,5.0,0.0,,0.64,3.09
2019/08/14,16.55,16.55,16.1,16.1,451.0,7323.0,-0.6173,0.1597,263.0,-76.0,0.0,20.0,-56.0,6349.0,51.0,47.0,0.0,0.0,0.0,,0.63,3.11
2019/08/15,15.8,15.95,15.7,15.95,755.0,11937.0,-0.9317,0.2674,372.0,116.0,0.0,25.0,141.0,6325.0,60.0,84.0,0.0,0.0,0.0,,0.63,3.13
2019/08/16,15.9,16.55,15.85,16.3,650.0,10560.0,2.1944,0.2302,401.0,80.0,0.0,32.0,112.0,6294.0,29.0,60.0,0.0,0.0,0.0,,0.64,3.07
2019/08/19,16.2,16.2,15.9,16.05,376.0,6040.0,1.5337,0.1332,255.0,-50.0,0.0,0.0,-50.0,6295.0,34.0,33.0,0.0,0.0,0.0,,0.63,3.12
2019/08/20,16.05,16.2,15.8,15.8,430.0,6877.0,-1.5576,0.1523,224.0,-61.0,0.0,10.0,-51.0,6248.0,24.0,71.0,0.0,0.0,0.0,,0.62,3.16
2019/08/21,15.8,16.15,15.8,16.05,399.0,6395.0,1.5823,0.1413,223.0,136.0,0.0,-22.0,114.0,6300.0,77.0,25.0,0.0,1.0,1.0,,0.63,3.12
2019/08/22,16.05,16.3,16.05,16.1,410.0,6646.0,0.3115,0.1452,250.0,63.0,0.0,3.0,66.0,6270.0,12.0,42.0,0.0,1.0,0.0,,0.63,3.11
2019/08/23,16.1,16.25,16.05,16.1,164.0,2643.0,0.0,0.0581,105.0,2.0,0.0,0.0,2.0,6287.0,24.0,7.0,0.0,11.0,10.0,,0.63,3.11
2019/08/26,15.8,16.5,15.8,16.35,2443.0,39676.0,1.5528,0.8652,675.0,15.0,0.0,-10.0,5.0,6309.0,82.0,60.0,0.0,25.0,14.0,,0.64,3.06
2019/08/27,16.4,16.5,16.2,16.25,340.0,5548.0,-0.6116,0.1204,189.0,-18.0,0.0,0.0,-18.0,6293.0,32.0,48.0,1.0,24.0,0.0,,0.64,3.08
2019/08/28,16.3,16.75,16.3,16.4,741.0,12242.0,0.9231,0.2624,349.0,61.0,0.0,27.0,88.0,6326.0,72.0,39.0,0.0,25.0,1.0,,0.65,3.05
2019/08/29,16.5,16.65,16.4,16.5,254.0,4191.0,0.6098,0.09,145.0,-53.0,0.0,4.0,-49.0,6359.0,49.0,16.0,0.0,27.0,2.0,,0.65,3.03
2019/08/30,16.5,16.9,16.5,16.9,1121.0,18742.0,2.4242,0.397,497.0,251.0,0.0,-11.0,240.0,6312.0,71.0,118.0,0.0,41.0,14.0,,0.66,2.96
2019/09/02,16.9,17.05,16.7,16.9,790.0,13335.0,0.0,0.2798,333.0,-24.0,0.0,7.0,-17.0,6360.0,80.0,32.0,0.0,70.0,29.0,,0.66,2.96
2019/09/03,16.85,17.15,16.7,17.0,741.0,12557.0,0.5917,0.2624,336.0,163.0,0.0,8.0,171.0,6254.0,38.0,144.0,0.0,81.0,11.0,,0.67,2.94
2019/09/04,17.0,17.05,16.85,16.95,615.0,10438.0,-0.2941,0.2178,288.0,100.0,0.0,23.0,123.0,6247.0,37.0,44.0,0.0,81.0,0.0,,0.67,2.95
2019/09/05,16.95,17.4,16.85,16.95,3277.0,56115.0,0.0,1.1606,925.0,-429.0,0.0,-25.0,-454.0,6371.0,300.0,176.0,0.0,82.0,1.0,,0.67,2.95
2019/09/06,17.0,17.05,16.6,16.9,986.0,16626.0,-0.295,0.3492,411.0,52.0,0.0,0.0,52.0,6344.0,48.0,75.0,3.0,80.0,1.0,,0.66,2.96
2019/09/09,16.9,17.2,16.85,16.85,471.0,7999.0,-0.2959,0.1668,204.0,47.0,0.0,0.0,47.0,6298.0,50.0,92.0,1.0,79.0,0.0,,0.66,2.97
2019/09/10,16.5,16.5,16.3,16.5,869.0,14264.0,-2.0772,0.3078,397.0,27.0,0.0,-70.0,-43.0,6127.0,66.0,237.0,28.0,51.0,0.0,,0.65,3.03
2019/09/11,16.5,16.75,16.4,16.65,551.0,9152.0,0.9091,0.1951,204.0,78.0,0.0,-46.0,32.0,6134.0,37.0,30.0,0.0,78.0,27.0,,0.65,3.0
2019/09/12,16.6,16.95,16.55,16.9,690.0,11624.0,1.5015,0.2444,266.0,239.0,0.0,19.0,258.0,6132.0,56.0,58.0,1.0,85.0,8.0,,0.66,2.96
2019/09/16,17.0,17.05,16.8,16.8,252.0,4270.0,-0.5917,0.0892,129.0,47.0,0.0,-6.0,41.0,6108.0,81.0,55.0,0.0,85.0,0.0,,0.66,2.98
2019/09/17,16.95,16.95,16.7,16.8,104.0,1758.0,0.0,0.0368,76.0,20.0,0.0,0.0,20.0,6078.0,37.0,22.0,2.0,83.0,0.0,,0.66,2.98
2019/09/18,16.75,16.9,16.65,16.8,402.0,6769.0,0.0,0.1424,280.0,112.0,0.0,-14.0,98.0,6112.0,72.0,38.0,35.0,48.0,0.0,,0.66,2.98
2019/09/19,17.0,17.35,16.7,16.7,915.0,15524.0,-0.5952,0.3241,478.0,-80.0,0.0,1.0,-79.0,6149.0,162.0,125.0,0.0,49.0,1.0,,0.66,2.99
2019/09/20,16.8,16.8,16.7,16.75,246.0,4137.0,0.2994,0.0871,147.0,62.0,0.0,0.0,62.0,6181.0,76.0,43.0,0.0,52.0,3.0,,0.66,2.99
2019/09/23,16.75,16.95,16.75,16.8,208.0,3506.0,0.2985,0.0737,134.0,126.0,0.0,-3.0,123.0,6184.0,18.0,15.0,0.0,52.0,0.0,,0.66,2.98
2019/09/24,16.9,17.0,16.8,16.8,485.0,8200.0,0.0,0.1718,279.0,241.0,0.0,-13.0,228.0,6169.0,33.0,48.0,0.0,53.0,1.0,,0.66,2.98
2019/09/25,16.85,16.95,16.75,16.95,543.0,9155.0,0.8929,0.1923,214.0,104.0,0.0,44.0,148.0,6189.0,50.0,30.0,1.0,52.0,0.0,,0.67,2.95
2019/09/26,17.0,17.15,16.85,17.1,634.0,10783.0,0.885,0.2245,319.0,-82.0,0.0,-21.0,-103.0,6212.0,56.0,33.0,0.0,51.0,0.0,,0.67,2.92
2019/09/27,17.2,17.25,16.7,16.8,565.0,9580.0,-1.7544,0.2001,309.0,-87.0,0.0,-55.0,-142.0,6263.0,116.0,65.0,0.0,51.0,0.0,,0.66,2.98
2019/10/01,16.8,17.2,16.75,16.75,565.0,9571.0,-0.2976,0.2001,249.0,29.0,0.0,50.0,79.0,6282.0,94.0,75.0,0.0,53.0,2.0,,0.66,2.99
2019/10/02,16.7,16.9,16.6,16.8,228.0,3830.0,0.2985,0.0807,131.0,83.0,0.0,8.0,91.0,6293.0,39.0,23.0,1.0,52.0,0.0,,0.66,2.98
2019/10/03,16.65,16.95,16.65,16.95,268.0,4508.0,0.8929,0.0949,133.0,38.0,0.0,6.0,44.0,6305.0,41.0,29.0,0.0,52.0,0.0,,0.67,2.95
2019/10/04,16.95,16.95,16.8,16.85,213.0,3593.0,-0.59,0.0754,126.0,-27.0,0.0,0.0,-27.0,6334.0,34.0,5.0,0.0,52.0,0.0,,0.66,2.97
2019/10/07,16.95,16.95,16.65,16.75,208.0,3502.0,-0.5935,0.0737,135.0,-47.0,0.0,0.0,-47.0,6377.0,50.0,7.0,2.0,50.0,0.0,,0.66,2.99
2019/10/08,16.75,17.55,16.75,16.8,3567.0,61534.0,0.2985,1.2633,1675.0,-312.0,0.0,21.0,-291.0,6648.0,491.0,220.0,0.0,65.0,15.0,,0.66,2.98
2019/10/09,16.7,17.3,16.7,17.05,2930.0,50240.0,1.4881,1.0377,1345.0,186.0,0.0,-54.0,132.0,6444.0,347.0,550.0,0.0,182.0,117.0,,0.67,2.93
2019/10/14,17.05,17.1,16.8,16.9,747.0,12622.0,-0.8798,0.2646,358.0,-122.0,0.0,19.0,-103.0,6445.0,84.0,83.0,94.0,90.0,2.0,,0.66,2.96
2019/10/15,16.9,16.95,16.65,16.9,739.0,12444.0,0.0,0.2617,325.0,-68.0,0.0,1.0,-67.0,6444.0,93.0,94.0,57.0,38.0,5.0,,0.66,2.96
2019/10/16,16.95,17.0,16.75,16.75,402.0,6777.0,-0.8876,0.1424,227.0,130.0,0.0,-3.0,127.0,6524.0,151.0,71.0,13.0,26.0,1.0,,0.66,2.99
2019/10/17,16.75,16.85,16.75,16.8,169.0,2844.0,0.2985,0.0599,112.0,-8.0,0.0,-1.0,-9.0,6537.0,41.0,28.0,0.0,30.0,4.0,,0.66,2.98
2019/10/18,16.8,16.95,16.7,16.7,378.0,6359.0,-0.5952,0.1339,203.0,1.0,0.0,10.0,11.0,6483.0,55.0,108.0,2.0,28.0,0.0,,0.66,2.99
2019/10/21,16.8,16.8,16.6,16.65,513.0,8583.0,-0.2994,0.1817,219.0,110.0,0.0,1.0,111.0,6318.0,125.0,290.0,0.0,28.0,0.0,,0.65,3.0
2019/10/22,16.7,17.2,16.65,16.85,1374.0,23333.0,1.2012,0.4866,583.0,126.0,0.0,-11.0,115.0,6310.0,125.0,133.0,0.0,29.0,1.0,,0.66,2.97
2019/10/23,16.9,17.65,16.9,17.35,3475.0,60330.0,2.9674,1.2307,1334.0,789.0,0.0,-9.0,780.0,6313.0,298.0,295.0,0.0,50.0,21.0,,0.68,2.88
2019/10/24,17.55,17.6,17.25,17.35,667.0,11622.0,0.0,0.2362,387.0,15.0,0.0,-2.0,13.0,6271.0,97.0,139.0,11.0,39.0,0.0,,0.68,2.88
2019/10/25,17.35,17.35,17.1,17.15,521.0,8954.0,-1.1527,0.1845,243.0,-82.0,0.0,0.0,-82.0,6339.0,173.0,105.0,3.0,37.0,1.0,,0.67,2.92
2019/10/28,17.2,17.2,17.0,17.0,438.0,7485.0,-0.8746,0.1551,204.0,36.0,0.0,10.0,46.0,6350.0,57.0,46.0,4.0,33.0,0.0,,0.67,2.94
2019/10/29,17.1,17.1,16.9,16.9,391.0,6649.0,-0.5882,0.1385,196.0,-104.0,0.0,0.0,-104.0,6443.0,123.0,30.0,1.0,32.0,0.0,,0.66,2.96
2019/10/30,16.9,17.05,16.9,17.0,256.0,4338.0,0.5917,0.0907,127.0,-25.0,0.0,1.0,-24.0,6466.0,46.0,23.0,0.0,32.0,0.0,,0.67,2.94
2019/10/31,17.0,17.2,16.8,16.85,563.0,9550.0,-0.8824,0.1994,227.0,-164.0,0.0,2.0,-162.0,6533.0,90.0,23.0,2.0,30.0,0.0,,0.66,2.97
2019/11/01,16.85,16.9,16.65,16.8,414.0,6949.0,-0.2967,0.1466,217.0,-65.0,0.0,0.0,-65.0,6510.0,31.0,54.0,2.0,29.0,1.0,,0.66,2.98
2019/11/04,16.7,16.8,16.7,16.8,325.0,5453.0,0.0,0.1151,185.0,-98.0,0.0,1.0,-97.0,6490.0,3.0,23.0,0.0,29.0,0.0,,0.66,2.98
2019/11/05,16.85,17.05,16.85,16.95,467.0,7944.0,0.8929,0.1654,197.0,-58.0,0.0,-15.0,-73.0,6446.0,8.0,52.0,0.0,29.0,0.0,,0.67,2.95
2019/11/06,16.95,17.15,16.7,17.0,776.0,13109.0,0.295,0.2748,302.0,2.0,0.0,1.0,3.0,6454.0,66.0,57.0,0.0,29.0,0.0,,0.67,2.94
2019/11/07,17.0,17.0,16.65,16.75,551.0,9256.0,-1.4706,0.1951,241.0,-151.0,0.0,10.0,-141.0,6448.0,24.0,30.0,0.0,29.0,0.0,,0.66,2.99
2019/11/08,16.75,16.8,16.6,16.75,320.0,5347.0,0.0,0.1133,166.0,-42.0,0.0,-31.0,-73.0,6457.0,24.0,15.0,0.0,34.0,5.0,,0.66,2.99
2019/11/11,16.7,16.7,16.1,16.2,701.0,11467.0,-3.2836,0.2483,353.0,-117.0,0.0,-15.0,-132.0,6511.0,147.0,91.0,9.0,25.0,0.0,,0.64,3.09
2019/11/12,16.2,16.45,16.2,16.45,353.0,5791.0,1.5432,0.125,149.0,-35.0,0.0,4.0,-31.0,6466.0,2.0,47.0,0.0,25.0,0.0,,0.68,3.04
2019/11/13,16.45,16.6,16.3,16.5,293.0,4826.0,0.304,0.1038,120.0,-22.0,0.0,5.0,-17.0,6455.0,36.0,46.0,0.0,25.0,0.0,,0.68,3.03
2019/11/14,16.5,16.5,16.25,16.45,168.0,2756.0,-0.303,0.0595,101.0,-46.0,0.0,5.0,-41.0,6467.0,20.0,8.0,0.0,25.0,0.0,,0.68,3.04
2019/11/15,16.45,16.55,16.4,16.5,285.0,4703.0,0.304,0.1009,108.0,-29.0,0.0,0.0,-29.0,6460.0,2.0,9.0,0.0,25.0,0.0,,0.68,3.03
2019/11/18,16.4,16.65,16.35,16.6,426.0,7042.0,0.6061,0.1509,273.0,1.0,0.0,0.0,1.0,6461.0,11.0,10.0,0.0,164.0,139.0,,0.69,3.01
2019/11/19,16.6,16.6,16.45,16.5,119.0,1976.0,-0.6024,0.0421,82.0,-4.0,0.0,5.0,1.0,6519.0,61.0,1.0,0.0,175.0,11.0,,0.68,3.03
2019/11/20,16.4,16.9,16.4,16.75,324.0,5402.0,1.5152,0.1147,196.0,32.0,0.0,-2.0,30.0,6509.0,12.0,22.0,0.0,195.0,20.0,,0.69,2.99
2019/11/21,16.7,16.95,16.7,16.9,547.0,9221.0,0.8955,0.1937,239.0,39.0,0.0,10.0,49.0,6503.0,27.0,20.0,0.0,196.0,1.0,,0.7,2.96
2019/11/22,16.9,17.15,16.85,17.05,851.0,14514.0,0.8876,0.3014,417.0,171.0,0.0,3.0,174.0,6426.0,18.0,95.0,0.0,197.0,1.0,,0.71,2.93
2019/11/25,17.05,17.1,16.85,16.9,124.0,2120.0,-0.8798,0.0439,84.0,3.0,0.0,0.0,3.0,6445.0,32.0,13.0,1.0,196.0,0.0,,0.7,2.96
2019/11/26,16.75,16.9,16.75,16.8,137.0,2311.0,-0.5917,0.0485,70.0,-9.0,0.0,1.0,-8.0,6494.0,52.0,3.0,1.0,195.0,0.0,,0.7,2.98
2019/11/27,16.85,16.9,16.75,16.8,144.0,2429.0,0.0,0.051,95.0,8.0,0.0,9.0,17.0,6515.0,45.0,24.0,0.0,195.0,0.0,,0.7,2.98
2019/11/28,16.8,16.85,16.75,16.8,127.0,2136.0,0.0,0.045,68.0,6.0,0.0,0.0,6.0,6531.0,30.0,2.0,6.0,189.0,0.0,,0.7,2.98
2019/11/29,16.8,16.85,16.7,16.75,251.0,4207.0,-0.2976,0.0889,123.0,-31.0,0.0,8.0,-23.0,6630.0,111.0,12.0,0.0,189.0,0.0,,0.69,2.99
2019/12/02,16.65,16.7,16.55,16.6,139.0,2316.0,-0.8955,0.0492,101.0,-26.0,0.0,-5.0,-31.0,6663.0,46.0,13.0,1.0,188.0,0.0,,0.69,3.01
2019/12/03,16.5,16.65,16.5,16.55,133.0,2209.0,-0.3012,0.0471,108.0,-15.0,0.0,0.0,-15.0,6686.0,28.0,0.0,0.0,236.0,48.0,,0.68,3.02
2019/12/04,16.55,16.65,16.5,16.6,189.0,3134.0,0.3021,0.0669,118.0,-39.0,0.0,-4.0,-43.0,6732.0,53.0,7.0,1.0,269.0,34.0,,0.69,3.01
2019/12/05,16.6,16.65,16.55,16.6,204.0,3391.0,0.0,0.0722,111.0,-8.0,0.0,-10.0,-18.0,6663.0,4.0,65.0,1.0,268.0,0.0,,0.69,3.01
2019/12/06,16.6,16.7,16.6,16.65,157.0,2622.0,0.3012,0.0556,88.0,-19.0,0.0,0.0,-19.0,6666.0,43.0,40.0,1.0,267.0,0.0,,0.69,3.0
2019/12/09,16.65,16.8,16.55,16.65,241.0,4019.0,0.0,0.0854,134.0,7.0,0.0,4.0,11.0,6670.0,12.0,8.0,1.0,266.0,0.0,,0.69,3.0
2019/12/10,16.65,16.75,16.6,16.7,204.0,3414.0,0.3003,0.0722,100.0,2.0,0.0,-5.0,-3.0,6679.0,18.0,9.0,0.0,266.0,0.0,,0.69,2.99
2019/12/11,16.95,16.95,16.55,16.6,351.0,5862.0,-0.5988,0.1243,200.0,-23.0,0.0,1.0,-22.0,6753.0,77.0,3.0,0.0,310.0,44.0,,0.69,3.01
2019/12/12,16.6,16.75,16.55,16.6,242.0,4040.0,0.0,0.0857,127.0,7.0,0.0,4.0,11.0,6774.0,24.0,1.0,0.0,310.0,0.0,,0.69,3.01
2019/12/13,16.6,16.7,16.5,16.55,197.0,3279.0,-0.3012,0.0698,121.0,-45.0,0.0,6.0,-39.0,6788.0,17.0,3.0,0.0,310.0,0.0,,0.68,3.02
2019/12/16,16.55,16.7,16.45,16.6,215.0,3567.0,0.3021,0.0761,158.0,44.0,0.0,0.0,44.0,6798.0,17.0,7.0,0.0,331.0,21.0,,0.69,3.01
2019/12/17,16.65,16.75,16.65,16.65,154.0,2587.0,0.3012,0.0545,133.0,101.0,0.0,-5.0,96.0,6796.0,7.0,9.0,0.0,336.0,5.0,,0.69,3.0
2019/12/18,16.65,17.0,16.65,16.85,754.0,12694.0,1.2012,0.267,379.0,177.0,0.0,-61.0,116.0,7090.0,330.0,36.0,0.0,336.0,0.0,,0.7,2.97
2019/12/19,17.05,17.35,16.85,16.9,2257.0,38648.0,0.2967,0.7993,1056.0,-78.0,0.0,-15.0,-93.0,7041.0,225.0,274.0,0.0,391.0,55.0,,0.7,2.96
2019/12/20,16.95,16.95,16.75,16.75,328.0,5527.0,-0.8876,0.1162,159.0,-123.0,0.0,17.0,-106.0,7094.0,74.0,21.0,26.0,365.0,0.0,,0.69,2.99
2019/12/23,16.75,17.0,16.75,16.75,187.0,3147.0,0.0,0.0662,113.0,1.0,0.0,-5.0,-4.0,7097.0,39.0,36.0,0.0,365.0,0.0,,0.69,2.99
2019/12/24,16.75,16.8,16.65,16.7,185.0,3092.0,-0.2985,0.0655,106.0,-8.0,0.0,-15.0,-23.0,7115.0,36.0,18.0,0.0,365.0,0.0,,0.69,2.99
2019/12/25,16.7,16.75,16.65,16.7,228.0,3820.0,0.0,0.0807,130.0,-11.0,0.0,-5.0,-16.0,7184.0,74.0,5.0,30.0,335.0,0.0,,0.69,2.99
2019/12/26,16.7,16.8,16.65,16.65,144.0,2407.0,-0.2994,0.051,95.0,2.0,0.0,5.0,7.0,7137.0,61.0,8.0,0.0,335.0,0.0,,0.69,3.0
2019/12/27,16.7,16.75,16.65,16.75,461.0,7709.0,0.6006,0.1633,170.0,36.0,0.0,-55.0,-19.0,7188.0,271.0,220.0,0.0,336.0,1.0,,0.69,2.99
2019/12/30,16.8,16.9,16.7,16.75,418.0,7038.0,0.0,0.148,183.0,33.0,0.0,-35.0,-2.0,7211.0,174.0,151.0,0.0,340.0,4.0,,0.69,2.99
2019/12/31,16.8,16.8,16.55,16.65,381.0,6355.0,-0.597,0.1349,182.0,6.0,0.0,2.0,8.0,7153.0,105.0,163.0,4.0,336.0,0.0,,0.69,3.0
2020/01/02,16.65,16.75,16.6,16.65,218.0,3643.0,0.0,0.0772,136.0,8.0,0.0,0.0,8.0,7191.0,65.0,27.0,0.0,336.0,0.0,,0.69,3.0
2020/01/03,16.65,16.7,16.25,16.35,454.0,7487.0,-1.8018,0.1608,239.0,-62.0,0.0,1.0,-61.0,7135.0,41.0,97.0,0.0,338.0,2.0,,0.68,3.06
2020/01/06,16.35,16.35,16.15,16.15,302.0,4915.0,-1.2232,0.107,175.0,14.0,0.0,0.0,14.0,7142.0,28.0,21.0,11.0,327.0,0.0,,0.67,3.1
2020/01/07,16.2,16.3,15.95,16.05,305.0,4911.0,-0.6192,0.108,188.0,-65.0,0.0,0.0,-65.0,7168.0,33.0,7.0,5.0,322.0,0.0,,0.66,3.12
2020/01/08,16.1,16.1,15.85,15.85,285.0,4545.0,-1.2461,0.1009,146.0,-46.0,0.0,-4.0,-50.0,7154.0,26.0,40.0,0.0,322.0,0.0,,0.66,3.15
2020/01/09,16.05,16.05,15.8,15.9,302.0,4817.0,0.3155,0.107,141.0,-22.0,0.0,3.0,-19.0,7207.0,62.0,6.0,0.0,322.0,0.0,,0.66,3.14
2020/01/10,15.95,16.05,15.85,16.0,299.0,4772.0,0.6289,0.1059,152.0,-33.0,0.0,0.0,-33.0,7213.0,107.0,73.0,0.0,323.0,1.0,,0.66,3.13
2020/01/13,16.0,16.3,15.85,15.85,802.0,12934.0,-0.9375,0.284,269.0,10.0,0.0,0.0,10.0,7245.0,89.0,56.0,1.0,322.0,0.0,,0.66,3.15
2020/01/14,15.85,15.9,15.8,15.9,224.0,3557.0,0.3155,0.0793,118.0,1.0,0.0,0.0,1.0,7252.0,42.0,35.0,0.0,322.0,0.0,,0.66,3.14
2020/01/15,15.9,15.9,15.75,15.8,140.0,2214.0,-0.6289,0.0496,104.0,5.0,0.0,-21.0,-16.0,7260.0,30.0,22.0,0.0,322.0,0.0,,0.65,3.16
2020/01/16,15.95,16.05,15.9,16.0,354.0,5663.0,1.2658,0.1254,146.0,-32.0,0.0,-4.0,-36.0,7222.0,10.0,46.0,0.0,322.0,0.0,,0.66,3.13
2020/01/17,16.0,16.0,15.9,15.9,87.0,1402.0,-0.625,0.0308,59.0,0.0,0.0,-3.0,-3.0,7196.0,2.0,28.0,0.0,322.0,0.0,,0.66,3.14
2020/01/20,15.9,15.95,15.8,15.8,251.0,3987.0,-0.6289,0.0889,129.0,-10.0,-11.0,-1.0,-22.0,7182.0,0.0,13.0,0.0,323.0,1.0,,0.65,3.16
2020/01/30,15.3,15.5,14.35,14.35,576.0,8543.0,-9.1772,0.204,301.0,10.0,0.0,-2.0,8.0,7282.0,133.0,31.0,2.0,331.0,10.0,,0.59,3.48
2020/01/31,14.35,14.8,14.35,14.5,270.0,3945.0,1.0453,0.0956,203.0,2.0,0.0,-1.0,1.0,7230.0,35.0,87.0,0.0,337.0,6.0,,0.6,3.45
2020/02/03,14.0,14.4,13.75,13.9,465.0,6480.0,-4.1379,0.1647,275.0,-13.0,0.0,3.0,-10.0,7229.0,66.0,57.0,2.0,335.0,0.0,,0.58,3.6
2020/02/04,13.95,14.3,13.95,14.2,293.0,4156.0,2.1583,0.1038,169.0,17.0,0.0,-1.0,16.0,7236.0,73.0,64.0,10.0,327.0,2.0,,0.59,3.52
2020/02/05,14.2,14.2,14.05,14.15,174.0,2459.0,-0.3521,0.0616,120.0,-37.0,0.0,-3.0,-40.0,7231.0,7.0,8.0,3.0,325.0,1.0,,0.59,3.53
2020/02/06,14.15,14.4,14.15,14.35,255.0,3644.0,1.4134,0.0903,147.0,31.0,0.0,0.0,31.0,7252.0,30.0,9.0,0.0,325.0,0.0,,0.59,3.48
2020/02/07,14.4,14.45,14.0,14.05,397.0,5613.0,-2.0906,0.1406,226.0,-82.0,0.0,0.0,-82.0,7236.0,25.0,41.0,0.0,335.0,10.0,,0.58,3.56
2020/02/10,13.9,13.9,13.55,13.75,428.0,5873.0,-2.1352,0.1516,229.0,14.0,0.0,0.0,14.0,7295.0,94.0,35.0,0.0,335.0,0.0,,0.57,3.64
2020/02/11,13.65,14.05,13.65,13.9,189.0,2638.0,1.0909,0.0669,145.0,35.0,0.0,0.0,35.0,7284.0,11.0,22.0,0.0,335.0,0.0,,0.58,3.6
2020/02/12,13.95,14.2,13.95,14.1,180.0,2538.0,1.4388,0.0637,149.0,14.0,0.0,8.0,22.0,7276.0,18.0,16.0,10.0,326.0,1.0,,0.58,3.55
2020/02/13,14.1,14.15,14.05,14.1,195.0,2755.0,0.0,0.0691,131.0,-37.0,0.0,0.0,-37.0,7271.0,0.0,5.0,1.0,325.0,0.0,,0.58,3.55
2020/02/14,14.1,14.2,14.05,14.1,90.0,1278.0,0.0,0.0319,86.0,-11.0,0.0,1.0,-10.0,7273.0,11.0,9.0,0.0,325.0,0.0,,0.58,3.55
2020/02/17,14.05,14.15,14.0,14.05,155.0,2180.0,-0.3546,0.0549,132.0,-4.0,0.0,1.0,-3.0,7280.0,13.0,6.0,0.0,325.0,0.0,,0.58,3.56
2020/02/18,13.95,14.05,13.9,14.05,176.0,2473.0,0.0,0.0623,111.0,20.0,0.0,-7.0,13.0,7322.0,63.0,21.0,0.0,325.0,1.0,,0.58,3.56
2020/02/19,14.05,14.25,14.05,14.15,173.0,2464.0,0.7117,0.0613,139.0,34.0,0.0,1.0,35.0,7280.0,1.0,42.0,0.0,352.0,27.0,,0.59,3.53
2020/02/20,14.25,14.35,14.15,14.2,159.0,2273.0,0.3534,0.0563,144.0,-33.0,0.0,-6.0,-39.0,7283.0,9.0,6.0,0.0,380.0,28.0,,0.59,3.52
2020/02/21,14.2,15.15,14.2,14.9,898.0,13173.0,4.9296,0.318,426.0,-49.0,0.0,-72.0,-121.0,7250.0,48.0,81.0,0.0,381.0,1.0,,0.62,3.36
2020/02/24,14.5,14.8,14.5,14.55,242.0,3549.0,-2.349,0.0857,206.0,-46.0,0.0,-2.0,-48.0,7249.0,7.0,8.0,1.0,380.0,0.0,,0.6,3.44
2020/02/25,14.4,14.5,14.35,14.4,176.0,2545.0,-1.0309,0.0623,146.0,-47.0,0.0,0.0,-47.0,7290.0,42.0,1.0,0.0,380.0,0.0,,0.6,3.47
2020/02/26,14.4,14.45,14.3,14.4,148.0,2135.0,0.0,0.0524,118.0,-61.0,0.0,0.0,-61.0,7335.0,52.0,7.0,0.0,380.0,0.0,,0.6,3.47
2020/02/27,14.45,14.45,14.0,14.1,233.0,3333.0,-2.0833,0.0825,161.0,-95.0,0.0,69.0,-26.0,7336.0,6.0,5.0,0.0,380.0,0.0,,0.58,3.55
2020/03/02,13.9,14.1,13.75,14.0,377.0,5230.0,-0.7092,0.1335,214.0,112.0,0.0,20.0,132.0,7299.0,29.0,64.0,0.0,390.0,10.0,,0.58,3.57
2020/03/03,14.15,14.45,14.0,14.0,162.0,2314.0,0.0,0.0574,121.0,-37.0,0.0,0.0,-37.0,7340.0,44.0,3.0,0.0,390.0,0.0,,0.58,3.57
2020/03/04,14.1,14.2,13.95,14.05,165.0,2321.0,0.3571,0.0584,119.0,-4.0,0.0,1.0,-3.0,7346.0,14.0,8.0,0.0,390.0,0.0,,0.58,3.56
2020/03/05,14.1,14.25,13.95,14.0,121.0,1711.0,-0.3559,0.0429,106.0,-23.0,0.0,0.0,-23.0,7328.0,17.0,35.0,0.0,390.0,0.0,,0.58,3.57
2020/03/06,14.0,14.0,13.85,13.9,159.0,2211.0,-0.7143,0.0563,126.0,-17.0,0.0,-24.0,-41.0,7342.0,14.0,0.0,0.0,390.0,0.0,,0.58,3.6
2020/03/09,13.8,13.85,13.55,13.55,254.0,3472.0,-2.518,0.09,195.0,-99.0,0.0,-4.0,-103.0,7360.0,35.0,17.0,2.0,388.0,0.0,,0.56,3.69
2020/03/10,13.3,13.45,13.2,13.45,433.0,5767.0,-0.738,0.1533,198.0,87.0,0.0,3.0,90.0,7393.0,47.0,14.0,0.0,388.0,0.0,,0.56,3.72
2020/03/11,13.5,13.55,13.4,13.4,134.0,1813.0,-0.3717,0.0475,127.0,-18.0,0.0,-2.0,-20.0,7411.0,28.0,8.0,2.0,387.0,1.0,,0.55,3.73
2020/03/12,13.4,13.4,12.5,12.8,449.0,5785.0,-4.4776,0.159,298.0,-36.0,0.0,-6.0,-42.0,7381.0,17.0,47.0,69.0,319.0,1.0,,0.53,3.91
2020/03/13,11.8,12.4,11.55,11.7,1180.0,13796.0,-8.5938,0.4179,502.0,-175.0,0.0,-10.0,-185.0,7142.0,22.0,256.0,1.0,321.0,3.0,,0.48,4.27
2020/03/16,11.7,11.95,11.45,11.6,473.0,5542.0,-0.8547,0.1675,404.0,-45.0,0.0,-1.0,-46.0,7158.0,58.0,42.0,204.0,117.0,0.0,,0.48,4.31
2020/03/17,11.2,11.35,10.9,10.95,778.0,8634.0,-5.6034,0.2755,277.0,43.0,0.0,8.0,51.0,7043.0,155.0,222.0,1.0,118.0,2.0,,0.45,4.57
2020/03/18,10.5,10.95,10.2,10.25,611.0,6496.0,-6.3927,0.2164,319.0,-103.0,0.0,1.0,-102.0,6987.0,137.0,186.0,3.0,119.0,4.0,,0.42,4.88
2020/03/19,9.88,9.92,9.23,9.23,1518.0,14123.0,-9.9512,0.5376,455.0,-18.0,0.0,-4.0,-22.0,6256.0,143.0,855.0,0.0,119.0,0.0,,0.38,5.42
2020/03/20,9.24,9.98,9.24,9.85,574.0,5596.0,6.7172,0.2033,340.0,131.0,0.0,-1.0,130.0,6146.0,23.0,133.0,4.0,117.0,2.0,,0.41,5.08
2020/03/23,9.74,9.77,9.3,9.43,260.0,2449.0,-4.264,0.0921,154.0,-65.0,0.0,1.0,-64.0,6111.0,41.0,76.0,0.0,117.0,0.0,,0.39,5.3
2020/03/24,9.3,9.84,9.3,9.82,328.0,3194.0,4.1357,0.1162,171.0,5.0,0.0,1.0,6.0,6125.0,28.0,14.0,0.0,117.0,0.0,,0.41,5.09
2020/03/25,9.92,10.4,9.92,10.3,273.0,2794.0,4.888,0.0967,164.0,71.0,0.0,-1.0,70.0,6115.0,14.0,24.0,0.0,117.0,0.0,,0.43,4.85
2020/03/26,10.35,10.35,10.15,10.3,158.0,1627.0,0.0,0.056,122.0,13.0,0.0,0.0,13.0,6137.0,45.0,23.0,0.0,117.0,0.0,,0.43,4.85
2020/03/27,10.55,10.55,10.35,10.4,251.0,2626.0,0.9709,0.0889,146.0,-23.0,0.0,0.0,-23.0,6206.0,83.0,14.0,0.0,117.0,0.0,,0.43,4.81
2020/03/30,9.92,10.45,9.92,10.2,112.0,1151.0,-1.9231,0.0397,99.0,13.0,0.0,0.0,13.0,6203.0,22.0,25.0,13.0,104.0,0.0,,0.44,4.9
2020/03/31,10.3,10.6,10.3,10.4,218.0,2294.0,1.9608,0.0772,188.0,-11.0,0.0,0.0,-11.0,6163.0,21.0,61.0,88.0,16.0,0.0,,0.45,4.81
2020/04/01,10.35,10.55,10.15,10.45,245.0,2555.0,0.4808,0.0868,130.0,-9.0,0.0,13.0,4.0,6180.0,94.0,72.0,0.0,16.0,0.0,,0.45,4.78
2020/04/06,10.45,10.55,10.25,10.5,132.0,1383.0,0.4785,0.0467,119.0,38.0,0.0,6.0,44.0,6163.0,1.0,17.0,4.0,12.0,0.0,,0.46,4.76
2020/04/07,10.5,10.8,10.5,10.75,328.0,3522.0,2.381,0.1162,175.0,-3.0,0.0,0.0,-3.0,6157.0,12.0,18.0,2.0,10.0,0.0,,0.47,4.65
2020/04/08,10.75,11.1,10.75,11.0,171.0,1875.0,2.3256,0.0606,122.0,29.0,0.0,0.0,29.0,6140.0,10.0,27.0,0.0,10.0,0.0,,0.48,4.55
2020/04/09,11.2,11.3,10.95,11.1,329.0,3652.0,0.9091,0.1165,164.0,-29.0,0.0,-10.0,-39.0,6042.0,21.0,119.0,0.0,10.0,0.0,,0.48,4.5
2020/04/10,11.2,11.35,11.05,11.35,204.0,2302.0,2.2523,0.0722,116.0,15.0,0.0,0.0,15.0,6075.0,49.0,13.0,10.0,0.0,0.0,,0.49,4.41
2020/04/13,11.25,11.3,11.1,11.2,271.0,3035.0,-1.3216,0.096,168.0,-76.0,0.0,-2.0,-78.0,6121.0,47.0,1.0,0.0,0.0,0.0,,0.49,4.46
2020/04/14,11.25,11.45,11.2,11.45,170.0,1935.0,2.2321,0.0602,143.0,59.0,0.0,5.0,64.0,6130.0,24.0,10.0,0.0,0.0,0.0,,0.5,4.37
2020/04/15,11.5,11.75,11.45,11.7,247.0,2863.0,2.1834,0.0875,178.0,54.0,0.0,-1.0,53.0,6120.0,8.0,18.0,0.0,0.0,0.0,,0.51,4.27
2020/04/16,11.75,11.75,11.5,11.65,242.0,2812.0,-0.4274,0.0857,124.0,-95.0,0.0,-1.0,-96.0,6194.0,77.0,1.0,0.0,3.0,3.0,,0.51,4.29
2020/04/17,11.8,11.85,11.4,11.5,308.0,3600.0,-1.2876,0.1091,183.0,-17.0,0.0,0.0,-17.0,6256.0,66.0,4.0,0.0,3.0,0.0,,0.5,4.35
2020/04/20,11.75,11.8,11.45,11.6,215.0,2505.0,0.8696,0.0761,110.0,-31.0,0.0,-2.0,-33.0,6262.0,19.0,13.0,0.0,6.0,3.0,,0.5,4.31
2020/04/21,11.6,11.6,11.05,11.05,268.0,3025.0,-4.7414,0.0949,141.0,-61.0,0.0,-13.0,-74.0,6310.0,51.0,3.0,2.0,15.0,11.0,,0.48,4.52
2020/04/22,11.1,11.25,11.0,11.05,167.0,1863.0,0.0,0.0591,105.0,-46.0,0.0,0.0,-46.0,6352.0,48.0,6.0,0.0,18.0,3.0,,0.48,4.52
2020/04/23,11.25,11.25,11.05,11.2,162.0,1812.0,1.3575,0.0574,104.0,4.0,0.0,-1.0,3.0,6348.0,5.0,9.0,0.0,7.0,0.0,,0.49,4.46
2020/04/24,11.2,11.35,11.15,11.2,112.0,1268.0,0.0,0.0397,102.0,10.0,0.0,-1.0,9.0,6347.0,20.0,21.0,0.0,9.0,2.0,,0.49,4.46
2020/04/27,11.15,11.5,11.15,11.45,170.0,1948.0,2.2321,0.0602,134.0,90.0,0.0,-1.0,89.0,6342.0,2.0,7.0,0.0,13.0,4.0,,0.5,4.37
2020/04/28,11.55,11.8,11.5,11.8,234.0,2735.0,3.0568,0.0829,139.0,50.0,0.0,0.0,50.0,6367.0,40.0,15.0,0.0,17.0,4.0,,0.51,4.24
2020/04/29,12.0,12.3,11.9,12.2,445.0,5397.0,3.3898,0.1576,236.0,60.0,0.0,1.0,61.0,6451.0,131.0,45.0,0.0,20.0,3.0,,0.53,4.1
2020/04/30,12.35,12.4,12.1,12.3,293.0,3596.0,0.8197,0.1038,156.0,50.0,0.0,0.0,50.0,6381.0,7.0,77.0,0.0,22.0,2.0,,0.53,4.07
2020/05/04,12.1,12.1,11.9,11.95,207.0,2475.0,-2.8455,0.0733,134.0,-68.0,0.0,-4.0,-72.0,6402.0,25.0,2.0,4.0,18.0,0.0,,0.52,4.18
2020/05/05,12.0,12.15,12.0,12.1,235.0,2836.0,1.2552,0.0832,94.0,-47.0,0.0,0.0,-47.0,6381.0,10.0,31.0,0.0,18.0,0.0,,0.53,4.13
2020/05/06,12.1,12.2,12.05,12.1,128.0,1555.0,0.0,0.0453,78.0,-3.0,0.0,0.0,-3.0,6379.0,4.0,0.0,0.0,20.0,2.0,,0.53,4.13
2020/05/07,12.1,12.3,12.05,12.15,596.0,7277.0,0.4132,0.2111,202.0,-16.0,0.0,1.0,-15.0,6400.0,25.0,4.0,0.0,20.0,0.0,,0.53,4.12
2020/05/08,12.2,12.3,12.0,12.0,233.0,2810.0,-1.2346,0.0825,145.0,-81.0,0.0,0.0,-81.0,6405.0,19.0,14.0,0.0,20.0,0.0,,0.57,4.17
2020/05/11,12.0,12.15,11.9,11.95,247.0,2973.0,-0.4167,0.0875,163.0,-18.0,0.0,0.0,-18.0,6412.0,11.0,4.0,0.0,20.0,0.0,,0.57,4.18
2020/05/12,11.95,11.95,11.8,11.9,235.0,2795.0,-0.4184,0.0832,137.0,-25.0,0.0,0.0,-25.0,6389.0,9.0,32.0,0.0,20.0,0.0,,0.57,4.2
2020/05/13,11.9,11.9,11.8,11.9,136.0,1622.0,0.0,0.0482,88.0,-39.0,0.0,0.0,-39.0,6396.0,8.0,1.0,0.0,20.0,0.0,,0.57,2.52
2020/05/14,11.9,12.3,11.75,11.85,190.0,2272.0,-0.4202,0.0673,104.0,-93.0,0.0,0.0,-93.0,6478.0,87.0,4.0,0.0,20.0,0.0,,0.56,2.53
2020/05/15,11.85,11.9,11.6,11.7,176.0,2078.0,-1.2658,0.0623,124.0,-51.0,0.0,5.0,-46.0,6476.0,12.0,14.0,1.0,19.0,0.0,,0.56,2.56
2020/05/18,11.7,11.7,11.6,11.65,94.0,1102.0,-0.4274,0.0333,91.0,4.0,0.0,0.0,4.0,6476.0,6.0,6.0,0.0,21.0,2.0,,0.55,2.58
2020/05/19,11.7,11.85,11.7,11.8,81.0,952.0,1.2876,0.0287,86.0,9.0,0.0,7.0,16.0,6475.0,2.0,3.0,0.0,21.0,0.0,,0.56,2.54
2020/05/20,11.8,11.9,11.75,11.85,160.0,1897.0,0.4237,0.0567,93.0,-15.0,0.0,4.0,-11.0,6478.0,3.0,0.0,2.0,19.0,0.0,,0.56,2.53
2020/05/21,11.9,12.0,11.9,11.9,129.0,1540.0,0.4219,0.0457,91.0,20.0,0.0,0.0,20.0,6446.0,4.0,36.0,0.0,19.0,0.0,,0.57,2.52
2020/05/22,11.8,11.85,11.6,11.65,158.0,1851.0,-2.1008,0.056,112.0,-49.0,0.0,-2.0,-51.0,6445.0,3.0,4.0,2.0,17.0,0.0,,0.55,2.58
2020/05/25,11.65,12.0,11.4,11.85,1322.0,15606.0,1.7167,0.4682,292.0,-68.0,0.0,0.0,-68.0,6479.0,42.0,8.0,0.0,34.0,17.0,,0.56,2.53
2020/05/26,12.0,12.0,11.75,11.85,155.0,1845.0,0.0,0.0549,110.0,21.0,0.0,1.0,22.0,6473.0,23.0,29.0,5.0,29.0,0.0,,0.56,2.53
2020/05/27,11.85,12.4,11.75,12.25,1623.0,19825.0,3.3755,0.5748,476.0,-82.0,0.0,0.0,-82.0,6502.0,52.0,23.0,2.0,46.0,19.0,,0.58,2.45
2020/05/28,12.25,12.3,11.95,12.05,336.0,4061.0,-1.6327,0.119,227.0,-90.0,0.0,-6.0,-96.0,6518.0,28.0,12.0,22.0,24.0,0.0,,0.57,2.49
2020/05/29,11.8,12.05,11.8,11.9,120.0,1441.0,-1.2448,0.0425,88.0,-28.0,0.0,-2.0,-30.0,6520.0,10.0,8.0,1.0,23.0,0.0,,0.57,2.52
2020/06/01,12.05,12.25,11.85,11.95,169.0,2034.0,0.4202,0.0599,115.0,13.0,0.0,-1.0,12.0,6512.0,3.0,6.0,0.0,23.0,0.0,,0.57,2.51
2020/06/02,12.1,12.3,12.0,12.05,247.0,3007.0,0.8368,0.0875,149.0,-4.0,0.0,0.0,-4.0,6497.0,13.0,25.0,0.0,23.0,0.0,,0.57,2.49
2020/06/03,12.05,13.25,12.05,12.75,7283.0,93464.0,5.8091,2.5793,1149.0,139.0,0.0,3.0,142.0,6750.0,324.0,71.0,0.0,123.0,100.0,,0.61,2.35
2020/06/04,12.6,12.75,12.4,12.55,990.0,12450.0,-1.5686,0.3506,444.0,-157.0,0.0,0.0,-157.0,6839.0,259.0,170.0,99.0,24.0,0.0,,0.6,2.39
2020/06/05,12.55,12.8,12.5,12.6,393.0,4972.0,0.3984,0.1392,168.0,-56.0,0.0,0.0,-56.0,6795.0,2.0,46.0,0.0,24.0,0.0,,0.6,2.38
2020/06/08,12.6,12.7,12.5,12.55,308.0,3873.0,-0.3968,0.1091,180.0,-31.0,0.0,0.0,-31.0,6853.0,67.0,9.0,2.0,22.0,0.0,,0.6,2.39
2020/06/09,12.5,12.5,12.25,12.35,227.0,2806.0,-1.5936,0.0804,158.0,-19.0,0.0,0.0,-19.0,6833.0,13.0,33.0,2.0,20.0,0.0,,0.59,2.43
2020/06/10,12.35,12.4,12.3,12.3,204.0,2528.0,-0.4049,0.0722,142.0,31.0,0.0,0.0,31.0,6824.0,4.0,13.0,0.0,20.0,0.0,,0.59,2.44
2020/06/11,12.3,12.35,11.85,11.95,382.0,4640.0,-2.8455,0.1353,250.0,-43.0,0.0,1.0,-42.0,6788.0,15.0,51.0,4.0,43.0,27.0,,0.57,2.51
2020/06/12,11.6,11.9,11.5,11.65,287.0,3350.0,-2.5105,0.1016,172.0,-30.0,0.0,1.0,-29.0,6784.0,37.0,41.0,13.0,30.0,0.0,,0.55,2.58
2020/06/15,11.65,11.8,11.6,11.6,309.0,3612.0,-0.4292,0.1094,202.0,-41.0,0.0,-1.0,-42.0,6789.0,5.0,0.0,14.0,20.0,4.0,,0.55,2.59
2020/06/16,11.65,12.0,11.65,11.85,485.0,5741.0,2.1552,0.1718,328.0,43.0,0.0,6.0,49.0,6793.0,17.0,13.0,2.0,18.0,0.0,,0.56,2.53
2020/06/17,11.95,12.7,11.95,12.45,1239.0,15452.0,5.0633,0.4388,650.0,22.0,0.0,0.0,22.0,6906.0,195.0,80.0,0.0,20.0,2.0,,0.59,2.41
2020/06/18,12.85,13.35,12.85,12.95,3223.0,42129.0,4.0161,1.1414,1461.0,-91.0,0.0,0.0,-91.0,6755.0,169.0,320.0,0.0,122.0,102.0,,0.62,2.32
2020/06/19,12.85,13.1,12.7,12.7,668.0,8546.0,-1.9305,0.2366,405.0,-320.0,0.0,-4.0,-324.0,6782.0,51.0,24.0,60.0,62.0,0.0,,0.6,2.36
2020/06/22,12.7,13.15,12.6,12.7,608.0,7813.0,0.0,0.2153,328.0,55.0,0.0,1.0,56.0,6758.0,26.0,50.0,34.0,28.0,0.0,,0.6,2.36
2020/06/23,12.75,12.75,12.4,12.5,453.0,5687.0,-1.5748,0.1604,246.0,-64.0,0.0,0.0,-64.0,6820.0,78.0,16.0,8.0,20.0,0.0,,0.59,2.4
2020/06/24,12.5,12.5,12.35,12.45,179.0,2229.0,-0.4,0.0634,142.0,5.0,0.0,0.0,5.0,6828.0,13.0,5.0,2.0,19.0,2.0,16.96,0.72,4.25
2020/06/29,12.25,12.3,11.95,12.05,750.0,9051.0,-3.2129,0.2656,384.0,-17.0,39.0,0.0,22.0,6866.0,45.0,7.0,0.0,19.0,0.0,,0.57,2.49
2020/06/30,12.2,12.25,12.1,12.2,200.0,2446.0,1.2448,0.0708,152.0,-9.0,0.0,0.0,-9.0,6869.0,5.0,2.0,0.0,19.0,0.0,,0.58,2.46
2020/07/01,12.15,12.7,12.15,12.7,795.0,9974.0,4.0984,0.2816,389.0,-9.0,0.0,0.0,-9.0,6903.0,174.0,140.0,0.0,21.0,2.0,,0.6,2.36
2020/07/02,13.2,13.4,13.0,13.0,3681.0,48317.0,2.3622,1.3036,1329.0,-221.0,0.0,4.0,-217.0,6752.0,364.0,511.0,0.0,154.0,133.0,,0.62,2.31
2020/07/03,12.95,13.0,12.8,12.95,403.0,5190.0,-0.3846,0.1427,255.0,-15.0,0.0,0.0,-15.0,6724.0,21.0,49.0,73.0,81.0,0.0,,0.62,2.32
2020/07/06,13.0,13.6,12.8,13.3,4601.0,61680.0,2.7027,1.6295,988.0,-15.0,0.0,8.0,-7.0,6730.0,116.0,109.0,13.0,98.0,30.0,,0.63,2.26
2020/07/07,13.3,13.4,12.95,13.05,640.0,8376.0,-1.8797,0.2267,373.0,-51.0,0.0,0.0,-51.0,6785.0,103.0,48.0,77.0,21.0,0.0,,0.62,2.3
2020/07/08,13.05,13.4,13.0,13.2,1239.0,16435.0,1.1494,0.4388,422.0,53.0,0.0,10.0,63.0,6743.0,30.0,72.0,0.0,21.0,0.0,,0.63,2.27
2020/07/09,13.4,13.4,13.2,13.35,728.0,9708.0,1.1364,0.2578,390.0,70.0,0.0,-7.0,63.0,6777.0,94.0,60.0,0.0,21.0,0.0,,0.64,2.25
2020/07/10,13.4,13.4,13.05,13.15,612.0,8070.0,-1.4981,0.2167,257.0,12.0,0.0,0.0,12.0,6738.0,54.0,93.0,0.0,21.0,0.0,,0.63,2.28
2020/07/13,13.15,13.25,13.05,13.1,393.0,5166.0,-0.3802,0.1392,196.0,-26.0,0.0,3.0,-23.0,6771.0,35.0,2.0,2.0,19.0,0.0,,0.62,2.29
2020/07/14,13.1,13.35,13.0,13.0,391.0,5117.0,-0.7634,0.1385,180.0,-14.0,0.0,0.0,-14.0,6764.0,7.0,14.0,4.0,15.0,0.0,,0.62,2.31
2020/07/15,13.05,13.35,13.0,13.0,624.0,8228.0,0.0,0.221,212.0,-7.0,0.0,0.0,-7.0,6738.0,10.0,36.0,2.0,13.0,0.0,,0.62,2.31
2020/07/16,13.0,13.4,13.0,13.2,1872.0,24769.0,1.5385,0.663,420.0,-51.0,0.0,23.0,-28.0,6571.0,96.0,263.0,2.0,11.0,0.0,,0.63,2.27
2020/07/17,13.2,13.2,12.9,12.9,406.0,5291.0,-2.2727,0.1438,202.0,-72.0,0.0,0.0,-72.0,6470.0,45.0,117.0,2.0,19.0,10.0,,0.61,2.33
2020/07/20,12.9,13.15,12.85,12.95,235.0,3038.0,0.3876,0.0832,114.0,-58.0,0.0,0.0,-58.0,6512.0,42.0,0.0,10.0,9.0,0.0,,0.62,2.32
2020/07/21,13.0,13.15,13.0,13.05,340.0,4437.0,0.7722,0.1204,189.0,99.0,0.0,-1.0,98.0,6119.0,6.0,29.0,9.0,0.0,0.0,,0.62,2.3
2020/07/22,13.05,13.15,12.95,13.0,367.0,4793.0,-0.3831,0.13,189.0,22.0,0.0,0.0,22.0,6114.0,14.0,19.0,0.0,0.0,0.0,,0.62,2.31
2020/07/23,13.05,13.1,12.95,12.95,273.0,3553.0,-0.3846,0.0967,138.0,-72.0,0.0,-3.0,-75.0,6125.0,12.0,1.0,0.0,0.0,0.0,,0.62,2.32
2020/07/24,12.85,13.0,12.7,12.7,545.0,6993.0,-1.9305,0.193,326.0,-175.0,0.0,5.0,-170.0,6126.0,17.0,11.0,0.0,0.0,0.0,,0.6,2.36
2020/07/27,12.4,12.5,12.3,12.35,406.0,5026.0,-0.3937,0.1438,201.0,-66.0,0.0,-7.0,-73.0,6139.0,31.0,18.0,0.0,2.0,2.0,,0.59,2.43
2020/07/28,12.35,12.35,12.0,12.15,599.0,7316.0,-1.6194,0.2121,211.0,-167.0,0.0,0.0,-167.0,6134.0,6.0,11.0,0.0,16.0,14.0,,0.58,2.47
2020/07/29,12.0,12.3,12.0,12.05,277.0,3363.0,-0.823,0.0981,132.0,-14.0,0.0,0.0,-14.0,6127.0,22.0,29.0,0.0,16.0,0.0,,0.57,2.49
2020/07/30,12.1,12.25,12.05,12.2,265.0,3216.0,1.2448,0.0939,137.0,-15.0,0.0,-1.0,-16.0,6166.0,39.0,0.0,13.0,3.0,0.0,,0.58,2.46
2020/07/31,12.2,12.3,12.15,12.2,227.0,2772.0,0.0,0.0804,104.0,28.0,0.0,-7.0,21.0,6153.0,0.0,13.0,0.0,8.0,5.0,,0.58,2.46
2020/08/03,12.15,12.8,12.1,12.35,3361.0,42207.0,1.2295,1.1903,637.0,-312.0,0.0,-21.0,-333.0,6148.0,66.0,71.0,3.0,5.0,0.0,,0.59,2.43
2020/08/04,12.2,12.65,12.2,12.35,279.0,3455.0,0.0,0.0988,172.0,-40.0,0.0,0.0,-40.0,6156.0,14.0,6.0,0.0,5.0,0.0,,0.59,2.43
2020/08/05,12.35,12.5,12.3,12.4,282.0,3486.0,0.4049,0.0999,137.0,-2.0,0.0,-2.0,-4.0,6213.0,57.0,0.0,2.0,3.0,0.0,,0.59,2.42
2020/08/06,12.45,12.45,12.3,12.35,208.0,2584.0,-0.4032,0.0737,153.0,10.0,0.0,0.0,10.0,6203.0,0.0,10.0,0.0,3.0,0.0,,0.59,2.43
2020/08/07,12.25,12.55,12.25,12.5,346.0,4304.0,1.2146,0.1225,204.0,-56.0,0.0,-1.0,-57.0,6207.0,14.0,10.0,0.0,3.0,0.0,,0.59,2.4
2020/08/10,12.45,12.5,12.4,12.4,252.0,3132.0,-0.8,0.0892,199.0,1.0,0.0,0.0,1.0,6237.0,42.0,12.0,1.0,3.0,1.0,,0.59,2.42
2020/08/11,12.4,12.45,12.25,12.25,286.0,3532.0,-1.2097,0.1013,174.0,26.0,0.0,-14.0,12.0,6251.0,37.0,23.0,0.0,3.0,0.0,,0.58,2.45
2020/08/12,12.25,12.25,12.0,12.1,190.0,2304.0,-1.2245,0.0673,143.0,-16.0,0.0,-3.0,-19.0,6244.0,5.0,12.0,0.0,5.0,2.0,,0.58,2.48
2020/08/13,12.1,12.3,12.1,12.2,236.0,2886.0,0.8264,0.0836,111.0,-3.0,0.0,3.0,0.0,6235.0,3.0,12.0,0.0,5.0,0.0,,0.58,2.46
2020/08/14,12.2,12.4,12.1,12.3,308.0,3769.0,0.8197,0.1091,159.0,73.0,0.0,2.0,75.0,6285.0,50.0,0.0,0.0,9.0,4.0,,0.59,2.44
2020/08/17,12.35,12.6,12.35,12.45,398.0,4977.0,1.2195,0.141,201.0,124.0,0.0,2.0,126.0,6258.0,13.0,40.0,0.0,10.0,1.0,,0.6,2.41
2020/08/18,12.5,12.55,12.4,12.45,517.0,6470.0,0.0,0.1831,218.0,127.0,0.0,6.0,133.0,6330.0,93.0,21.0,0.0,10.0,0.0,,0.6,2.41
2020/08/19,12.45,12.65,12.4,12.45,430.0,5388.0,0.0,0.1523,222.0,-6.0,0.0,-2.0,-8.0,6333.0,42.0,39.0,0.0,10.0,0.0,,0.6,2.41
2020/08/20,12.45,12.5,12.0,12.15,580.0,7046.0,-2.4096,0.2054,232.0,-169.0,0.0,0.0,-169.0,6231.0,15.0,117.0,0.0,35.0,25.0,,0.59,2.47
2020/08/21,12.3,12.5,12.2,12.35,280.0,3453.0,1.6461,0.0992,198.0,59.0,0.0,1.0,60.0,6205.0,21.0,37.0,0.0,37.0,2.0,,0.6,2.43
2020/08/24,12.35,12.4,12.3,12.4,155.0,1922.0,0.4049,0.0549,91.0,-3.0,0.0,0.0,-3.0,6192.0,7.0,15.0,0.0,37.0,0.0,,0.6,2.42
2020/08/25,12.4,12.6,12.4,12.5,302.0,3784.0,0.8065,0.107,179.0,93.0,0.0,0.0,93.0,6198.0,21.0,15.0,10.0,27.0,0.0,,0.6,2.4
2020/08/26,12.55,12.55,12.45,12.5,257.0,3229.0,0.0,0.091,138.0,40.0,0.0,0.0,40.0,6190.0,5.0,13.0,0.0,27.0,0.0,,0.6,2.4
2020/08/27,12.55,12.55,12.4,12.5,351.0,4391.0,0.0,0.1243,180.0,5.0,0.0,7.0,12.0,6279.0,90.0,1.0,1.0,26.0,0.0,,0.6,2.4
2020/08/28,12.45,12.6,12.35,12.45,446.0,5590.0,-0.4,0.158,174.0,7.0,0.0,-1.0,6.0,6342.0,70.0,4.0,3.0,23.0,0.0,,0.6,2.41
2020/08/31,12.45,12.7,12.45,12.7,440.0,5536.0,2.008,0.1558,173.0,59.0,0.0,0.0,59.0,6312.0,39.0,69.0,0.0,23.0,0.0,,0.61,2.36
2020/09/01,12.7,12.8,12.5,12.55,583.0,7373.0,-1.1811,0.2065,287.0,16.0,0.0,0.0,16.0,6249.0,54.0,117.0,0.0,23.0,0.0,,0.61,2.39
2020/09/02,12.6,12.95,12.6,12.7,1703.0,21860.0,1.1952,0.6031,429.0,-8.0,0.0,0.0,-8.0,6198.0,91.0,52.0,0.0,23.0,0.0,,0.61,2.36
2020/09/03,12.8,13.1,12.75,12.75,872.0,11301.0,0.3937,0.3088,376.0,133.0,0.0,10.0,143.0,6400.0,241.0,39.0,0.0,24.0,1.0,,0.62,2.35
2020/09/04,12.75,13.1,12.5,13.1,725.0,9352.0,2.7451,0.2568,276.0,7.0,0.0,0.0,7.0,6313.0,104.0,191.0,0.0,25.0,1.0,,0.63,2.29
2020/09/07,13.05,13.2,13.0,13.0,591.0,7742.0,-0.7634,0.2093,280.0,-25.0,0.0,0.0,-25.0,6321.0,82.0,74.0,0.0,27.0,2.0,,0.63,2.31
2020/09/08,13.05,13.3,12.95,13.05,876.0,11479.0,0.3846,0.3102,348.0,-87.0,0.0,0.0,-87.0,6340.0,54.0,35.0,0.0,27.0,0.0,,0.63,2.3
2020/09/09,13.0,13.1,12.9,13.1,331.0,4322.0,0.3831,0.1172,203.0,0.0,0.0,0.0,0.0,6330.0,17.0,24.0,0.0,31.0,4.0,,0.63,2.29
2020/09/10,13.1,13.25,13.0,13.0,418.0,5482.0,-0.7634,0.148,251.0,36.0,0.0,0.0,36.0,6339.0,26.0,17.0,0.0,31.0,0.0,,0.63,2.31
2020/09/11,13.05,13.1,12.85,12.95,598.0,7755.0,-0.3846,0.2118,222.0,-82.0,0.0,1.0,-81.0,6206.0,57.0,190.0,0.0,31.0,0.0,,0.63,2.32
2020/09/14,13.0,13.1,12.9,13.05,265.0,3448.0,0.7722,0.0939,169.0,-30.0,0.0,1.0,-29.0,6210.0,18.0,14.0,0.0,35.0,4.0,,0.63,2.3
2020/09/15,13.05,13.1,12.9,12.9,156.0,2022.0,-1.1494,0.0552,155.0,-36.0,0.0,0.0,-36.0,6215.0,25.0,20.0,1.0,35.0,1.0,,0.62,2.33
2020/09/16,12.85,13.0,12.8,12.85,263.0,3398.0,-0.3876,0.0931,210.0,6.0,0.0,0.0,6.0,6214.0,11.0,7.0,1.0,34.0,0.0,,0.62,2.33
2020/09/17,12.9,13.1,12.85,13.05,380.0,4952.0,1.5564,0.1346,215.0,37.0,0.0,-7.0,30.0,6184.0,11.0,41.0,0.0,35.0,1.0,,0.63,2.3
2020/09/18,13.05,13.5,13.05,13.45,1379.0,18427.0,3.0651,0.4884,624.0,323.0,0.0,-2.0,321.0,6284.0,225.0,125.0,4.0,32.0,1.0,,0.65,2.23
2020/09/21,13.85,14.75,13.75,14.55,7508.0,106713.0,8.1784,2.659,3221.0,-405.0,0.0,-13.0,-418.0,6737.0,1169.0,716.0,7.0,199.0,174.0,,0.7,2.06
2020/09/22,14.45,15.0,13.65,14.15,5719.0,82180.0,-2.7491,2.0254,2485.0,-464.0,-2.0,-14.0,-480.0,6916.0,781.0,602.0,165.0,71.0,37.0,,0.68,2.12
2020/09/23,14.2,14.45,13.95,13.95,2318.0,32985.0,-1.4134,0.8209,921.0,-229.0,0.0,0.0,-229.0,6906.0,265.0,275.0,10.0,83.0,22.0,,0.67,2.15
2020/09/24,13.95,13.95,12.65,12.85,3729.0,48555.0,-7.8853,1.3206,1450.0,127.0,0.0,-15.0,112.0,6023.0,251.0,1134.0,68.0,32.0,17.0,,0.65,2.23
2020/09/25,13.25,13.25,12.6,12.65,1173.0,15033.0,-1.5564,0.4154,491.0,-131.0,0.0,-2.0,-133.0,5895.0,33.0,161.0,9.0,22.0,0.0,,0.61,2.37
2020/09/28,12.7,12.95,12.65,12.8,475.0,6085.0,1.1858,0.1682,241.0,2.0,0.0,0.0,2.0,5901.0,68.0,62.0,0.0,26.0,4.0,,0.62,2.34
2020/09/29,12.85,13.0,12.75,12.95,337.0,4351.0,1.1719,0.1194,219.0,-83.0,0.0,0.0,-83.0,5935.0,72.0,36.0,13.0,14.0,1.0,,0.63,2.32
2020/09/30,12.9,13.4,12.8,13.4,574.0,7513.0,3.4749,0.2033,257.0,-84.0,0.0,-2.0,-86.0,5904.0,42.0,73.0,0.0,15.0,1.0,,0.65,2.24
2020/10/05,13.35,13.45,13.15,13.3,271.0,3606.0,-0.7463,0.096,218.0,2.0,0.0,0.0,2.0,5921.0,37.0,20.0,3.0,19.0,7.0,,0.64,2.26
2020/10/06,13.3,13.45,13.2,13.4,377.0,5031.0,0.7519,0.1335,266.0,13.0,0.0,0.0,13.0,5920.0,128.0,120.0,0.0,19.0,0.0,,0.65,2.24
2020/10/07,13.3,13.5,13.25,13.45,311.0,4172.0,0.3731,0.1101,192.0,14.0,0.0,0.0,14.0,5920.0,112.0,112.0,0.0,21.0,2.0,,0.65,2.23
2020/10/08,13.45,13.5,13.3,13.45,303.0,4061.0,0.0,0.1073,181.0,-55.0,0.0,0.0,-55.0,5905.0,41.0,50.0,0.0,22.0,1.0,,0.65,2.23
2020/10/12,13.6,13.95,13.3,13.4,818.0,11091.0,-0.3717,0.2897,388.0,-98.0,0.0,0.0,-98.0,5837.0,215.0,167.0,0.0,21.0,0.0,,0.65,2.24
2020/10/13,13.4,13.45,13.2,13.35,240.0,3203.0,-0.3731,0.085,160.0,-6.0,0.0,-2.0,-8.0,5796.0,56.0,97.0,0.0,21.0,0.0,,0.64,2.25
2020/10/14,13.25,13.35,13.15,13.15,812.0,10713.0,-1.4981,0.2876,232.0,77.0,0.0,0.0,77.0,5715.0,68.0,31.0,2.0,19.0,0.0,,0.63,2.28
2020/10/15,13.35,13.55,13.2,13.5,758.0,10169.0,2.6616,0.2684,395.0,52.0,0.0,-1.0,51.0,5834.0,327.0,208.0,0.0,21.0,2.0,,0.65,2.22
2020/10/16,13.5,13.85,13.3,13.4,804.0,10952.0,-0.7407,0.2847,396.0,-32.0,0.0,-6.0,-38.0,5819.0,256.0,271.0,2.0,19.0,0.0,,0.65,2.24
2020/10/19,13.45,13.6,13.2,13.4,404.0,5410.0,0.0,0.1431,257.0,26.0,0.0,9.0,35.0,5750.0,136.0,205.0,0.0,21.0,2.0,,0.65,2.24
2020/10/20,13.4,13.45,13.2,13.25,223.0,2974.0,-1.1194,0.079,147.0,-12.0,0.0,0.0,-12.0,5659.0,27.0,118.0,0.0,22.0,1.0,,0.64,2.26
2020/10/21,13.3,13.5,13.25,13.5,471.0,6309.0,1.8868,0.1668,251.0,52.0,0.0,15.0,67.0,5648.0,81.0,91.0,2.0,23.0,3.0,,0.65,2.22
2020/10/22,13.55,13.55,13.25,13.35,324.0,4330.0,-1.1111,0.1147,184.0,8.0,0.0,0.0,8.0,5650.0,126.0,124.0,0.0,23.0,0.0,,0.64,2.25
2020/10/23,13.4,13.4,13.2,13.25,415.0,5528.0,-0.7491,0.147,230.0,122.0,0.0,0.0,122.0,5596.0,112.0,166.0,0.0,23.0,0.0,,0.64,2.26
2020/10/26,13.3,13.4,13.2,13.25,277.0,3689.0,0.0,0.0981,208.0,-17.0,0.0,-1.0,-18.0,5560.0,48.0,84.0,0.0,24.0,1.0,,0.64,2.26
2020/10/27,13.1,13.35,13.05,13.15,326.0,4296.0,-0.7547,0.1155,230.0,29.0,0.0,0.0,29.0,5569.0,76.0,67.0,0.0,24.0,0.0,,0.63,2.28
2020/10/28,13.25,13.35,13.05,13.05,378.0,4978.0,-0.7605,0.1339,218.0,-45.0,0.0,-2.0,-47.0,5552.0,53.0,70.0,5.0,20.0,1.0,,0.63,2.3
2020/10/29,12.95,13.05,12.7,13.0,430.0,5528.0,-0.3831,0.1523,233.0,-23.0,0.0,0.0,-23.0,5504.0,50.0,98.0,9.0,24.0,13.0,,0.63,2.31
2020/10/30,13.1,13.1,12.85,12.9,253.0,3271.0,-0.7692,0.0896,156.0,-76.0,0.0,-3.0,-79.0,5507.0,20.0,17.0,1.0,23.0,0.0,,0.62,2.33
2020/11/02,13.0,13.0,12.75,12.9,238.0,3067.0,0.0,0.0843,112.0,-14.0,0.0,-2.0,-16.0,5500.0,14.0,18.0,0.0,23.0,0.0,,0.62,2.33
2020/11/03,13.0,13.05,12.9,13.05,182.0,2374.0,1.1628,0.0645,129.0,31.0,0.0,-1.0,30.0,5512.0,53.0,41.0,9.0,14.0,0.0,,0.63,2.3
2020/11/04,13.05,13.1,12.95,13.0,250.0,3252.0,-0.3831,0.0885,122.0,7.0,0.0,0.0,7.0,5511.0,28.0,29.0,0.0,14.0,0.0,,0.63,2.31
2020/11/05,13.0,13.3,13.0,13.0,464.0,6095.0,0.0,0.1643,147.0,125.0,0.0,3.0,128.0,5507.0,3.0,6.0,0.0,14.0,0.0,,0.63,2.31
2020/11/06,13.15,13.2,13.0,13.1,219.0,2866.0,0.7692,0.0776,119.0,-28.0,0.0,1.0,-27.0,5497.0,47.0,57.0,0.0,14.0,0.0,,0.63,2.29
2020/11/09,13.2,13.35,13.1,13.2,371.0,4894.0,0.7634,0.1314,185.0,-38.0,0.0,7.0,-31.0,5485.0,70.0,82.0,0.0,14.0,0.0,,0.67,2.22
2020/11/10,13.2,13.3,13.05,13.25,419.0,5525.0,0.3788,0.1484,241.0,-31.0,0.0,-1.0,-32.0,5496.0,87.0,76.0,0.0,14.0,0.0,,0.64,2.26
2020/11/11,13.15,13.3,13.1,13.2,650.0,8586.0,-0.3774,0.2302,282.0,295.0,0.0,13.0,308.0,5348.0,16.0,164.0,2.0,12.0,0.0,,0.64,2.27
2020/11/12,13.2,13.3,13.1,13.2,166.0,2195.0,0.0,0.0588,118.0,-41.0,0.0,2.0,-39.0,5340.0,30.0,38.0,0.0,12.0,0.0,,0.65,2.27
2020/11/13,13.2,13.4,13.2,13.25,602.0,8002.0,0.3788,0.2132,261.0,22.0,0.0,4.0,26.0,5316.0,110.0,134.0,0.0,12.0,0.0,,0.66,2.26
2020/11/16,13.3,13.4,13.25,13.3,493.0,6573.0,0.3774,0.1746,219.0,-28.0,0.0,4.0,-24.0,5312.0,39.0,43.0,0.0,12.0,0.0,,0.66,2.26
2020/11/17,13.3,13.8,13.25,13.65,6834.0,93414.0,2.6316,2.4203,1224.0,-126.0,0.0,1.0,-125.0,5196.0,109.0,225.0,0.0,228.0,216.0,,0.68,2.2
2020/11/18,13.45,13.75,13.45,13.5,897.0,12154.0,-1.0989,0.3177,451.0,-92.0,0.0,-1.0,-93.0,4862.0,92.0,272.0,210.0,18.0,0.0,,0.67,2.22
2020/11/19,13.5,13.65,13.3,13.55,473.0,6356.0,0.3704,0.1675,270.0,-2.0,0.0,2.0,0.0,4635.0,84.0,76.0,2.0,14.0,1.0,,0.67,2.21
2020/11/20,13.55,13.65,13.4,13.55,658.0,8873.0,0.0,0.233,338.0,151.0,0.0,0.0,151.0,4124.0,97.0,67.0,0.0,16.0,2.0,,0.67,2.21
2020/11/23,13.65,13.7,13.45,13.5,683.0,9253.0,-0.369,0.2419,394.0,99.0,1.0,3.0,103.0,3706.0,38.0,124.0,0.0,16.0,0.0,,0.67,2.22
2020/11/24,13.55,13.6,13.45,13.55,537.0,7256.0,0.3704,0.1902,276.0,11.0,1.0,1.0,13.0,3785.0,120.0,41.0,0.0,16.0,0.0,,0.67,2.21
2020/11/25,13.6,13.75,13.55,13.55,561.0,7646.0,0.0,0.1987,308.0,115.0,0.0,-2.0,113.0,3715.0,11.0,81.0,4.0,12.0,0.0,,0.67,2.21
2020/11/26,13.65,13.8,13.6,13.75,571.0,7815.0,1.476,0.2022,334.0,126.0,0.0,0.0,126.0,3792.0,97.0,20.0,0.0,13.0,2.0,,0.68,2.18
2020/11/27,13.75,14.0,13.75,13.85,556.0,7711.0,0.7273,0.1969,296.0,-1.0,0.0,-4.0,-5.0,3741.0,70.0,121.0,0.0,15.0,2.0,,0.69,2.17
2020/11/30,13.9,14.0,13.8,13.85,501.0,6963.0,0.0,0.1774,308.0,65.0,0.0,0.0,65.0,3708.0,33.0,66.0,0.0,15.0,0.0,,0.69,2.17
2020/12/01,13.85,13.9,13.75,13.85,236.0,3266.0,0.0,0.0836,200.0,7.0,0.0,-2.0,5.0,3694.0,6.0,20.0,0.0,14.0,0.0,,0.69,2.17
2020/12/02,13.85,13.95,13.75,13.85,363.0,5030.0,0.0,0.1286,251.0,-8.0,0.0,-2.0,-10.0,3678.0,38.0,54.0,0.0,14.0,0.0,,0.69,2.17
2020/12/03,13.85,14.1,13.8,14.0,795.0,11128.0,1.083,0.2816,477.0,50.0,0.0,0.0,50.0,3542.0,63.0,99.0,0.0,15.0,2.0,,0.69,2.14
2020/12/04,14.0,14.2,13.95,14.15,563.0,7933.0,1.0714,0.1994,364.0,89.0,0.0,1.0,90.0,3356.0,30.0,16.0,0.0,16.0,1.0,,0.7,2.12
2020/12/07,14.3,14.4,14.15,14.25,1075.0,15359.0,0.7067,0.3807,467.0,22.0,0.0,-4.0,18.0,3342.0,48.0,62.0,0.0,16.0,0.0,,0.71,2.11
2020/12/08,14.1,14.65,14.1,14.45,1140.0,16495.0,1.4035,0.4037,512.0,125.0,0.0,-3.0,122.0,3261.0,64.0,91.0,0.0,16.0,0.0,,0.72,2.08
2020/12/09,14.6,14.6,14.0,14.25,1510.0,21479.0,-1.3841,0.5348,531.0,18.0,0.0,0.0,18.0,2630.0,103.0,63.0,2.0,14.0,0.0,,0.71,2.11
2020/12/10,14.1,14.2,13.9,13.9,536.0,7513.0,-2.4561,0.1898,343.0,-127.0,0.0,-1.0,-128.0,2584.0,63.0,108.0,0.0,15.0,1.0,,0.69,2.16
2020/12/11,13.9,14.0,13.5,13.6,814.0,11164.0,-2.1583,0.2883,346.0,-136.0,0.0,2.0,-134.0,2451.0,74.0,80.0,0.0,15.0,0.0,,0.67,2.21
2020/12/14,13.6,14.1,13.6,13.9,573.0,7935.0,2.2059,0.2029,284.0,167.0,0.0,1.0,168.0,2464.0,21.0,8.0,1.0,14.0,0.0,,0.69,2.16
2020/12/15,13.85,14.1,13.8,13.8,326.0,4545.0,-0.7194,0.1155,230.0,45.0,0.0,1.0,46.0,2458.0,8.0,14.0,0.0,14.0,0.0,,0.68,2.17
2020/12/16,13.8,14.1,13.8,14.0,572.0,7996.0,1.4493,0.2026,306.0,246.0,0.0,2.0,248.0,2483.0,30.0,5.0,0.0,14.0,0.0,,0.69,2.14
2020/12/17,13.8,13.95,13.8,13.8,478.0,6618.0,-1.4286,0.1693,261.0,-17.0,0.0,-5.0,-22.0,2437.0,3.0,49.0,0.0,14.0,0.0,,0.68,2.17
2020/12/18,13.8,13.9,13.65,13.8,416.0,5723.0,0.0,0.1473,185.0,-53.0,0.0,-1.0,-54.0,2443.0,12.0,6.0,0.0,14.0,0.0,,0.68,2.17
2020/12/21,13.95,13.95,13.7,13.85,369.0,5107.0,0.3623,0.1307,172.0,-34.0,0.0,-6.0,-40.0,2442.0,25.0,26.0,0.0,14.0,0.0,,0.69,2.17
2020/12/22,13.8,13.9,13.55,13.65,599.0,8233.0,-1.444,0.2121,263.0,-70.0,0.0,0.0,-70.0,2478.0,57.0,21.0,2.0,12.0,0.0,,0.68,2.2
2020/12/23,13.65,13.75,13.45,13.65,497.0,6757.0,0.0,0.176,286.0,-4.0,0.0,0.0,-4.0,2457.0,12.0,23.0,0.0,12.0,0.0,,0.68,2.2
2020/12/24,13.75,14.35,13.75,14.1,1236.0,17407.0,3.2967,0.4377,501.0,293.0,0.0,0.0,293.0,2543.0,134.0,48.0,0.0,13.0,1.0,,0.7,2.13
2020/12/25,14.15,14.2,13.85,14.2,745.0,10470.0,0.7092,0.2638,323.0,-14.0,0.0,0.0,-14.0,2343.0,52.0,97.0,1.0,12.0,0.0,,0.7,2.11
2020/12/28,14.3,14.45,14.1,14.3,1242.0,17787.0,0.7042,0.4399,479.0,175.0,0.0,0.0,175.0,2336.0,36.0,43.0,0.0,13.0,1.0,,0.71,2.1
2020/12/29,14.4,14.5,14.25,14.35,817.0,11774.0,0.3497,0.2893,330.0,-13.0,0.0,0.0,-13.0,2386.0,53.0,3.0,2.0,11.0,0.0,,0.71,2.09
2020/12/30,14.85,15.75,14.65,15.75,7780.0,121765.0,9.7561,2.7553,1868.0,117.0,0.0,0.0,117.0,3743.0,1639.0,280.0,0.0,36.0,25.0,,0.78,1.9
2020/12/31,16.05,16.15,14.9,15.0,9013.0,139632.0,-4.7619,3.192,2939.0,-757.0,0.0,1.0,-756.0,3534.0,1233.0,1442.0,17.0,20.0,1.0,,0.74,2.0
2021/01/04,15.1,15.35,14.8,15.3,2126.0,32250.0,2.0,0.7529,805.0,209.0,0.0,0.0,209.0,3574.0,234.0,194.0,0.0,17.0,0.0,,0.76,1.96
2021/01/05,15.2,15.75,15.2,15.4,6842.0,106676.0,0.6536,2.4231,1317.0,-915.0,0.0,0.0,-915.0,3790.0,484.0,268.0,0.0,16.0,0.0,,0.76,1.95
2021/01/06,15.3,15.4,14.6,15.0,1917.0,28799.0,-2.5974,0.6789,673.0,-63.0,0.0,-2.0,-65.0,4408.0,832.0,214.0,3.0,13.0,0.0,,0.74,2.0
2021/01/07,15.1,15.1,14.75,15.1,638.0,9534.0,0.6667,0.226,365.0,-114.0,0.0,11.0,-103.0,4457.0,66.0,17.0,0.0,18.0,5.0,,0.75,1.99
2021/01/08,15.15,15.15,14.8,14.95,673.0,10046.0,-0.9934,0.2383,377.0,115.0,0.0,4.0,119.0,4507.0,84.0,32.0,0.0,18.0,0.0,,0.74,2.01
2021/01/11,14.8,15.0,14.8,15.0,409.0,6089.0,0.3344,0.1448,262.0,47.0,0.0,0.0,47.0,4530.0,89.0,66.0,0.0,18.0,0.0,,0.74,2.0
2021/01/12,14.9,14.95,14.6,14.6,538.0,7934.0,-2.6667,0.1905,299.0,-80.0,0.0,0.0,-80.0,4534.0,41.0,37.0,0.0,41.0,23.0,,0.72,2.05
2021/01/13,14.65,14.9,14.6,14.6,406.0,6004.0,0.0,0.1438,287.0,140.0,0.0,22.0,162.0,4493.0,46.0,87.0,0.0,41.0,0.0,,0.72,2.05
2021/01/14,14.65,15.2,14.65,15.2,1319.0,19628.0,4.1096,0.4671,469.0,42.0,0.0,-1.0,41.0,4664.0,248.0,77.0,0.0,57.0,16.0,,0.75,1.97
2021/01/15,15.5,15.6,14.6,14.6,4982.0,76030.0,-3.9474,1.7644,1820.0,-708.0,0.0,1.0,-707.0,4647.0,424.0,438.0,9.0,48.0,0.0,,0.72,2.05
2021/01/18,14.6,14.6,14.1,14.25,631.0,9050.0,-2.3973,0.2235,404.0,10.0,0.0,0.0,10.0,4576.0,45.0,112.0,20.0,28.0,0.0,,0.71,2.11
2021/01/19,14.35,14.75,14.25,14.45,713.0,10347.0,1.4035,0.2525,399.0,136.0,0.0,0.0,136.0,4546.0,35.0,65.0,0.0,29.0,1.0,,0.72,2.08
2021/01/20,14.45,14.45,14.05,14.1,770.0,10920.0,-2.4221,0.2727,456.0,-59.0,0.0,2.0,-57.0,4439.0,39.0,146.0,0.0,29.0,0.0,,0.7,2.13
2021/01/21,14.3,14.35,14.0,14.0,346.0,4892.0,-0.7092,0.1225,241.0,26.0,0.0,0.0,26.0,4495.0,92.0,36.0,0.0,30.0,2.0,,0.69,2.14
2021/01/22,14.0,14.25,13.8,14.05,345.0,4842.0,0.3571,0.1222,179.0,40.0,0.0,-1.0,39.0,4577.0,89.0,7.0,0.0,30.0,0.0,,0.7,2.14
2021/01/25,14.05,14.1,13.8,14.1,286.0,3991.0,0.3559,0.1013,227.0,67.0,0.0,3.0,70.0,4552.0,4.0,29.0,0.0,30.0,0.0,,0.7,2.13
2021/01/26,14.1,14.15,13.8,13.8,452.0,6296.0,-2.1277,0.1601,275.0,-36.0,0.0,-1.0,-37.0,4631.0,86.0,7.0,0.0,30.0,0.0,,0.68,2.17
2021/01/27,13.8,14.55,13.8,14.25,1177.0,16779.0,3.2609,0.4168,577.0,-69.0,0.0,-1.0,-70.0,4730.0,191.0,92.0,0.0,38.0,8.0,,0.71,2.11
2021/01/28,14.05,15.05,14.05,14.75,3551.0,52372.0,3.5088,1.2576,1438.0,-458.0,0.0,0.0,-458.0,4901.0,314.0,142.0,16.0,185.0,163.0,,0.73,2.03
2021/01/29,14.65,14.7,14.15,14.4,879.0,12682.0,-2.3729,0.3113,466.0,-209.0,0.0,1.0,-208.0,4887.0,127.0,141.0,146.0,38.0,0.0,,0.71,2.08
2021/02/01,14.4,14.45,14.1,14.25,503.0,7167.0,-1.0417,0.1781,224.0,-36.0,0.0,4.0,-32.0,5014.0,147.0,15.0,20.0,18.0,0.0,,0.71,2.11
2021/02/02,14.25,14.25,13.95,14.2,573.0,8101.0,-0.3509,0.2029,368.0,77.0,0.0,-50.0,27.0,5128.0,146.0,32.0,3.0,14.0,0.0,,0.7,2.11
2021/02/03,14.2,14.4,14.15,14.2,1067.0,15170.0,0.0,0.3779,278.0,51.0,0.0,-9.0,42.0,5138.0,30.0,15.0,0.0,12.0,0.0,,0.7,2.11
2021/02/04,14.25,14.35,14.15,14.25,383.0,5457.0,0.3521,0.1356,224.0,64.0,1.0,-34.0,31.0,5124.0,4.0,18.0,0.0,12.0,0.0,,0.71,2.11
2021/02/05,14.25,14.5,14.2,14.25,636.0,9124.0,0.0,0.2252,319.0,155.0,0.0,3.0,158.0,5233.0,202.0,93.0,0.0,12.0,0.0,,0.71,2.11
2021/02/17,14.25,14.25,14.0,14.2,588.0,8327.0,-0.3509,0.2082,329.0,10.0,0.0,4.0,14.0,5072.0,54.0,215.0,0.0,12.0,0.0,,0.7,2.11
2021/02/18,14.2,14.7,14.2,14.55,657.0,9506.0,2.4648,0.2327,387.0,218.0,0.0,-1.0,217.0,5036.0,13.0,49.0,0.0,13.0,1.0,,0.72,2.06
2021/02/19,14.7,15.25,14.55,15.05,1496.0,22215.0,3.4364,0.5298,697.0,248.0,0.0,0.0,248.0,5124.0,178.0,86.0,0.0,19.0,6.0,,0.75,1.99
2021/02/22,15.15,15.5,15.0,15.2,1468.0,22415.0,0.9967,0.5199,704.0,83.0,0.0,0.0,83.0,5065.0,61.0,117.0,0.0,21.0,2.0,,0.75,1.97
2021/02/23,15.2,15.25,15.0,15.15,523.0,7903.0,-0.3289,0.1852,340.0,151.0,0.0,0.0,151.0,4995.0,25.0,95.0,1.0,18.0,0.0,,0.75,1.98
2021/02/24,15.45,15.9,15.35,15.55,2200.0,34179.0,2.6403,0.7791,920.0,-26.0,0.0,0.0,-26.0,4958.0,63.0,100.0,2.0,16.0,0.0,,0.77,1.93
2021/02/25,15.65,15.75,15.3,15.35,861.0,13323.0,-1.2862,0.3049,470.0,4.0,0.0,0.0,4.0,5027.0,105.0,36.0,0.0,16.0,0.0,,0.76,1.95
2021/02/26,14.95,15.25,14.8,15.1,756.0,11356.0,-1.6287,0.2677,475.0,42.0,0.0,-7.0,35.0,5108.0,113.0,32.0,0.0,16.0,0.0,,0.75,1.99
2021/03/02,15.25,15.3,14.95,15.1,481.0,7276.0,0.0,0.1703,253.0,-83.0,0.0,0.0,-83.0,5209.0,156.0,55.0,0.0,16.0,0.0,,0.75,1.99
2021/03/03,15.2,15.25,14.9,15.15,564.0,8542.0,0.3311,0.1997,298.0,167.0,0.0,5.0,172.0,5143.0,118.0,166.0,0.0,16.0,0.0,,0.75,1.98
2021/03/04,15.1,15.25,15.0,15.2,371.0,5598.0,0.33,0.1314,230.0,-125.0,0.0,0.0,-125.0,5279.0,148.0,12.0,1.0,15.0,0.0,,0.75,1.97
2021/03/05,15.1,15.1,14.9,14.95,396.0,5934.0,-1.6447,0.1402,276.0,-5.0,0.0,0.0,-5.0,5296.0,22.0,5.0,0.0,15.0,0.0,,0.74,2.01
2021/03/08,15.05,15.1,14.8,14.85,280.0,4195.0,-0.6689,0.0992,245.0,-30.0,0.0,-1.0,-31.0,5311.0,23.0,8.0,0.0,15.0,0.0,,0.74,2.02
2021/03/09,14.8,15.0,14.65,14.7,425.0,6270.0,-1.0101,0.1505,297.0,24.0,0.0,2.0,26.0,5289.0,17.0,39.0,1.0,14.0,0.0,,0.73,2.04
2021/03/10,14.85,14.85,14.5,14.55,600.0,8760.0,-1.0204,0.2125,307.0,56.0,0.0,0.0,56.0,5365.0,80.0,4.0,0.0,14.0,0.0,,0.72,2.06
2021/03/11,14.6,14.7,14.55,14.6,430.0,6277.0,0.3436,0.1523,249.0,163.0,0.0,2.0,165.0,5369.0,16.0,12.0,1.0,13.0,0.0,,0.72,2.05
2021/03/12,14.7,14.8,14.55,14.65,237.0,3478.0,0.3425,0.0839,213.0,-25.0,-20.0,0.0,-45.0,5379.0,19.0,9.0,0.0,13.0,0.0,,0.73,2.05
2021/03/15,14.65,14.75,14.6,14.75,387.0,5684.0,0.6826,0.1371,292.0,13.0,0.0,-3.0,10.0,5426.0,54.0,7.0,0.0,13.0,0.0,,0.73,2.03
2021/03/16,14.8,14.8,14.6,14.7,315.0,4637.0,-0.339,0.1116,270.0,-8.0,0.0,-2.0,-10.0,5440.0,19.0,5.0,2.0,11.0,0.0,,0.73,2.04
2021/03/17,14.75,14.75,14.55,14.65,274.0,4020.0,-0.3401,0.097,285.0,-71.0,0.0,0.0,-71.0,5447.0,18.0,10.0,0.0,11.0,0.0,,0.73,2.05
2021/03/18,14.65,15.45,14.65,15.1,2256.0,34071.0,3.0717,0.799,1028.0,-38.0,-20.0,0.0,-58.0,5446.0,271.0,272.0,0.0,26.0,15.0,,0.75,1.99
2021/03/19,14.95,15.2,14.9,15.0,690.0,10368.0,-0.6623,0.2444,416.0,-153.0,0.0,0.0,-153.0,5541.0,165.0,70.0,15.0,11.0,0.0,,0.74,2.0
2021/03/22,15.1,15.45,15.05,15.4,1839.0,28125.0,2.6667,0.6513,811.0,297.0,0.0,0.0,297.0,5661.0,215.0,91.0,0.0,12.0,1.0,,0.76,1.95
2021/03/23,15.55,15.6,14.95,15.35,1842.0,28148.0,-0.3247,0.6524,643.0,-222.0,0.0,-3.0,-225.0,5614.0,165.0,212.0,0.0,13.0,1.0,,0.76,1.95
2021/03/24,15.5,15.7,15.2,15.4,3334.0,51850.0,0.3257,1.1808,804.0,7.0,0.0,0.0,7.0,5345.0,154.0,423.0,1.0,12.0,0.0,,0.76,1.95
2021/03/25,15.5,15.6,15.2,15.4,1086.0,16695.0,0.0,0.3846,366.0,3.0,0.0,-2.0,1.0,5208.0,7.0,144.0,1.0,13.0,2.0,,0.76,1.95
2021/03/26,15.5,15.5,15.3,15.4,693.0,10657.0,0.0,0.2454,306.0,72.0,0.0,-1.0,71.0,5284.0,133.0,57.0,0.0,14.0,1.0,,0.76,1.95
2021/03/29,15.5,15.75,15.45,15.5,1526.0,23760.0,0.6494,0.5404,531.0,400.0,0.0,-2.0,398.0,5264.0,323.0,343.0,0.0,14.0,0.0,,0.77,1.94
2021/03/30,15.65,15.7,15.35,15.35,620.0,9581.0,-0.9677,0.2196,305.0,-38.0,0.0,0.0,-38.0,5346.0,178.0,96.0,0.0,14.0,0.0,,0.75,1.99
2021/03/31,15.7,16.0,15.55,15.8,3401.0,53556.0,2.9316,1.2045,1199.0,332.0,0.0,0.0,332.0,5394.0,250.0,202.0,0.0,14.0,0.0,,0.79,1.9
2021/04/01,16.05,16.2,15.8,15.85,3103.0,49533.0,0.3165,1.0989,1082.0,15.0,0.0,0.0,15.0,5489.0,269.0,174.0,0.0,15.0,1.0,,0.8,1.89
2021/04/06,15.9,15.9,15.65,15.85,1093.0,17200.0,0.0,0.3871,517.0,48.0,0.0,1.0,49.0,5523.0,103.0,69.0,0.0,15.0,0.0,,0.8,1.89
2021/04/07,15.95,16.45,15.75,16.35,2642.0,42540.0,3.1546,0.9357,989.0,496.0,0.0,-2.0,494.0,5611.0,242.0,154.0,0.0,15.0,0.0,,0.82,1.83
2021/04/08,16.5,17.25,16.3,16.8,3032.0,51053.0,2.7523,1.0738,1298.0,-38.0,0.0,-1.0,-39.0,5406.0,152.0,353.0,5.0,9.0,0.0,,0.84,1.79
2021/04/09,16.95,17.1,16.65,16.75,1641.0,27539.0,-0.2976,0.5812,671.0,165.0,0.0,0.0,165.0,5305.0,41.0,142.0,8.0,0.0,0.0,,0.84,1.79
2021/04/12,17.0,17.2,16.55,17.0,2092.0,35501.0,1.4925,0.7409,845.0,615.0,0.0,0.0,615.0,5319.0,167.0,151.0,0.0,0.0,0.0,,0.85,1.76
2021/04/13,17.2,18.15,17.2,17.25,3893.0,68767.0,1.4706,1.3787,1417.0,556.0,0.0,4.0,560.0,5130.0,179.0,368.0,0.0,0.0,0.0,,0.87,1.74
2021/04/14,17.4,17.6,16.7,17.1,2513.0,43021.0,-0.8696,0.89,942.0,342.0,0.0,1.0,343.0,5113.0,202.0,218.0,0.0,0.0,0.0,,0.86,1.75
2021/04/15,17.3,17.9,17.0,17.65,1745.0,30685.0,3.2164,0.618,845.0,422.0,0.0,2.0,424.0,5119.0,183.0,176.0,0.0,0.0,0.0,,0.89,1.7
2021/04/16,17.8,18.0,17.65,17.75,1433.0,25520.0,0.5666,0.5075,659.0,338.0,0.0,0.0,338.0,5020.0,62.0,161.0,0.0,0.0,0.0,,0.89,1.69
2021/04/19,18.1,18.45,17.95,18.15,2489.0,45166.0,2.2535,0.8815,966.0,635.0,0.0,-2.0,633.0,4449.0,88.0,659.0,0.0,0.0,0.0,,0.91,1.65
2021/04/20,18.4,18.45,17.85,18.1,2063.0,37266.0,-0.2755,0.7306,817.0,496.0,0.0,4.0,500.0,4438.0,66.0,77.0,0.0,3.0,3.0,,0.91,1.66
2021/04/21,18.1,18.15,17.8,18.0,1427.0,25666.0,-0.5525,0.5054,621.0,487.0,0.0,-19.0,468.0,4390.0,41.0,89.0,3.0,0.0,0.0,,0.9,1.67
2021/04/22,18.2,18.75,17.6,17.7,3411.0,62077.0,-1.6667,1.208,1504.0,217.0,0.0,0.0,217.0,4256.0,281.0,415.0,0.0,0.0,0.0,,0.89,1.69
2021/04/23,18.0,18.45,17.6,18.15,2009.0,36426.0,2.5424,0.7115,851.0,669.0,0.0,0.0,669.0,4381.0,239.0,114.0,0.0,0.0,0.0,,0.91,1.65
2021/04/26,18.4,18.9,18.35,18.4,3259.0,60838.0,1.3774,1.1542,1225.0,378.0,0.0,0.0,378.0,4451.0,487.0,417.0,0.0,0.0,0.0,,0.92,1.63
2021/04/27,18.6,18.8,18.55,18.75,2155.0,40282.0,1.9022,0.7632,842.0,623.0,0.0,0.0,623.0,4325.0,149.0,275.0,0.0,0.0,0.0,,0.94,1.6
2021/04/28,18.8,19.8,18.75,19.55,4039.0,78321.0,4.2667,1.4304,1810.0,552.0,0.0,0.0,552.0,4293.0,403.0,431.0,0.0,1.0,1.0,,0.98,1.53
2021/04/29,19.65,19.85,18.45,18.6,3994.0,75662.0,-4.8593,1.4145,1777.0,-1291.0,0.0,1.0,-1290.0,4666.0,718.0,345.0,0.0,1.0,0.0,,0.93,1.61
2021/05/03,18.5,18.5,17.55,17.55,2691.0,47896.0,-5.6452,0.953,1020.0,-1.0,0.0,0.0,-1.0,5044.0,461.0,83.0,0.0,8.0,7.0,,0.88,1.71
2021/05/04,17.8,17.95,15.95,16.75,3327.0,55728.0,-4.5584,1.1783,1093.0,199.0,0.0,13.0,212.0,4611.0,173.0,606.0,7.0,3.0,2.0,,0.84,1.79
2021/05/05,16.85,17.45,16.55,17.15,1190.0,20392.0,2.3881,0.4214,494.0,165.0,0.0,-1.0,164.0,4475.0,51.0,187.0,0.0,3.0,0.0,,0.86,1.75
2021/05/06,17.15,17.4,16.35,16.7,1344.0,22630.0,-2.6239,0.476,552.0,-223.0,0.0,0.0,-223.0,4446.0,98.0,127.0,0.0,4.0,1.0,,0.84,1.8
2021/05/07,16.95,17.15,16.7,17.1,472.0,7949.0,2.3952,0.1672,278.0,90.0,0.0,1.0,91.0,4476.0,34.0,4.0,0.0,4.0,0.0,,0.86,1.75
2021/05/10,17.3,17.3,16.7,16.75,840.0,14145.0,-2.0468,0.2975,597.0,-364.0,0.0,0.0,-364.0,4433.0,52.0,95.0,1.0,2.0,0.0,,0.84,1.79
2021/05/11,16.35,16.55,15.75,15.9,1977.0,32014.0,-5.0746,0.7002,777.0,-611.0,0.0,1.0,-610.0,4581.0,200.0,52.0,2.0,1.0,1.0,,0.8,1.89
2021/05/12,15.7,15.9,14.4,15.35,3079.0,46225.0,-3.4591,1.0904,932.0,-620.0,0.0,107.0,-513.0,4812.0,450.0,219.0,1.0,3.0,3.0,,0.78,1.95
2021/05/13,15.05,15.4,14.35,14.95,1629.0,24390.0,-2.6059,0.5769,676.0,-368.0,0.0,-105.0,-473.0,4779.0,35.0,68.0,0.0,15.0,12.0,,0.76,3.34
2021/05/14,15.1,15.5,14.85,15.05,1374.0,20692.0,0.6689,0.4866,502.0,-372.0,0.0,-7.0,-379.0,4817.0,303.0,70.0,10.0,5.0,0.0,,0.76,3.32
2021/05/17,14.6,14.65,13.55,13.75,1525.0,21517.0,-8.6379,0.5401,634.0,-481.0,0.0,7.0,-474.0,4620.0,81.0,278.0,2.0,14.0,11.0,,0.7,3.64
2021/05/18,13.85,14.7,13.85,14.65,666.0,9632.0,6.5455,0.2359,364.0,206.0,0.0,3.0,209.0,4587.0,18.0,51.0,0.0,14.0,0.0,,0.74,3.41
2021/05/19,14.55,14.8,14.2,14.55,704.0,10146.0,-0.6826,0.2493,339.0,-172.0,0.0,1.0,-171.0,4591.0,20.0,16.0,0.0,14.0,0.0,,0.74,3.44
2021/05/20,14.5,14.7,14.25,14.3,621.0,8899.0,-1.7182,0.2199,304.0,-279.0,0.0,0.0,-279.0,4623.0,46.0,14.0,3.0,11.0,0.0,,0.73,3.5
2021/05/21,14.55,14.75,14.45,14.65,875.0,12790.0,2.4476,0.3099,294.0,13.0,0.0,0.0,13.0,4664.0,355.0,314.0,0.0,11.0,0.0,,0.74,3.41
2021/05/24,14.6,15.0,14.4,14.85,559.0,8289.0,1.3652,0.198,303.0,115.0,0.0,-1.0,114.0,4531.0,16.0,149.0,0.0,11.0,0.0,,0.75,3.37
2021/05/25,15.1,15.1,14.85,14.85,681.0,10205.0,0.0,0.2412,334.0,-139.0,0.0,0.0,-139.0,4502.0,50.0,79.0,10.0,1.0,0.0,,0.75,3.37
2021/05/26,15.0,15.1,14.85,15.05,592.0,8891.0,1.3468,0.2097,264.0,-35.0,0.0,0.0,-35.0,4435.0,14.0,81.0,0.0,1.0,0.0,,0.76,3.32
2021/05/27,15.05,15.05,14.8,14.95,754.0,11261.0,-0.6645,0.267,340.0,-176.0,0.0,-3.0,-179.0,4501.0,74.0,8.0,0.0,1.0,0.0,,0.76,3.34
2021/05/28,15.0,15.2,15.0,15.15,763.0,11538.0,1.3378,0.2702,341.0,-15.0,0.0,0.0,-15.0,4354.0,65.0,210.0,0.0,1.0,0.0,,0.77,3.3
2021/05/31,15.1,15.35,15.1,15.25,869.0,12941.0,0.6601,0.3078,284.0,-102.0,0.0,0.0,-102.0,4340.0,23.0,37.0,0.0,1.0,0.0,,0.77,3.28
2021/06/01,15.35,15.4,15.25,15.3,404.0,6199.0,0.3279,0.1431,223.0,-29.0,0.0,0.0,-29.0,4335.0,45.0,50.0,0.0,1.0,0.0,,0.78,3.27
2021/06/02,15.4,15.55,15.2,15.35,750.0,11522.0,0.3268,0.2656,312.0,-141.0,0.0,-4.0,-145.0,4372.0,110.0,73.0,0.0,1.0,0.0,,0.78,3.26
2021/06/03,15.4,15.55,15.35,15.5,584.0,9017.0,0.9772,0.2068,253.0,111.0,0.0,0.0,111.0,4225.0,37.0,184.0,0.0,1.0,0.0,,0.79,3.23
2021/06/04,15.55,15.55,15.4,15.5,647.0,10003.0,0.0,0.2291,198.0,-47.0,0.0,0.0,-47.0,3957.0,13.0,281.0,0.0,1.0,0.0,,0.79,3.23
2021/06/07,15.7,15.7,15.2,15.55,548.0,8472.0,0.3226,0.1941,214.0,-257.0,0.0,0.0,-257.0,3963.0,75.0,69.0,0.0,1.0,0.0,,0.79,3.22
2021/06/08,15.55,15.65,15.45,15.5,604.0,9412.0,-0.3215,0.2139,215.0,-58.0,0.0,0.0,-58.0,3782.0,80.0,242.0,0.0,1.0,0.0,,0.79,3.23
2021/06/09,15.5,15.6,15.4,15.45,311.0,4823.0,-0.3226,0.1101,155.0,-63.0,0.0,0.0,-63.0,3711.0,26.0,97.0,0.0,1.0,0.0,,0.78,3.24
2021/06/10,15.6,15.6,15.2,15.4,547.0,8441.0,-0.3236,0.1937,216.0,-172.0,0.0,0.0,-172.0,3710.0,38.0,39.0,0.0,1.0,0.0,,0.78,3.25
2021/06/11,15.4,15.5,15.35,15.35,565.0,8702.0,-0.3247,0.2001,240.0,-65.0,0.0,0.0,-65.0,3635.0,46.0,117.0,1.0,3.0,3.0,,0.78,3.26
2021/06/15,15.4,15.8,15.3,15.35,806.0,12464.0,0.0,0.2854,346.0,-2.0,0.0,0.0,-2.0,3639.0,38.0,34.0,0.0,3.0,0.0,,0.78,3.26
2021/06/16,15.35,15.6,15.3,15.45,232.0,3596.0,0.6515,0.0822,146.0,-13.0,0.0,0.0,-13.0,3628.0,20.0,29.0,0.0,3.0,0.0,,0.78,3.24
2021/06/17,15.35,15.45,15.25,15.45,320.0,4921.0,0.0,0.1133,152.0,18.0,0.0,0.0,18.0,3652.0,26.0,2.0,0.0,3.0,0.0,,0.78,3.24
2021/06/18,15.45,15.5,15.35,15.45,692.0,10672.0,0.0,0.2451,226.0,-37.0,0.0,0.0,-37.0,3722.0,84.0,14.0,0.0,3.0,0.0,,0.78,3.24
2021/06/21,15.45,15.5,15.25,15.35,400.0,6160.0,-0.6472,0.1417,177.0,-108.0,0.0,0.0,-108.0,3681.0,12.0,52.0,0.0,3.0,0.0,,0.78,3.26
2021/06/22,15.4,15.5,15.3,15.35,373.0,5750.0,0.0,0.1321,217.0,-33.0,0.0,0.0,-33.0,3648.0,56.0,89.0,0.0,3.0,0.0,,0.78,3.26
2021/06/23,15.35,15.9,15.35,15.55,1318.0,20409.0,1.3029,0.4668,290.0,-35.0,0.0,0.0,-35.0,3492.0,41.0,197.0,0.0,3.0,0.0,,0.79,3.22
2021/06/24,15.6,17.1,15.6,17.1,4774.0,79348.0,9.9678,1.6907,1930.0,416.0,0.0,0.0,416.0,3785.0,946.0,653.0,0.0,6.0,3.0,,0.87,2.92
2021/06/25,17.4,17.65,16.35,16.4,6049.0,101683.0,-4.0936,2.1423,2624.0,-2255.0,0.0,0.0,-2255.0,3597.0,554.0,742.0,3.0,6.0,3.0,,0.83,3.05
2021/06/28,16.2,16.3,16.05,16.2,1308.0,21087.0,-1.2195,0.4632,670.0,-275.0,0.0,0.0,-275.0,3626.0,77.0,48.0,0.0,6.0,0.0,,0.82,3.09
2021/06/29,16.15,16.15,15.65,15.75,1237.0,19551.0,-2.7778,0.4381,770.0,-567.0,0.0,0.0,-567.0,3791.0,185.0,20.0,3.0,3.0,0.0,,0.8,3.17
2021/06/30,15.8,16.05,15.75,15.85,757.0,12042.0,0.6349,0.2681,407.0,-140.0,0.0,0.0,-140.0,3737.0,91.0,145.0,0.0,3.0,0.0,,0.8,3.15
2021/07/01,15.85,16.0,15.8,15.9,615.0,9781.0,0.3155,0.2178,321.0,-192.0,0.0,0.0,-192.0,3770.0,62.0,29.0,0.0,3.0,0.0,,0.81,3.14
2021/07/02,16.05,16.15,15.75,15.8,842.0,13401.0,-0.6289,0.2982,341.0,9.0,0.0,0.0,9.0,3655.0,29.0,144.0,0.0,3.0,0.0,,0.8,3.16
2021/07/05,16.0,16.0,15.8,15.85,677.0,10754.0,0.3165,0.2398,293.0,-55.0,0.0,2.0,-53.0,3660.0,80.0,75.0,0.0,3.0,0.0,,0.8,3.15
2021/07/06,15.9,15.95,15.75,15.75,498.0,7881.0,-0.6309,0.1764,231.0,-34.0,0.0,0.0,-34.0,3667.0,23.0,16.0,3.0,0.0,0.0,,0.8,3.17
2021/07/07,15.75,16.0,15.75,15.85,556.0,8825.0,0.6349,0.1969,263.0,34.0,0.0,-1.0,33.0,3566.0,40.0,141.0,0.0,0.0,0.0,,0.8,3.15
2021/07/08,15.95,16.0,15.8,15.9,339.0,5398.0,0.3155,0.1201,193.0,-26.0,0.0,0.0,-26.0,3603.0,55.0,18.0,0.0,0.0,0.0,,0.81,3.14
2021/07/09,15.8,15.9,15.75,15.9,341.0,5404.0,0.0,0.1208,177.0,-90.0,0.0,-1.0,-91.0,3602.0,20.0,21.0,0.0,0.0,0.0,,0.81,3.14
2021/07/12,15.9,16.0,15.75,15.8,536.0,8493.0,-0.6289,0.1898,252.0,-266.0,0.0,2.0,-264.0,3720.0,128.0,10.0,0.0,1.0,1.0,,0.8,3.16
2021/07/13,15.9,16.7,15.7,16.15,2791.0,45337.0,2.2152,0.9884,999.0,-24.0,0.0,7.0,-17.0,3822.0,243.0,141.0,1.0,8.0,8.0,,0.82,3.1
2021/07/14,16.2,16.2,15.8,15.95,649.0,10371.0,-1.2384,0.2298,323.0,-327.0,0.0,2.0,-325.0,3881.0,70.0,11.0,0.0,8.0,0.0,,0.81,3.13
2021/07/15,15.95,16.1,15.9,15.95,433.0,6923.0,0.0,0.1533,260.0,-1.0,0.0,0.0,-1.0,3814.0,26.0,93.0,0.0,8.0,0.0,,0.81,3.13
2021/07/16,15.95,16.25,15.95,16.1,455.0,7322.0,0.9404,0.1611,254.0,149.0,0.0,0.0,149.0,3804.0,14.0,24.0,0.0,8.0,0.0,,0.82,3.11
2021/07/19,16.0,16.1,15.95,16.0,222.0,3565.0,-0.6211,0.0786,153.0,-55.0,0.0,0.0,-55.0,3808.0,13.0,9.0,0.0,8.0,0.0,,0.81,3.13
2021/07/20,16.0,16.0,15.8,15.85,308.0,4896.0,-0.9375,0.1091,223.0,-55.0,0.0,0.0,-55.0,3742.0,22.0,88.0,0.0,8.0,0.0,,0.8,3.15
2021/07/21,15.95,15.95,15.7,15.75,599.0,9475.0,-0.6309,0.2121,255.0,-239.0,0.0,2.0,-237.0,3748.0,27.0,21.0,0.0,8.0,0.0,,0.8,3.17
2021/07/22,15.8,15.9,15.75,15.75,283.0,4474.0,0.0,0.1002,194.0,1.0,0.0,5.0,6.0,3762.0,22.0,8.0,0.0,8.0,0.0,,0.8,3.17
2021/07/23,15.7,16.2,15.7,16.05,672.0,10743.0,1.9048,0.238,318.0,219.0,0.0,1.0,220.0,3846.0,121.0,37.0,0.0,8.0,0.0,,0.81,3.12
2021/07/26,16.1,16.4,16.05,16.2,710.0,11509.0,0.9346,0.2514,386.0,201.0,0.0,0.0,201.0,3885.0,82.0,43.0,0.0,8.0,0.0,,0.82,3.09
2021/07/27,16.35,16.45,16.1,16.2,472.0,7679.0,0.0,0.1672,316.0,84.0,0.0,2.0,86.0,3904.0,41.0,22.0,0.0,8.0,0.0,,0.82,3.09
2021/07/28,16.1,16.15,15.75,15.85,612.0,9745.0,-2.1605,0.2167,290.0,-220.0,0.0,2.0,-218.0,4011.0,212.0,105.0,0.0,8.0,0.0,,0.8,3.15
2021/07/29,15.95,16.05,15.85,15.95,145.0,2308.0,0.6309,0.0514,113.0,-18.0,0.0,0.0,-18.0,4022.0,40.0,29.0,0.0,8.0,0.0,,0.81,3.13
2021/07/30,15.95,15.95,15.65,15.7,395.0,6253.0,-1.5674,0.1399,221.0,-71.0,0.0,0.0,-71.0,4076.0,96.0,42.0,8.0,0.0,0.0,,0.8,3.18
2021/08/02,15.75,15.75,15.55,15.6,706.0,11053.0,-0.6369,0.25,259.0,-30.0,0.0,11.0,-19.0,4073.0,88.0,83.0,0.0,11.0,11.0,,0.79,3.21
2021/08/03,15.7,15.75,15.5,15.6,600.0,9366.0,0.0,0.2125,221.0,7.0,0.0,-2.0,5.0,4206.0,134.0,1.0,0.0,13.0,2.0,,0.79,3.21
2021/08/04,15.6,15.75,15.55,15.65,394.0,6164.0,0.3205,0.1395,143.0,-18.0,0.0,4.0,-14.0,4229.0,70.0,47.0,0.0,13.0,0.0,,0.79,3.19
2021/08/05,15.65,16.2,15.65,15.85,662.0,10541.0,1.278,0.2344,277.0,-14.0,0.0,0.0,-14.0,4318.0,121.0,32.0,0.0,13.0,0.0,,0.8,3.15
2021/08/06,15.95,15.95,15.7,15.8,299.0,4720.0,-0.3155,0.1059,146.0,-2.0,0.0,-1.0,-3.0,4311.0,1.0,8.0,0.0,15.0,2.0,,0.8,3.16
2021/08/09,15.75,15.8,15.6,15.65,365.0,5726.0,-0.9494,0.1293,199.0,-102.0,0.0,-2.0,-104.0,4365.0,58.0,4.0,2.0,13.0,0.0,,0.79,3.19
2021/08/10,15.8,15.8,15.5,15.55,333.0,5209.0,-0.639,0.1179,162.0,-145.0,0.0,0.0,-145.0,4397.0,37.0,5.0,0.0,13.0,0.0,,0.79,3.22
2021/08/11,15.55,15.7,15.25,15.35,771.0,11899.0,-1.2862,0.2731,328.0,-243.0,0.0,1.0,-242.0,4511.0,141.0,27.0,2.0,11.0,0.0,,0.78,3.26
2021/08/12,15.35,15.35,15.25,15.35,267.0,4095.0,0.0,0.0946,139.0,-63.0,0.0,2.0,-61.0,4622.0,112.0,1.0,0.0,12.0,1.0,,0.78,3.26
2021/08/13,15.45,15.45,14.55,14.55,1126.0,16790.0,-5.2117,0.3988,483.0,-195.0,0.0,0.0,-195.0,4466.0,87.0,243.0,0.0,12.0,0.0,,0.74,3.44
2021/08/16,14.7,15.35,14.65,14.85,2260.0,33712.0,2.0619,0.8004,852.0,194.0,0.0,0.0,194.0,4358.0,132.0,240.0,0.0,24.0,12.0,8.07,0.66,3.37
2021/08/17,14.85,15.0,14.75,14.85,1034.0,15388.0,0.0,0.3662,355.0,271.0,0.0,0.0,271.0,4343.0,128.0,143.0,1.0,24.0,1.0,8.07,0.66,3.37
2021/08/18,14.8,15.25,14.65,15.2,624.0,9319.0,2.3569,0.221,281.0,118.0,0.0,1.0,119.0,4231.0,45.0,7.0,8.0,16.0,0.0,8.26,0.68,3.29
2021/08/19,15.2,15.2,14.8,14.95,394.0,5887.0,-1.6447,0.1395,225.0,-111.0,0.0,-3.0,-114.0,4216.0,12.0,17.0,0.0,16.0,0.0,8.13,0.67,3.34
2021/08/20,15.05,15.05,14.7,14.8,283.0,4203.0,-1.0033,0.0984,223.0,-131.0,0.0,0.0,-131.0,4205.0,3.0,14.0,0.0,16.0,0.0,8.04,0.66,3.38
2021/08/23,14.9,15.0,14.8,14.85,349.0,5199.0,0.3378,0.1213,197.0,-1.0,0.0,1.0,0.0,4190.0,24.0,39.0,0.0,19.0,3.0,8.07,0.66,3.37
2021/08/24,14.95,15.05,14.85,14.95,270.0,4043.0,0.6734,0.0938,168.0,38.0,0.0,0.0,38.0,4180.0,5.0,15.0,0.0,19.0,0.0,8.13,0.67,3.34
2021/08/25,14.85,15.2,14.85,15.15,282.0,4258.0,1.3378,0.098,166.0,73.0,0.0,4.0,77.0,4155.0,6.0,31.0,17.0,2.0,0.0,8.23,0.68,3.3
2021/08/26,15.15,15.25,15.0,15.25,245.0,3698.0,0.6601,0.0852,174.0,-83.0,0.0,0.0,-83.0,4094.0,5.0,9.0,0.0,2.0,0.0,8.29,0.68,3.28
2021/08/27,15.2,15.25,15.05,15.2,204.0,3108.0,-0.3279,0.0709,128.0,-3.0,0.0,18.0,15.0,4086.0,4.0,12.0,0.0,2.0,0.0,8.26,0.68,3.29
2021/08/30,15.25,15.35,15.2,15.25,283.0,4319.0,0.3289,0.0984,132.0,29.0,0.0,2.0,31.0,4052.0,11.0,45.0,0.0,2.0,0.0,8.29,0.68,3.21
2021/08/31,15.25,15.3,15.1,15.2,280.0,4263.0,-0.3279,0.0973,152.0,-21.0,0.0,3.0,-18.0,4026.0,20.0,46.0,2.0,0.0,0.0,8.26,0.68,3.22
2021/09/01,15.3,15.6,15.2,15.45,566.0,8729.0,1.6447,0.1967,327.0,14.0,0.0,0.0,14.0,4035.0,78.0,69.0,0.0,0.0,0.0,8.4,0.69,3.17
2021/09/02,15.55,15.6,15.3,15.5,623.0,9641.0,0.3236,0.2165,261.0,-22.0,0.0,0.0,-22.0,3952.0,13.0,96.0,0.0,0.0,0.0,8.42,0.69,3.16
2021/09/03,15.5,15.95,15.5,15.5,1460.0,22910.0,0.0,0.5074,556.0,85.0,0.0,108.0,193.0,3931.0,43.0,64.0,0.0,0.0,0.0,8.42,0.69,3.16
2021/09/06,15.5,15.6,15.4,15.45,781.0,12131.0,-0.3226,0.2714,334.0,-46.0,0.0,98.0,52.0,3978.0,83.0,36.0,0.0,0.0,0.0,8.4,0.69,3.17
2021/09/07,14.95,14.95,14.75,14.95,565.0,8396.0,-0.0603,0.1964,289.0,-143.0,0.0,0.0,-143.0,3912.0,19.0,70.0,0.0,1.0,1.0,8.13,0.67,3.28
2021/09/08,14.75,14.8,14.45,14.55,775.0,11328.0,-2.6756,0.2694,339.0,-153.0,0.0,13.0,-140.0,3923.0,31.0,20.0,0.0,10.0,9.0,7.91,0.65,3.37
2021/09/09,14.85,15.05,14.7,14.9,897.0,13343.0,2.4055,0.3118,414.0,176.0,0.0,-47.0,129.0,3972.0,64.0,15.0,1.0,9.0,0.0,8.1,0.66,3.29
2021/09/10,14.9,15.05,14.9,14.95,459.0,6876.0,0.3356,0.1595,232.0,156.0,0.0,-18.0,138.0,3963.0,9.0,18.0,0.0,9.0,0.0,8.13,0.67,3.28
2021/09/13,14.9,15.25,14.9,15.1,1028.0,15493.0,1.0033,0.3573,417.0,278.0,0.0,-14.0,264.0,4011.0,102.0,54.0,0.0,9.0,0.0,8.21,0.67,3.25
2021/09/14,15.25,15.25,15.0,15.1,564.0,8506.0,0.0,0.196,266.0,60.0,0.0,-17.0,43.0,4071.0,62.0,1.0,0.0,9.0,0.0,8.21,0.67,3.25
2021/09/15,15.1,15.1,14.8,14.85,1004.0,15012.0,-1.6556,0.3489,361.0,253.0,0.0,-20.0,233.0,4030.0,59.0,100.0,0.0,9.0,0.0,8.07,0.66,3.3
2021/09/16,14.9,15.05,14.85,14.85,1155.0,17249.0,0.0,0.4014,378.0,31.0,0.0,0.0,31.0,3956.0,27.0,101.0,0.0,9.0,0.0,8.07,0.66,3.3
2021/09/17,14.95,15.8,14.95,15.4,3235.0,50047.0,3.7037,1.1244,1489.0,319.0,0.0,0.0,319.0,3857.0,206.0,305.0,4.0,20.0,15.0,8.37,0.69,3.18
2021/09/22,15.25,15.4,14.95,15.25,1535.0,23235.0,-0.974,0.5335,671.0,-737.0,0.0,-11.0,-748.0,4103.0,418.0,172.0,11.0,10.0,1.0,8.29,0.68,3.21
2021/09/23,15.35,15.45,15.1,15.1,497.0,7571.0,-0.9836,0.1727,293.0,-161.0,0.0,0.0,-161.0,4102.0,35.0,32.0,0.0,10.0,0.0,8.21,0.67,3.25
2021/09/24,15.05,15.65,15.05,15.2,1282.0,19663.0,0.6623,0.4456,494.0,47.0,0.0,0.0,47.0,4102.0,60.0,60.0,0.0,11.0,1.0,8.26,0.68,3.22
2021/09/27,15.25,15.45,15.2,15.25,383.0,5870.0,0.3289,0.1331,214.0,35.0,0.0,1.0,36.0,4088.0,6.0,20.0,0.0,11.0,0.0,8.29,0.68,3.21
2021/09/28,15.4,15.85,15.2,15.65,1852.0,28764.0,2.623,0.6437,589.0,-423.0,0.0,-28.0,-451.0,4116.0,157.0,79.0,9.0,2.0,0.0,8.51,0.7,3.13
2021/09/29,15.45,15.7,15.25,15.65,1093.0,16954.0,0.0,0.3799,556.0,-148.0,0.0,-37.0,-185.0,4147.0,74.0,43.0,2.0,0.0,0.0,8.51,0.7,3.13
2021/09/30,15.65,16.2,15.65,16.05,2096.0,33401.0,2.5559,0.7285,828.0,59.0,0.0,-1.0,58.0,4528.0,535.0,150.0,0.0,0.0,0.0,8.72,0.72,3.05
2021/10/01,16.05,16.05,15.65,15.8,1346.0,21253.0,-1.5576,0.4678,596.0,-188.0,0.0,-6.0,-194.0,4395.0,84.0,217.0,0.0,2.0,2.0,8.59,0.71,3.1
2021/10/04,15.85,15.9,15.15,15.15,1353.0,20911.0,-4.1139,0.4702,576.0,-354.0,0.0,-90.0,-444.0,4261.0,94.0,228.0,2.0,0.0,0.0,8.23,0.68,3.23
2021/10/05,15.35,15.55,15.0,15.5,585.0,8985.0,2.3102,0.2033,277.0,112.0,0.0,0.0,112.0,4253.0,14.0,22.0,0.0,0.0,0.0,8.42,0.69,3.16
2021/10/06,15.6,15.6,15.4,15.45,638.0,9910.0,-0.3226,0.2217,299.0,112.0,0.0,0.0,112.0,4118.0,4.0,139.0,0.0,0.0,0.0,8.4,0.69,3.17
2021/10/07,15.6,16.0,15.6,15.8,817.0,12962.0,2.2654,0.284,417.0,322.0,0.0,25.0,347.0,4100.0,33.0,51.0,0.0,0.0,0.0,8.59,0.71,3.1
2021/10/08,15.8,16.1,15.75,15.9,1126.0,17969.0,0.6329,0.3914,510.0,236.0,0.0,31.0,267.0,4025.0,38.0,113.0,0.0,0.0,0.0,8.64,0.71,3.08
2021/10/12,15.95,16.0,15.65,15.85,779.0,12297.0,-0.3145,0.2707,380.0,-180.0,0.0,-3.0,-183.0,3983.0,76.0,118.0,0.0,0.0,0.0,8.61,0.71,3.09
2021/10/13,15.85,16.4,15.8,16.25,2164.0,34961.0,2.5237,0.7521,1008.0,-16.0,0.0,7.0,-9.0,4196.0,333.0,120.0,0.0,2.0,2.0,8.83,0.73,3.02
2021/10/14,16.25,16.3,16.1,16.1,881.0,14266.0,-0.9231,0.3062,371.0,-19.0,0.0,1.0,-18.0,4261.0,134.0,69.0,1.0,5.0,4.0,8.75,0.72,3.04
2021/10/15,16.3,16.4,16.05,16.15,1274.0,20678.0,0.3106,0.4428,553.0,203.0,0.0,-87.0,116.0,4360.0,176.0,77.0,0.0,6.0,1.0,8.78,0.72,3.03
2021/10/18,16.4,17.6,16.35,17.45,6502.0,111186.0,8.0495,2.2598,2997.0,964.0,0.0,-5.0,959.0,4694.0,1172.0,838.0,3.0,8.0,5.0,9.48,0.78,2.81
2021/10/19,17.35,17.85,17.1,17.85,3668.0,64100.0,2.2923,1.2748,1505.0,-103.0,0.0,10.0,-93.0,5029.0,602.0,263.0,1.0,29.0,22.0,9.7,0.8,2.75
2021/10/20,17.85,18.35,17.5,18.35,3900.0,70307.0,2.8011,1.3555,1490.0,481.0,0.0,1.0,482.0,5635.0,951.0,345.0,0.0,33.0,4.0,9.97,0.82,2.67
2021/10/21,18.45,18.9,18.25,18.8,4130.0,77107.0,2.4523,1.4354,1929.0,819.0,0.0,0.0,819.0,5542.0,350.0,443.0,6.0,50.0,23.0,10.22,0.84,2.61
2021/10/22,19.2,19.2,18.4,18.75,4644.0,87391.0,-0.266,1.6141,1990.0,92.0,0.0,-1.0,91.0,5608.0,472.0,406.0,8.0,45.0,3.0,10.19,0.84,2.61
2021/10/25,18.75,19.2,18.7,19.0,2746.0,52303.0,1.3333,0.9544,1272.0,895.0,0.0,-1.0,894.0,5708.0,201.0,101.0,2.0,117.0,74.0,10.33,0.85,2.58
2021/10/26,19.6,19.6,19.1,19.15,3071.0,59288.0,0.7895,1.0674,1263.0,553.0,0.0,0.0,553.0,5914.0,318.0,112.0,0.0,175.0,58.0,10.41,0.85,2.56
2021/10/27,19.25,19.35,19.0,19.25,2345.0,44963.0,0.5222,0.815,891.0,616.0,0.0,2.0,618.0,6061.0,432.0,285.0,13.0,167.0,5.0,10.46,0.86,2.55
2021/10/28,19.3,19.4,19.05,19.15,1699.0,32623.0,-0.5195,0.5905,719.0,547.0,0.0,-98.0,449.0,6044.0,183.0,200.0,3.0,168.0,4.0,10.41,0.85,2.56
2021/10/29,19.3,19.6,19.1,19.55,2401.0,46691.0,2.0888,0.8345,1111.0,747.0,0.0,-2.0,745.0,6169.0,241.0,116.0,0.0,170.0,2.0,10.63,0.87,2.51
2021/11/01,20.4,21.4,19.8,20.9,9235.0,191491.0,6.9054,3.2097,3971.0,-744.0,0.0,38.0,-706.0,8300.0,2468.0,333.0,30.0,148.0,9.0,11.36,0.93,2.34
2021/11/02,21.2,22.65,19.1,20.45,32862.0,688786.0,-2.1531,11.4215,10768.0,-4225.0,0.0,-38.0,-4263.0,9630.0,2873.0,1543.0,9.0,251.0,113.0,11.11,0.91,2.4
2021/11/03,20.7,20.9,20.2,20.8,13633.0,280369.0,1.7115,4.7383,5555.0,-826.0,0.0,8.0,-818.0,10623.0,2226.0,1233.0,12.0,504.0,265.0,11.3,0.93,2.36
2021/11/04,20.7,20.8,19.15,19.2,9771.0,191881.0,-7.6923,3.396,4720.0,-2058.0,0.0,-10.0,-2068.0,9060.0,1167.0,2730.0,200.0,329.0,25.0,10.43,0.86,2.55
2021/11/05,19.3,19.4,18.65,19.1,6336.0,120613.0,-0.5208,2.2021,2686.0,-364.0,0.0,-1.0,-365.0,9082.0,616.0,594.0,152.0,214.0,37.0,10.38,0.85,2.57
2021/11/08,19.05,19.25,18.55,18.7,4576.0,86468.0,-2.0942,1.5904,1878.0,-529.0,0.0,1.0,-528.0,9086.0,306.0,302.0,36.0,185.0,7.0,10.16,0.83,2.62
2021/11/09,18.7,18.95,18.6,18.9,1896.0,35623.0,1.0695,0.659,933.0,-274.0,0.0,0.0,-274.0,9190.0,223.0,119.0,67.0,128.0,14.0,10.27,0.84,2.59
2021/11/10,19.5,20.35,19.4,19.65,8374.0,166306.0,3.9683,2.9105,3559.0,153.0,0.0,9.0,162.0,9515.0,1018.0,693.0,15.0,113.0,0.0,8.89,0.93,2.49
2021/11/11,19.45,20.1,19.25,19.85,3228.0,63825.0,1.0178,1.1219,1492.0,69.0,0.0,4.0,73.0,9496.0,480.0,499.0,1.0,112.0,0.0,8.98,0.94,2.47
2021/11/12,20.1,20.1,19.5,19.55,2649.0,52099.0,-1.5113,0.9207,1178.0,-502.0,0.0,7.0,-495.0,9107.0,521.0,910.0,2.0,110.0,0.0,8.85,0.92,2.51
2021/11/15,19.75,19.75,19.05,19.4,2883.0,55723.0,-0.7673,1.002,1332.0,23.0,0.0,1.0,24.0,8763.0,222.0,561.0,1.0,109.0,0.0,8.78,0.91,2.53
2021/11/16,19.4,19.5,19.05,19.15,1717.0,33061.0,-1.2887,0.5968,758.0,50.0,0.0,4.0,54.0,8726.0,150.0,187.0,0.0,111.0,2.0,8.67,0.9,2.56
2021/11/17,19.3,20.2,19.15,19.85,3736.0,73236.0,3.6554,1.2985,1524.0,421.0,0.0,2.0,423.0,9080.0,712.0,358.0,2.0,113.0,4.0,8.98,0.94,2.47
2021/11/18,20.2,21.8,20.1,21.8,15724.0,335006.0,9.8237,5.465,5212.0,291.0,0.0,0.0,291.0,10213.0,2500.0,1367.0,0.0,138.0,25.0,9.86,1.03,2.25
2021/11/19,22.1,22.45,21.25,21.9,29780.0,650084.0,0.4587,10.3503,10940.0,-1378.0,0.0,0.0,-1378.0,11579.0,3255.0,1889.0,78.0,89.0,29.0,9.91,1.03,2.24
2021/11/22,22.25,22.25,20.6,20.8,12593.0,266936.0,-5.0228,4.3768,4685.0,-1353.0,0.0,3.0,-1350.0,10793.0,1622.0,2408.0,17.0,79.0,7.0,9.41,0.98,2.36
2021/11/23,21.5,22.85,21.2,21.95,43703.0,977754.0,5.5288,15.1894,12263.0,-286.0,0.0,0.0,-286.0,11536.0,4364.0,3620.0,17.0,170.0,109.0,9.93,1.03,2.23
2021/11/24,21.55,22.35,20.9,21.0,19281.0,422170.0,-4.328,6.7013,6475.0,-1873.0,0.0,8.0,-1865.0,12076.0,2140.0,1598.0,90.0,208.0,130.0,9.5,0.99,2.33
2021/11/25,21.0,23.1,21.0,23.1,42243.0,964889.0,10.0,14.6819,12559.0,3724.0,0.0,0.0,3724.0,14608.0,4915.0,2383.0,11.0,476.0,279.0,10.45,1.09,2.12
2021/11/26,22.95,25.2,22.6,24.5,67421.0,1601119.0,6.0606,23.4328,27113.0,-2717.0,0.0,1018.0,-1699.0,14303.0,4078.0,3924.0,95.0,715.0,334.0,11.09,1.16,2.0
2021/11/29,24.15,24.4,23.05,23.5,28979.0,684741.0,-4.0816,10.0719,10848.0,-1581.0,0.0,4.0,-1577.0,14858.0,2746.0,2191.0,267.0,477.0,29.0,10.63,1.11,2.09
2021/11/30,24.1,25.45,23.6,24.2,28462.0,702528.0,2.9787,9.8922,12594.0,125.0,0.0,-2.0,123.0,13988.0,1878.0,2748.0,19.0,581.0,123.0,10.95,1.14,2.02
2021/12/01,24.35,25.0,23.95,24.3,16609.0,406242.0,0.4132,5.7726,7383.0,-654.0,0.0,-76.0,-730.0,13908.0,1581.0,1661.0,50.0,591.0,60.0,11.0,1.15,2.02
2021/12/02,24.0,24.6,22.9,23.05,16269.0,383088.0,-5.144,5.6544,7313.0,-242.0,0.0,19.0,-223.0,12619.0,1512.0,2801.0,116.0,518.0,43.0,10.43,1.09,2.13
2021/12/03,23.3,24.1,23.0,23.85,16305.0,385725.0,3.4707,5.6669,6555.0,515.0,0.0,-10.0,505.0,11365.0,1137.0,2387.0,170.0,490.0,142.0,10.79,1.12,2.05
2021/12/06,23.55,23.95,23.3,23.9,7261.0,171514.0,0.2096,2.5236,3333.0,250.0,0.0,-1.0,249.0,11652.0,813.0,526.0,123.0,493.0,126.0,10.81,1.13,2.05
2021/12/07,24.4,24.6,23.5,23.65,9697.0,232834.0,-1.046,3.3703,4093.0,-750.0,0.0,0.0,-750.0,12159.0,1456.0,945.0,127.0,368.0,11.0,10.7,1.12,2.07
2021/12/08,24.0,24.4,23.5,23.9,10158.0,243785.0,1.0571,3.5305,4265.0,2137.0,0.0,2.0,2139.0,11694.0,596.0,1061.0,23.0,360.0,16.0,10.81,1.13,2.05
2021/12/09,24.5,25.9,24.3,24.3,29506.0,733857.0,1.6736,10.2551,12164.0,-1538.0,0.0,-942.0,-2480.0,10515.0,2101.0,3280.0,39.0,466.0,145.0,11.0,1.15,2.02
2021/12/10,24.15,24.25,23.5,23.6,9351.0,222548.0,-2.8807,3.25,4312.0,-477.0,0.0,0.0,-477.0,9867.0,752.0,1400.0,176.0,307.0,18.0,10.68,1.11,2.08
2021/12/13,23.35,24.0,23.35,23.8,4846.0,114891.0,0.8475,1.6843,2087.0,535.0,0.0,1.0,536.0,9558.0,406.0,664.0,11.0,310.0,14.0,10.77,1.12,2.06
2021/12/14,23.65,23.9,22.8,23.2,5769.0,133987.0,-2.521,2.0051,2706.0,-339.0,0.0,0.0,-339.0,9238.0,559.0,879.0,52.0,268.0,10.0,10.5,1.09,2.11
2021/12/15,23.1,23.6,23.0,23.45,3015.0,70367.0,1.0776,1.0479,1315.0,926.0,0.0,-1.0,925.0,9309.0,297.0,226.0,3.0,278.0,13.0,10.61,1.11,2.09
2021/12/16,23.75,24.85,23.75,24.1,16374.0,399417.0,2.7719,5.6909,6754.0,-628.0,0.0,-22.0,-650.0,9721.0,1473.0,1061.0,35.0,316.0,73.0,10.9,1.14,2.03
2021/12/17,23.9,24.4,23.7,24.1,6384.0,153181.0,0.0,2.2188,2657.0,643.0,0.0,0.0,643.0,9744.0,749.0,626.0,100.0,242.0,26.0,10.9,1.14,2.03
2021/12/20,24.15,24.3,23.45,23.6,4375.0,103913.0,-2.0747,1.5206,2240.0,-569.0,0.0,-3.0,-572.0,9336.0,541.0,919.0,7.0,250.0,15.0,10.68,1.11,2.08
2021/12/21,23.6,24.1,23.2,23.7,4461.0,105808.0,0.4237,1.5505,1891.0,660.0,0.0,-2.0,658.0,8941.0,192.0,587.0,9.0,261.0,20.0,10.72,1.12,2.07
2021/12/22,24.05,25.2,23.8,25.2,20740.0,512581.0,6.3291,7.2084,8061.0,829.0,0.0,-10.0,819.0,10465.0,3117.0,1593.0,54.0,304.0,97.0,11.4,1.19,1.94
2021/12/23,26.0,27.7,25.65,27.7,64644.0,1740924.0,9.9206,22.4676,26185.0,3.0,0.0,-1.0,2.0,10540.0,4529.0,4454.0,37.0,811.0,544.0,12.53,1.31,1.77
2021/12/24,28.7,30.45,28.0,30.45,118813.0,3482122.0,9.9278,41.2945,47328.0,819.0,0.0,0.0,819.0,13932.0,7017.0,3625.0,291.0,1987.0,1468.0,13.78,1.44,1.61
2021/12/27,31.75,31.9,29.6,30.05,104423.0,3208126.0,-1.3136,36.2931,39030.0,-1286.0,0.0,17.0,-1269.0,13088.0,5233.0,6061.0,821.0,1362.0,196.0,13.6,1.42,1.63
2021/12/28,30.55,33.05,29.85,33.05,90333.0,2884362.0,9.9834,31.396,38081.0,6805.0,0.0,-16.0,6789.0,15144.0,6040.0,3984.0,233.0,3818.0,2689.0,14.95,1.56,1.48
2021/12/29,33.7,33.85,32.05,32.95,109970.0,3593378.0,-0.3026,38.2211,38381.0,-3467.0,0.0,6.0,-3461.0,15254.0,5428.0,5318.0,1865.0,2025.0,72.0,14.91,1.55,1.49
2021/12/30,32.45,32.55,30.1,30.65,40409.0,1268148.0,-6.9803,14.0445,18528.0,905.0,0.0,-8.0,897.0,13949.0,2701.0,4006.0,906.0,1213.0,94.0,13.87,1.45,1.6
2022/01/03,30.55,31.3,30.3,30.35,21114.0,649591.0,-0.9788,7.3384,9166.0,690.0,0.0,2.0,692.0,14518.0,1599.0,1030.0,118.0,1192.0,98.0,13.73,1.43,1.61
2022/01/04,31.15,31.15,30.05,30.9,14950.0,456922.0,1.8122,5.196,11551.0,45.0,0.0,-1.0,44.0,14574.0,970.0,914.0,196.0,1133.0,137.0,13.98,1.46,1.59
2022/01/05,31.05,32.7,29.5,29.75,46961.0,1466385.0,-3.7217,16.3217,20888.0,-3517.0,0.0,-4.0,-3521.0,13134.0,2476.0,3914.0,326.0,1161.0,354.0,13.46,1.4,1.65
2022/01/06,29.5,32.2,28.85,31.15,69679.0,2170644.0,4.7059,24.2176,29203.0,5208.0,0.0,41.0,5249.0,13408.0,3002.0,2728.0,102.0,1911.0,852.0,14.1,1.47,1.57
2022/01/07,30.7,31.4,29.65,29.7,31732.0,960927.0,-4.6549,11.0287,12963.0,-5989.0,0.0,0.0,-5989.0,14096.0,2713.0,2021.0,983.0,993.0,69.0,13.44,1.4,1.65
2022/01/10,29.5,30.3,28.9,30.25,14525.0,431691.0,1.8519,5.0483,6402.0,1104.0,0.0,-6.0,1098.0,13520.0,432.0,1008.0,139.0,1162.0,308.0,13.69,1.43,1.62
2022/01/11,30.15,30.4,28.65,29.2,15047.0,440987.0,-3.4711,5.2297,7655.0,-1230.0,0.0,-7.0,-1237.0,12857.0,805.0,1462.0,402.0,861.0,101.0,13.21,1.38,1.68
2022/01/12,29.6,29.65,28.7,29.25,7784.0,227318.0,0.1712,2.7054,3726.0,1035.0,0.0,1.0,1036.0,12804.0,467.0,520.0,292.0,638.0,69.0,13.24,1.38,1.68
2022/01/13,28.85,29.8,28.85,29.7,7423.0,218604.0,1.5385,2.5799,3447.0,1843.0,0.0,52.0,1895.0,12548.0,316.0,572.0,52.0,804.0,218.0,13.44,1.4,1.65
2022/01/14,29.6,29.6,27.7,28.1,11620.0,329530.0,-5.3872,4.0386,5629.0,492.0,0.0,-86.0,406.0,12003.0,681.0,1225.0,434.0,722.0,352.0,12.71,1.32,1.74
2022/01/17,28.65,29.6,28.3,29.1,8859.0,257177.0,3.5587,3.079,4237.0,1524.0,0.0,49.0,1573.0,11881.0,409.0,531.0,235.0,779.0,292.0,13.17,1.37,1.68
2022/01/18,29.1,31.25,29.1,30.35,29190.0,890720.0,4.2955,10.1452,14493.0,-992.0,121.0,105.0,-766.0,12810.0,2789.0,1860.0,75.0,1078.0,374.0,13.73,1.43,1.61
2022/01/19,29.85,31.15,29.6,31.15,21812.0,663694.0,2.6359,7.581,11815.0,-1163.0,126.0,194.0,-843.0,13191.0,1640.0,1234.0,167.0,1411.0,500.0,14.1,1.47,1.57
2022/01/20,31.0,31.8,30.15,30.45,26682.0,823189.0,-2.2472,9.2736,13706.0,-3920.0,124.0,45.0,-3751.0,14425.0,2376.0,1142.0,194.0,1464.0,247.0,13.78,1.44,1.61
2022/01/21,30.25,30.6,28.6,28.6,17393.0,510491.0,-6.0755,6.0451,8859.0,471.0,1.0,-45.0,427.0,12816.0,835.0,2430.0,661.0,1229.0,426.0,12.94,1.35,1.71
2022/01/24,27.95,28.55,26.8,28.0,14834.0,409874.0,-2.0979,5.1557,7277.0,2142.0,0.0,52.0,2194.0,11434.0,333.0,1708.0,358.0,1283.0,417.0,12.67,1.32,1.75
2022/01/25,27.55,28.45,27.35,27.4,10869.0,302128.0,-2.1429,3.7776,5214.0,-290.0,6.0,-170.0,-454.0,11138.0,436.0,725.0,319.0,1020.0,56.0,12.4,1.29,1.79
2022/01/26,27.5,27.9,27.15,27.35,6047.0,166265.0,-0.1825,2.1017,3410.0,199.0,13.0,-221.0,-9.0,10927.0,245.0,410.0,375.0,734.0,89.0,12.38,1.29,1.79
2022/02/07,28.15,28.6,27.8,28.25,4699.0,132458.0,3.2907,1.6332,2511.0,580.0,0.0,5.0,585.0,10855.0,257.0,328.0,82.0,731.0,79.0,12.78,1.33,1.73
2022/02/08,28.3,29.25,28.25,29.05,4280.0,123356.0,2.8319,1.4876,2674.0,448.0,0.0,181.0,629.0,11082.0,517.0,290.0,107.0,710.0,86.0,13.14,1.37,1.69
2022/02/09,29.2,29.5,28.9,29.5,5271.0,153993.0,1.5491,1.832,2650.0,121.0,0.0,-134.0,-13.0,11312.0,504.0,274.0,47.0,771.0,108.0,13.35,1.39,1.66
2022/02/10,30.0,30.2,29.0,29.4,8947.0,263924.0,-0.339,3.1096,4925.0,-2435.0,0.0,30.0,-2405.0,12065.0,1285.0,532.0,37.0,861.0,127.0,13.3,1.39,1.67
2022/02/11,28.75,28.75,28.0,28.05,7977.0,225783.0,-4.5918,2.7725,4590.0,-499.0,0.0,1.0,-498.0,11261.0,523.0,1322.0,196.0,797.0,132.0,12.69,1.32,1.75
2022/02/14,27.2,28.0,27.2,27.45,3846.0,106060.0,-2.139,1.3367,2422.0,524.0,0.0,-1.0,523.0,11101.0,193.0,352.0,65.0,824.0,92.0,12.42,1.29,1.79
2022/02/15,27.6,28.25,27.6,27.7,3038.0,84696.0,0.9107,1.0559,1916.0,-309.0,0.0,68.0,-241.0,11023.0,116.0,189.0,69.0,774.0,20.0,12.53,1.31,1.77
2022/02/16,28.3,28.5,27.85,28.0,2760.0,77732.0,1.083,0.9593,1515.0,282.0,0.0,2.0,284.0,10801.0,120.0,342.0,123.0,674.0,23.0,12.67,1.32,1.75
2022/02/17,28.2,28.2,27.35,27.45,3668.0,101430.0,-1.9643,1.2748,2778.0,-303.0,0.0,-1.0,-304.0,10541.0,177.0,437.0,89.0,660.0,75.0,12.42,1.29,1.79
2022/02/18,27.0,27.95,27.0,27.85,3590.0,99157.0,1.4572,1.2477,1977.0,668.0,0.0,0.0,668.0,10477.0,98.0,162.0,65.0,614.0,19.0,12.6,1.31,1.76
2022/02/21,28.0,29.6,27.95,28.85,15321.0,443562.0,3.5907,5.325,7551.0,-551.0,0.0,87.0,-464.0,11645.0,1828.0,660.0,50.0,664.0,100.0,13.05,1.36,1.7
2022/02/22,28.6,28.65,27.6,27.75,5594.0,156510.0,-3.8128,1.9442,3804.0,-1500.0,19.0,-47.0,-1528.0,11443.0,494.0,666.0,92.0,611.0,39.0,12.56,1.31,1.77
2022/02/23,28.1,29.35,28.1,29.05,14497.0,419989.0,4.6847,5.0386,7174.0,625.0,0.0,46.0,671.0,12086.0,1356.0,713.0,34.0,858.0,281.0,13.14,1.37,1.69
2022/02/24,28.4,28.75,27.6,28.0,8324.0,234589.0,-3.6145,2.8931,4469.0,-1275.0,0.0,-5.0,-1280.0,12058.0,939.0,967.0,264.0,722.0,128.0,12.67,1.32,1.75
2022/02/25,28.3,28.6,27.55,27.75,5947.0,166602.0,-0.8929,2.0669,3085.0,-68.0,0.0,-11.0,-79.0,12034.0,379.0,403.0,79.0,690.0,47.0,12.56,1.31,1.77
2022/03/01,28.0,28.6,27.9,28.4,3713.0,104933.0,2.3423,1.2905,1752.0,957.0,0.0,7.0,964.0,11861.0,289.0,462.0,164.0,579.0,53.0,12.85,1.34,1.73
2022/03/02,27.95,28.6,27.8,28.6,3745.0,105701.0,0.7042,1.3016,2461.0,102.0,0.0,12.0,114.0,11790.0,469.0,540.0,65.0,555.0,41.0,12.94,1.35,1.71
2022/03/03,29.2,29.25,28.2,28.2,5696.0,163018.0,-1.3986,1.9797,3605.0,-1125.0,6.0,-1.0,-1120.0,12203.0,934.0,521.0,20.0,543.0,8.0,12.76,1.33,1.74
2022/03/04,27.9,28.35,27.85,27.95,2783.0,78082.0,-0.8865,0.9673,1813.0,107.0,0.0,-2.0,105.0,11886.0,207.0,524.0,21.0,561.0,39.0,12.65,1.32,1.75
2022/03/07,27.65,27.65,25.7,25.9,8209.0,215897.0,-7.3345,2.8531,5128.0,1012.0,0.0,-17.0,995.0,10619.0,319.0,1582.0,191.0,593.0,226.0,11.72,1.22,1.89
2022/03/08,25.9,26.25,24.8,24.85,5384.0,136646.0,-4.0541,1.8713,3283.0,1281.0,0.0,-6.0,1275.0,9837.0,152.0,920.0,185.0,529.0,121.0,11.24,1.17,1.97
2022/03/09,25.9,26.3,25.2,26.15,3512.0,90592.0,5.2314,1.2206,1977.0,272.0,0.0,-6.0,266.0,9876.0,209.0,170.0,77.0,591.0,139.0,11.83,1.23,1.87
2022/03/10,26.7,27.25,26.65,27.05,3903.0,105181.0,3.4417,1.3565,1992.0,539.0,0.0,1.0,540.0,10119.0,494.0,251.0,52.0,674.0,135.0,12.24,1.28,1.81
2022/03/11,26.6,27.15,26.6,27.15,1928.0,51911.0,0.3697,0.6701,1346.0,445.0,0.0,7.0,452.0,10117.0,149.0,151.0,23.0,704.0,53.0,12.29,1.28,1.8
2022/03/14,27.2,27.6,26.95,27.35,2819.0,76840.0,0.7366,0.9798,1679.0,-165.0,0.0,0.0,-165.0,10161.0,176.0,132.0,92.0,666.0,54.0,12.38,1.29,1.79
2022/03/15,27.3,27.3,26.5,26.65,2065.0,55358.0,-2.5594,0.7177,1331.0,10.0,0.0,0.0,10.0,10243.0,263.0,179.0,115.0,634.0,83.0,12.06,1.26,1.84
2022/03/16,27.05,27.3,26.75,26.9,2308.0,62461.0,0.9381,0.8022,1184.0,935.0,0.0,0.0,935.0,10221.0,99.0,119.0,35.0,631.0,32.0,12.17,1.27,1.82
2022/03/17,27.45,27.75,27.35,27.5,3189.0,87872.0,2.2305,1.1084,1703.0,793.0,0.0,0.0,793.0,10229.0,281.0,273.0,87.0,565.0,21.0,12.44,1.3,1.78
2022/03/18,27.6,27.75,27.2,27.5,2305.0,63361.0,0.0,0.8011,1137.0,393.0,0.0,0.0,393.0,10117.0,138.0,250.0,10.0,571.0,34.0,12.44,1.3,1.78
2022/03/21,27.75,28.0,27.15,27.2,2239.0,61468.0,-1.0909,0.7782,1212.0,-132.0,0.0,15.0,-117.0,9949.0,150.0,318.0,27.0,568.0,24.0,12.31,1.28,1.8
2022/03/22,27.4,27.4,26.8,27.25,1825.0,49369.0,0.1838,0.6343,1089.0,-66.0,0.0,1.0,-65.0,9951.0,161.0,159.0,40.0,535.0,7.0,12.33,1.28,1.8
2022/03/23,27.3,27.5,26.6,26.85,5138.0,138082.0,-1.4679,1.7858,2401.0,-527.0,0.0,10.0,-517.0,10339.0,552.0,164.0,77.0,477.0,19.0,12.44,1.3,1.78
2022/03/24,26.6,27.1,26.6,26.85,2069.0,55724.0,0.0,0.7191,1064.0,970.0,0.0,0.0,970.0,10022.0,36.0,346.0,20.0,473.0,16.0,12.15,1.27,1.82
2022/03/25,27.25,27.25,26.3,26.4,3112.0,82783.0,-1.676,1.0816,1794.0,-1127.0,0.0,-7.0,-1134.0,10086.0,212.0,148.0,19.0,460.0,6.0,11.95,1.24,1.86
2022/03/28,26.4,26.4,25.65,26.2,2288.0,59389.0,-0.7576,0.7952,1232.0,463.0,0.0,-22.0,441.0,9902.0,60.0,244.0,95.0,417.0,52.0,11.01,1.19,1.87
2022/03/29,26.7,26.7,26.2,26.3,1464.0,38599.0,0.3817,0.5088,853.0,-270.0,0.0,0.0,-270.0,9873.0,92.0,121.0,15.0,404.0,2.0,11.05,1.2,1.86
2022/03/30,26.6,27.0,26.35,26.4,2440.0,65089.0,0.3802,0.848,1243.0,-101.0,0.0,18.0,-83.0,9948.0,185.0,109.0,44.0,362.0,2.0,11.09,1.2,1.86
2022/03/31,26.45,26.45,26.05,26.05,1360.0,35648.0,-1.3258,0.4727,746.0,-376.0,0.0,0.0,-376.0,9910.0,40.0,77.0,17.0,356.0,11.0,10.95,1.19,1.88
2022/04/01,25.9,26.3,25.8,26.25,1236.0,32252.0,0.7678,0.4296,625.0,-167.0,0.0,0.0,-167.0,9959.0,128.0,77.0,32.0,327.0,3.0,11.03,1.2,1.87
2022/04/06,25.95,26.0,25.55,25.7,2133.0,54825.0,-2.0952,0.7413,1110.0,-877.0,0.0,-1.0,-878.0,9963.0,134.0,108.0,65.0,268.0,6.0,10.8,1.17,1.91
2022/04/07,25.4,26.1,25.1,25.15,3207.0,81592.0,-2.1401,1.1146,1592.0,-687.0,0.0,-3.0,-690.0,9772.0,212.0,373.0,74.0,215.0,21.0,10.57,1.15,1.95
2022/04/08,25.25,25.7,25.25,25.3,1301.0,33088.0,0.5964,0.4522,690.0,294.0,0.0,1.0,295.0,9702.0,125.0,195.0,39.0,179.0,3.0,10.63,1.15,1.94
2022/04/11,25.6,25.85,24.9,25.05,2525.0,63687.0,-0.9881,0.8776,1417.0,-191.0,0.0,-11.0,-202.0,9651.0,179.0,230.0,32.0,152.0,5.0,10.53,1.14,1.96
2022/04/12,25.05,25.35,24.6,24.95,1688.0,42280.0,-0.3992,0.5867,988.0,382.0,0.0,-7.0,375.0,9544.0,68.0,175.0,23.0,138.0,9.0,10.48,1.14,1.96
2022/04/13,25.15,25.35,25.0,25.25,1242.0,31329.0,1.2024,0.4317,756.0,466.0,0.0,9.0,475.0,9513.0,63.0,89.0,47.0,91.0,1.0,10.61,1.15,1.94
2022/04/14,25.4,25.55,25.1,25.1,1212.0,30670.0,-0.5941,0.4212,711.0,-157.0,0.0,-3.0,-160.0,9440.0,49.0,121.0,12.0,78.0,0.0,10.55,1.14,1.95
2022/04/15,25.0,25.0,24.4,24.6,2320.0,57071.0,-1.992,0.8063,1277.0,124.0,0.0,-3.0,121.0,9350.0,138.0,226.0,73.0,5.0,0.0,10.34,1.12,1.99
2022/04/18,24.6,24.75,24.1,24.45,1467.0,35771.0,-0.6098,0.5099,869.0,668.0,7.0,-3.0,672.0,8981.0,29.0,367.0,0.0,0.0,0.0,10.27,1.11,2.0
2022/04/19,24.85,24.95,24.6,24.75,956.0,23684.0,1.227,0.3323,616.0,333.0,-6.0,-3.0,324.0,8957.0,29.0,49.0,0.0,0.0,0.0,10.4,1.13,1.98
2022/04/20,24.9,25.1,24.65,24.7,974.0,24178.0,-0.202,0.3385,606.0,211.0,-142.0,0.0,69.0,8911.0,35.0,55.0,0.0,0.0,0.0,10.38,1.13,1.98
2022/04/21,24.7,25.0,24.45,24.45,828.0,20472.0,-1.0121,0.2878,520.0,292.0,-139.0,-6.0,147.0,8890.0,60.0,80.0,0.0,4.0,4.0,10.27,1.11,2.0
2022/04/22,24.3,24.3,23.9,24.0,1747.0,42144.0,-1.8405,0.6072,1722.0,555.0,-136.0,-9.0,410.0,8801.0,36.0,115.0,0.0,15.0,11.0,10.08,1.09,2.04
2022/04/25,23.65,23.65,22.6,23.25,2536.0,58471.0,-3.125,0.8814,1788.0,788.0,0.0,-125.0,664.0,8388.0,80.0,492.0,5.0,50.0,40.0,9.77,1.06,2.11
2022/04/26,24.3,24.3,23.55,23.6,1799.0,42908.0,1.5054,0.6253,983.0,465.0,0.0,0.0,465.0,8242.0,36.0,182.0,12.0,62.0,24.0,9.92,1.08,2.08
2022/04/27,22.95,23.55,22.55,23.25,2102.0,48187.0,-1.4831,0.7306,1253.0,222.0,0.0,-16.0,206.0,8019.0,67.0,290.0,13.0,108.0,59.0,9.77,1.06,2.11
2022/04/28,23.1,23.7,22.95,23.35,990.0,23154.0,0.4301,0.3441,738.0,188.0,0.0,2.0,190.0,8013.0,135.0,141.0,4.0,106.0,2.0,9.81,1.06,2.1
2022/04/29,23.5,23.8,23.2,23.2,1134.0,26672.0,-0.6424,0.3941,747.0,215.0,0.0,0.0,215.0,7966.0,73.0,113.0,2.0,105.0,1.0,9.75,1.06,4.31
2022/05/03,23.0,23.3,22.9,23.2,964.0,22247.0,0.0,0.335,711.0,203.0,0.0,0.0,203.0,7972.0,56.0,48.0,2.0,103.0,0.0,9.75,1.06,4.31
2022/05/04,23.35,23.9,23.35,23.85,1161.0,27494.0,2.8017,0.4035,711.0,474.0,0.0,2.0,476.0,7867.0,42.0,147.0,0.0,105.0,2.0,10.02,1.09,4.19
2022/05/05,24.3,25.1,24.15,24.85,3023.0,74361.0,4.1929,1.0507,1903.0,-670.0,0.0,7.0,-663.0,8249.0,487.0,105.0,2.0,114.0,11.0,10.44,1.13,4.02
2022/05/06,24.05,24.1,23.0,23.0,4334.0,100900.0,-7.4447,1.5063,2730.0,-2751.0,0.0,-7.0,-2758.0,8431.0,321.0,139.0,13.0,143.0,42.0,8.46,1.02,4.35
2022/05/09,22.3,22.65,22.1,22.35,3158.0,70469.0,-2.8261,1.0976,1686.0,703.0,0.0,-5.0,698.0,8001.0,67.0,497.0,38.0,193.0,88.0,8.22,0.99,4.47
2022/05/10,22.0,23.35,22.0,23.25,2350.0,53604.0,4.0268,0.8168,1410.0,890.0,0.0,-47.0,843.0,7921.0,121.0,201.0,61.0,164.0,32.0,8.55,1.03,4.3
2022/05/11,23.25,23.5,22.95,23.25,1294.0,30086.0,0.0,0.4497,815.0,116.0,0.0,15.0,131.0,7929.0,71.0,63.0,10.0,158.0,4.0,8.55,1.03,4.3
2022/05/12,23.15,23.65,22.6,22.6,1279.0,29566.0,-2.7957,0.4445,894.0,318.0,0.0,10.0,328.0,7770.0,93.0,251.0,20.0,146.0,8.0,8.31,1.01,4.42
2022/05/13,22.9,23.4,22.9,23.0,1070.0,24744.0,1.7699,0.3719,749.0,274.0,0.0,11.0,285.0,7694.0,41.0,117.0,7.0,146.0,7.0,8.46,1.02,4.35
2022/05/16,23.35,23.55,22.85,22.95,1248.0,28891.0,-0.2174,0.434,716.0,58.0,0.0,10.0,68.0,7707.0,48.0,35.0,14.0,134.0,2.0,8.44,1.02,4.36
2022/05/17,23.2,23.7,23.05,23.45,1274.0,29842.0,2.1786,0.443,755.0,566.0,0.0,21.0,587.0,7682.0,55.0,80.0,2.0,136.0,4.0,8.62,1.04,4.26
2022/05/18,23.6,23.95,23.35,23.4,1242.0,29213.0,-0.2132,0.4319,741.0,-25.0,0.0,5.0,-20.0,7705.0,62.0,39.0,0.0,137.0,1.0,8.6,1.04,4.27
2022/05/19,23.15,23.2,22.75,23.0,821.0,18838.0,-1.7094,0.2855,540.0,-23.0,0.0,1.0,-22.0,7743.0,69.0,31.0,4.0,135.0,2.0,8.46,1.02,4.35
2022/05/20,23.05,23.4,23.05,23.05,767.0,17811.0,0.2174,0.2667,482.0,303.0,0.0,0.0,303.0,7768.0,101.0,74.0,2.0,133.0,0.0,8.47,1.03,4.34
2022/05/23,23.25,23.65,23.2,23.35,971.0,22767.0,1.3015,0.3376,613.0,289.0,0.0,3.0,292.0,7807.0,174.0,135.0,0.0,133.0,0.0,8.58,1.04,4.28
2022/05/24,23.55,23.85,22.8,23.0,1268.0,29664.0,-1.4989,0.4409,798.0,-24.0,0.0,0.0,-24.0,7756.0,119.0,170.0,2.0,131.0,0.0,8.46,1.02,4.35
2022/05/25,23.15,23.25,22.95,23.05,475.0,10973.0,0.2174,0.1652,360.0,-111.0,0.0,30.0,-81.0,7796.0,54.0,14.0,0.0,141.0,10.0,8.47,1.03,4.34
2022/05/26,23.3,23.3,22.7,22.7,768.0,17599.0,-1.5184,0.2671,666.0,-268.0,0.0,2.0,-266.0,7847.0,87.0,36.0,2.0,139.0,0.0,8.35,1.01,4.41
2022/05/27,23.05,23.05,22.7,22.75,623.0,14243.0,0.2203,0.2166,507.0,-89.0,0.0,9.0,-80.0,7837.0,54.0,34.0,3.0,136.0,0.0,8.36,1.01,4.4
2022/05/30,22.95,23.45,22.95,23.35,1078.0,25094.0,2.6374,0.3748,609.0,563.0,0.0,7.0,570.0,7665.0,72.0,244.0,0.0,134.0,0.0,8.58,1.04,4.28
2022/05/31,23.45,23.9,23.4,23.8,1617.0,38241.0,1.9272,0.5623,760.0,212.0,0.0,-1.0,211.0,7774.0,297.0,188.0,8.0,126.0,0.0,8.75,1.06,4.2
2022/06/01,23.7,24.0,23.6,23.75,826.0,19688.0,-0.2101,0.2872,550.0,62.0,0.0,-3.0,59.0,7750.0,49.0,73.0,11.0,122.0,7.0,8.73,1.06,4.21
2022/06/02,23.6,24.25,23.6,24.1,1189.0,28495.0,1.4737,0.4134,757.0,110.0,0.0,-12.0,98.0,7730.0,90.0,110.0,4.0,118.0,0.0,8.86,1.07,4.15
2022/06/06,24.3,24.3,23.45,23.8,1278.0,30369.0,-1.2448,0.4444,852.0,-471.0,0.0,1.0,-470.0,7797.0,187.0,120.0,7.0,113.0,2.0,8.75,1.06,4.2
2022/06/07,23.7,24.0,23.6,23.9,608.0,14500.0,0.4202,0.2114,411.0,148.0,0.0,0.0,148.0,7727.0,11.0,81.0,0.0,113.0,0.0,8.79,1.06,4.18
2022/06/08,23.9,24.1,23.6,23.6,821.0,19528.0,-1.2552,0.2855,686.0,66.0,0.0,-5.0,61.0,7660.0,104.0,171.0,2.0,111.0,0.0,8.68,1.05,4.24
2022/06/09,24.15,25.15,24.05,24.7,6236.0,153961.0,4.661,2.1684,3480.0,-803.0,0.0,-1.0,-804.0,8054.0,678.0,284.0,10.0,140.0,39.0,9.08,1.1,4.05
2022/06/10,24.65,24.9,24.3,24.9,2255.0,55443.0,0.8097,0.7841,1253.0,-508.0,0.0,2.0,-506.0,7924.0,211.0,341.0,41.0,102.0,3.0,9.15,1.11,4.02
2022/06/13,24.2,24.45,23.2,23.3,3149.0,74605.0,-6.4257,1.095,2095.0,-1014.0,0.0,-3.0,-1017.0,7911.0,207.0,220.0,4.0,158.0,60.0,8.57,1.04,4.29
2022/06/14,23.05,23.55,22.85,23.5,1532.0,35736.0,0.8584,0.5327,940.0,-143.0,0.0,2.0,-141.0,8017.0,146.0,40.0,45.0,127.0,14.0,8.64,1.05,4.26
2022/06/15,23.5,23.7,23.25,23.45,911.0,21372.0,-0.2128,0.3168,677.0,-14.0,0.0,-4.0,-18.0,7914.0,46.0,149.0,4.0,125.0,2.0,8.62,1.04,4.26
2022/06/16,23.7,23.85,23.05,23.1,770.0,18024.0,-1.4925,0.2677,573.0,105.0,0.0,1.0,106.0,7795.0,65.0,154.0,4.0,124.0,3.0,8.49,1.03,4.33
2022/06/17,22.35,23.2,22.35,22.9,909.0,20754.0,-0.8658,0.3161,551.0,175.0,0.0,2.0,177.0,7772.0,92.0,115.0,15.0,113.0,4.0,8.42,1.02,4.37
2022/06/20,23.1,23.1,22.0,22.0,1709.0,38288.0,-3.9301,0.5943,1000.0,-224.0,0.0,0.0,-224.0,7695.0,141.0,217.0,12.0,104.0,3.0,8.09,0.98,4.55
2022/06/21,22.35,23.15,22.3,23.05,1030.0,23525.0,4.7727,0.3582,665.0,633.0,0.0,26.0,659.0,7617.0,67.0,145.0,4.0,103.0,3.0,8.47,1.03,4.34
2022/06/22,23.05,23.15,22.2,22.4,839.0,18949.0,-2.82,0.2917,737.0,136.0,0.0,11.0,147.0,7546.0,55.0,125.0,3.0,101.0,1.0,8.24,1.0,4.46
2022/06/23,22.75,23.15,22.5,22.8,1123.0,25603.0,1.7857,0.3905,706.0,240.0,0.0,45.0,285.0,7695.0,213.0,64.0,0.0,109.0,8.0,8.38,1.01,4.39
2022/06/24,22.9,23.55,22.9,23.15,1269.0,29487.0,1.5351,0.4413,761.0,477.0,0.0,87.0,564.0,7374.0,35.0,356.0,2.0,108.0,1.0,8.51,1.03,4.32
2022/06/27,23.35,23.75,23.3,23.6,774.0,18229.0,1.9438,0.2691,524.0,345.0,0.0,24.0,369.0,7346.0,37.0,65.0,2.0,108.0,2.0,8.68,1.05,4.24
2022/06/28,23.55,23.95,23.45,23.6,714.0,16925.0,0.0,0.2483,539.0,224.0,0.0,0.0,224.0,7265.0,23.0,102.0,1.0,109.0,2.0,8.68,1.05,4.24
2022/06/29,23.35,23.5,23.05,23.2,966.0,22398.0,-1.6949,0.3359,596.0,196.0,0.0,-3.0,193.0,7293.0,100.0,72.0,0.0,121.0,12.0,8.53,1.03,4.31
2022/06/30,23.2,23.2,22.25,22.3,1386.0,31147.0,-3.8793,0.4819,1127.0,-518.0,0.0,0.0,-518.0,7327.0,106.0,62.0,30.0,92.0,1.0,8.2,0.99,4.48
2022/07/01,22.35,22.35,20.7,20.7,2825.0,60249.0,-7.1749,0.9823,1629.0,-84.0,0.0,21.0,-63.0,6857.0,79.0,510.0,15.0,122.0,45.0,7.61,0.92,4.83
2022/07/04,20.8,21.35,20.45,20.75,981.0,20481.0,0.2415,0.3411,731.0,108.0,0.0,45.0,153.0,6782.0,59.0,134.0,32.0,151.0,61.0,7.63,0.92,4.82
2022/07/05,21.3,21.85,21.1,21.8,1651.0,35494.0,5.0602,0.5741,909.0,622.0,0.0,31.0,653.0,6868.0,165.0,77.0,65.0,92.0,6.0,8.01,0.97,4.59
2022/07/06,21.8,21.8,21.05,21.15,696.0,14880.0,-2.9817,0.242,529.0,-64.0,0.0,0.0,-64.0,6851.0,30.0,47.0,27.0,65.0,0.0,7.78,0.94,4.73
2022/07/07,21.2,22.0,21.0,21.9,982.0,21199.0,3.5461,0.3415,573.0,305.0,0.0,4.0,309.0,6792.0,34.0,93.0,44.0,26.0,5.0,8.05,0.97,4.57
2022/07/08,22.25,22.9,22.2,22.65,1277.0,28876.0,3.4247,0.444,647.0,274.0,0.0,0.0,274.0,6837.0,155.0,110.0,10.0,16.0,0.0,8.33,1.01,4.42
2022/07/11,23.55,24.1,23.25,23.55,2846.0,67286.0,3.9735,0.9896,1574.0,94.0,0.0,-2.0,92.0,6878.0,321.0,280.0,6.0,18.0,8.0,8.66,1.05,4.25
2022/07/12,23.25,23.95,23.1,23.5,2084.0,49135.0,-0.2123,0.7247,1217.0,301.0,0.0,-2.0,299.0,6724.0,245.0,349.0,18.0,0.0,0.0,8.64,1.05,4.26
2022/07/13,24.2,24.3,23.35,23.35,2346.0,56173.0,-0.6383,0.8158,1387.0,275.0,0.0,29.0,304.0,6818.0,357.0,263.0,0.0,0.0,0.0,8.58,1.04,4.28
2022/07/14,23.45,24.2,23.2,24.2,2335.0,55623.0,3.6403,0.8119,1287.0,-120.0,0.0,1.0,-119.0,6782.0,246.0,282.0,0.0,0.0,0.0,8.9,1.08,4.13
2022/07/15,24.2,25.1,23.7,25.0,9454.0,232538.0,3.3058,3.2874,4140.0,-933.0,39.0,-3.0,-897.0,7103.0,731.0,410.0,0.0,0.0,0.0,9.19,1.11,4.0
2022/07/18,24.9,24.9,24.2,24.3,5835.0,143147.0,1.2,2.029,2736.0,-1395.0,0.0,20.0,-1375.0,7878.0,1097.0,322.0,0.0,12.0,12.0,8.93,1.08,4.12
2022/07/19,24.3,24.7,24.05,24.2,2904.0,70913.0,-0.4115,1.0098,1567.0,1115.0,1.0,0.0,1116.0,7778.0,282.0,382.0,5.0,35.0,28.0,8.9,1.08,4.13
2022/07/20,24.85,24.95,23.8,23.8,4934.0,120077.0,-1.6529,1.7157,2636.0,-1190.0,0.0,-5.0,-1195.0,8297.0,866.0,347.0,17.0,24.0,6.0,8.75,1.06,4.2
2022/07/21,24.0,26.15,24.0,26.15,18360.0,463824.0,9.8739,6.3843,7267.0,76.0,0.0,0.0,76.0,10232.0,3180.0,1245.0,13.0,552.0,541.0,9.61,1.16,3.82
2022/07/22,26.2,26.95,25.05,25.2,23228.0,602854.0,-3.6329,8.077,10825.0,-2487.0,-2.0,37.0,-2452.0,9929.0,2158.0,2461.0,151.0,424.0,23.0,9.26,1.12,3.97
2022/07/25,25.05,25.3,24.4,24.7,5399.0,133330.0,-1.9841,1.8774,2637.0,-1025.0,2.0,-50.0,-1073.0,10639.0,948.0,238.0,178.0,261.0,15.0,9.08,1.1,4.05
2022/07/26,25.1,25.1,24.1,24.1,3462.0,84630.0,-2.4291,1.2038,1872.0,-151.0,0.0,0.0,-151.0,10386.0,188.0,441.0,135.0,172.0,47.0,8.86,1.07,4.15
2022/07/27,24.05,24.8,24.0,24.75,2271.0,55685.0,2.6971,0.7897,1167.0,-132.0,0.0,0.0,-132.0,10382.0,180.0,184.0,49.0,135.0,12.0,9.1,1.1,4.04
2022/07/28,25.1,26.45,24.9,25.5,8479.0,217701.0,3.0303,2.9484,4146.0,1559.0,0.0,0.0,1559.0,10477.0,872.0,777.0,44.0,167.0,76.0,9.38,1.13,3.92
2022/07/29,25.75,25.75,24.8,24.95,4952.0,124547.0,-2.1569,1.7219,2566.0,-698.0,0.0,0.0,-698.0,9756.0,463.0,1180.0,45.0,139.0,17.0,9.17,1.11,4.01
2022/08/01,25.1,25.2,24.65,24.9,2709.0,67498.0,-0.2004,0.942,1377.0,-344.0,0.0,0.0,-344.0,9522.0,519.0,753.0,45.0,94.0,0.0,9.15,1.11,4.02
2022/08/02,24.8,24.8,24.1,24.3,3081.0,75079.0,-2.4096,1.0713,1668.0,256.0,0.0,-1.0,255.0,9381.0,343.0,484.0,21.0,75.0,2.0,8.93,1.08,4.12
2022/08/03,24.0,24.55,23.85,23.95,2345.0,56570.0,-1.4403,0.8154,1625.0,-293.0,0.0,-3.0,-296.0,9344.0,202.0,233.0,23.0,70.0,18.0,8.81,1.07,4.18
2022/08/04,23.6,23.85,22.6,23.45,5001.0,116044.0,-2.0877,1.739,2485.0,810.0,0.0,-6.0,804.0,9090.0,476.0,730.0,10.0,83.0,23.0,8.62,1.04,4.26
2022/08/05,23.65,24.75,23.6,24.75,3573.0,87381.0,5.5437,1.2424,1888.0,1194.0,0.0,0.0,1194.0,8853.0,219.0,454.0,13.0,127.0,59.0,9.1,1.1,4.04
2022/08/08,24.05,25.2,24.05,25.15,3169.0,78776.0,1.6162,1.1019,1589.0,1005.0,0.0,0.0,1005.0,8870.0,293.0,275.0,30.0,111.0,14.0,9.25,1.12,3.98
2022/08/09,24.8,25.4,24.6,25.2,3109.0,77966.0,0.1988,1.0811,2118.0,20.0,0.0,0.0,20.0,8962.0,495.0,403.0,0.0,165.0,54.0,9.26,1.12,3.97
2022/08/10,24.9,25.45,24.8,25.1,2547.0,64195.0,-0.3968,0.8857,1529.0,183.0,0.0,-6.0,177.0,8737.0,247.0,472.0,10.0,157.0,2.0,9.23,1.12,3.98
2022/08/11,25.55,26.05,25.05,25.3,4579.0,116732.0,0.7968,1.5922,2441.0,-582.0,0.0,106.0,-476.0,9027.0,801.0,511.0,11.0,153.0,7.0,316.25,1.18,3.95
2022/08/12,25.2,25.25,23.8,24.0,10317.0,250435.0,-5.1383,3.5875,5184.0,-2929.0,0.0,0.0,-2930.0,9658.0,1287.0,656.0,86.0,79.0,12.0,300.0,1.12,4.17
2022/08/15,24.4,24.7,24.2,24.3,4008.0,97785.0,1.25,1.3937,2097.0,389.0,0.0,17.0,406.0,9223.0,336.0,771.0,16.0,88.0,25.0,303.75,1.14,4.12
2022/08/16,24.25,25.25,24.25,25.0,6737.0,168240.0,2.8807,2.3426,3525.0,1838.0,0.0,-46.0,1792.0,9013.0,319.0,529.0,5.0,135.0,52.0,312.5,1.17,4.0
2022/08/17,25.2,25.25,24.65,24.8,2810.0,70041.0,-0.8,0.9771,1547.0,3.0,0.0,0.0,3.0,8754.0,169.0,428.0,10.0,130.0,5.0,310.0,1.16,4.03
2022/08/18,24.65,25.1,24.65,24.85,1518.0,37735.0,0.2016,0.5278,785.0,137.0,0.0,-6.0,131.0,8777.0,235.0,212.0,30.0,100.0,0.0,310.63,1.16,4.02
2022/08/19,25.0,25.2,24.8,25.1,2418.0,60493.0,1.006,0.8408,1317.0,235.0,0.0,0.0,235.0,8940.0,370.0,207.0,4.0,98.0,2.0,313.75,1.17,3.98
2022/08/22,25.0,25.4,24.9,25.15,2309.0,58124.0,0.1992,0.8029,1281.0,439.0,0.0,0.0,439.0,8793.0,169.0,316.0,19.0,92.0,13.0,314.38,1.18,3.98
2022/08/23,25.2,25.6,24.65,24.65,4179.0,104619.0,-1.9881,1.4532,2191.0,-837.0,0.0,0.0,-837.0,8687.0,242.0,348.0,53.0,40.0,1.0,308.13,1.15,4.06
2022/08/24,24.7,24.8,24.2,24.3,1797.0,43903.0,-1.4199,0.6249,1396.0,-189.0,0.0,0.0,-189.0,8761.0,226.0,148.0,9.0,34.0,3.0,303.75,1.14,4.12
2022/08/25,24.4,24.5,24.2,24.25,1370.0,33335.0,-0.2058,0.4764,907.0,-48.0,0.0,1.0,-47.0,8763.0,135.0,133.0,1.0,33.0,0.0,303.13,1.13,4.12
2022/08/26,24.4,24.55,24.1,24.15,1770.0,42910.0,-0.4124,0.6155,975.0,-108.0,0.0,-10.0,-118.0,8871.0,272.0,164.0,0.0,33.0,0.0,301.88,1.13,4.14
2022/08/29,23.45,23.45,23.0,23.0,2760.0,63834.0,-4.7619,0.9597,1892.0,-753.0,0.0,-18.0,-771.0,8869.0,247.0,249.0,10.0,31.0,8.0,287.5,1.08,4.35
2022/08/30,23.15,24.05,23.0,23.7,3028.0,71401.0,3.0435,1.0529,1604.0,-570.0,0.0,-9.0,-579.0,9025.0,357.0,201.0,3.0,65.0,37.0,296.25,1.11,4.22
2022/08/31,23.6,23.7,23.35,23.45,1284.0,30187.0,-1.0549,0.4465,885.0,-213.0,0.0,3.0,-210.0,8990.0,94.0,129.0,23.0,51.0,9.0,293.13,1.1,4.26
2022/09/01,23.2,23.65,22.95,23.55,2015.0,46976.0,0.4264,0.7007,1172.0,-319.0,0.0,-48.0,-367.0,8888.0,118.0,205.0,12.0,52.0,13.0,294.38,1.1,4.25
2022/09/02,23.75,24.0,23.05,23.15,3074.0,71909.0,-1.6985,1.0689,1559.0,-891.0,0.0,0.0,-891.0,9017.0,312.0,183.0,15.0,62.0,25.0,289.38,1.08,4.32
2022/09/05,23.15,23.4,22.9,22.9,1476.0,34037.0,-1.0799,0.5132,803.0,-283.0,0.0,0.0,-283.0,9049.0,102.0,70.0,14.0,91.0,43.0,286.25,1.07,4.37
2022/09/06,23.05,23.2,22.2,22.35,2251.0,50624.0,-2.4017,0.7827,1252.0,-65.0,0.0,-2.0,-67.0,8812.0,228.0,425.0,6.0,100.0,15.0,13.73,1.43,1.61
2022/09/07,22.25,22.55,22.05,22.1,1131.0,25091.0,-1.1186,0.3933,711.0,-252.0,0.0,-33.0,-285.0,8865.0,107.0,50.0,47.0,55.0,2.0,276.25,1.03,4.52
2022/09/08,22.4,22.7,22.4,22.6,799.0,18014.0,2.2624,0.2778,508.0,150.0,0.0,1.0,151.0,8806.0,25.0,79.0,6.0,54.0,5.0,282.5,1.06,4.42
2022/09/12,22.9,23.15,22.75,22.9,825.0,18905.0,1.3274,0.2869,595.0,-173.0,0.0,0.0,-173.0,8817.0,79.0,68.0,6.0,52.0,4.0,286.25,1.07,4.37
2022/09/13,23.0,23.15,22.8,22.9,650.0,14921.0,0.0,0.226,520.0,-15.0,0.0,-41.0,-56.0,8791.0,33.0,59.0,0.0,59.0,7.0,286.25,1.07,4.37
2022/09/14,22.05,22.7,22.05,22.65,640.0,14417.0,-1.0917,0.2225,394.0,114.0,0.0,-10.0,104.0,8744.0,22.0,69.0,4.0,56.0,1.0,283.13,1.06,4.42
2022/09/15,22.65,23.05,22.55,22.6,824.0,18774.0,-0.2208,0.2865,504.0,-70.0,0.0,-36.0,-106.0,8798.0,68.0,14.0,1.0,55.0,0.0,282.5,1.06,4.42
2022/09/16,22.55,22.55,22.2,22.25,852.0,19033.0,-1.5487,0.2963,555.0,-176.0,0.0,-8.0,-185.0,8726.0,25.0,97.0,0.0,59.0,4.0,278.13,1.04,4.49
2022/09/19,22.4,22.4,21.9,22.0,1152.0,25365.0,-1.1236,0.4006,706.0,-88.0,0.0,-9.0,-97.0,8612.0,49.0,161.0,0.0,62.0,3.0,275.0,1.03,4.55
2022/09/20,22.05,22.35,21.95,22.1,665.0,14700.0,0.4545,0.2312,387.0,128.0,0.0,0.0,128.0,8505.0,11.0,118.0,2.0,60.0,0.0,276.25,1.03,4.52
2022/09/21,22.0,22.1,21.65,21.85,1041.0,22728.0,-1.1312,0.362,658.0,-90.0,0.0,-22.0,-112.0,8459.0,12.0,54.0,2.0,62.0,4.0,273.13,1.02,4.58
2022/09/22,21.65,22.0,21.4,21.9,897.0,19493.0,0.2288,0.3119,576.0,115.0,0.0,-8.0,106.0,8360.0,15.0,68.0,26.0,38.0,2.0,273.75,1.02,4.57
2022/09/23,21.9,22.1,21.6,21.6,912.0,19847.0,-1.3699,0.3171,558.0,-264.0,0.0,0.0,-264.0,8277.0,32.0,105.0,1.0,40.0,3.0,270.0,1.01,4.63
2022/09/26,21.4,21.4,20.5,20.65,1882.0,39419.0,-4.3981,0.6544,939.0,-276.0,0.0,-21.0,-297.0,7887.0,45.0,435.0,5.0,52.0,17.0,258.13,0.97,4.84
2022/09/27,20.75,21.0,20.55,21.0,638.0,13276.0,1.6949,0.2218,444.0,126.0,0.0,1.0,127.0,7882.0,38.0,38.0,9.0,49.0,6.0,262.5,0.98,4.76
2022/09/28,21.05,21.05,19.45,19.45,2024.0,40456.0,-7.381,0.7038,1079.0,282.0,0.0,-1.0,281.0,7485.0,58.0,438.0,14.0,40.0,5.0,243.13,0.91,5.14
2022/09/29,20.35,20.7,20.0,20.4,1266.0,25890.0,4.8843,0.4402,828.0,761.0,0.0,0.0,761.0,7419.0,28.0,94.0,10.0,40.0,10.0,255.0,0.95,4.9
2022/09/30,19.7,20.45,19.5,20.45,836.0,16662.0,0.2451,0.2907,475.0,152.0,0.0,3.0,155.0,7283.0,23.0,154.0,7.0,42.0,9.0,255.63,0.96,4.89
2022/10/03,20.05,20.55,19.95,20.25,560.0,11349.0,-0.978,0.1947,377.0,104.0,0.0,-1.0,103.0,7289.0,23.0,12.0,1.0,42.0,1.0,253.13,0.95,4.94
2022/10/04,20.5,20.85,20.35,20.65,766.0,15794.0,1.9753,0.2664,400.0,139.0,0.0,4.0,143.0,7326.0,50.0,13.0,3.0,40.0,1.0,258.13,0.97,4.84
2022/10/05,21.0,21.15,20.9,21.0,812.0,17053.0,1.6949,0.2824,496.0,-109.0,87.0,2.0,-20.0,7364.0,43.0,5.0,0.0,51.0,11.0,262.5,0.98,4.76
2022/10/06,21.25,21.25,20.8,21.0,405.0,8472.0,0.0,0.1408,327.0,27.0,3.0,0.0,30.0,7342.0,32.0,53.0,1.0,62.0,12.0,262.5,0.98,4.76
2022/10/07,20.85,21.1,20.8,21.05,489.0,10268.0,0.2381,0.17,343.0,149.0,0.0,-2.0,147.0,7298.0,21.0,65.0,3.0,63.0,4.0,263.13,0.98,4.75
2022/10/11,20.35,20.6,19.95,20.0,841.0,16888.0,-4.9881,0.2924,586.0,-301.0,0.0,0.0,-301.0,7295.0,29.0,32.0,10.0,57.0,4.0,250.0,0.94,5.0
2022/10/12,20.5,20.7,20.0,20.5,680.0,13906.0,2.5,0.2365,530.0,174.0,2.0,1.0,177.0,7309.0,56.0,41.0,20.0,39.0,2.0,256.25,0.96,4.88
2022/10/13,20.4,20.5,19.3,19.35,1219.0,24103.0,-5.6098,0.4239,899.0,-378.0,0.0,-2.0,-380.0,7234.0,123.0,194.0,5.0,36.0,2.0,241.88,0.9,5.17
2022/10/14,19.8,20.5,19.8,20.4,1040.0,21091.0,5.4264,0.3616,593.0,599.0,0.0,10.0,609.0,7180.0,63.0,89.0,2.0,47.0,13.0,255.0,0.95,4.9
2022/10/17,19.95,20.7,19.9,20.6,879.0,17821.0,0.9804,0.3057,478.0,311.0,0.0,5.0,316.0,7070.0,36.0,146.0,5.0,46.0,4.0,257.5,0.96,4.85
2022/10/18,20.8,20.85,20.45,20.6,530.0,10923.0,0.0,0.1843,348.0,49.0,1.0,21.0,71.0,6999.0,29.0,100.0,1.0,46.0,1.0,257.5,0.96,4.85
2022/10/19,20.75,20.85,20.45,20.45,381.0,7877.0,-0.7282,0.1325,335.0,-21.0,0.0,8.0,-13.0,6997.0,14.0,16.0,0.0,46.0,0.0,255.63,0.96,4.89
2022/10/20,20.35,20.35,19.85,20.3,591.0,11868.0,-0.7335,0.2055,460.0,-105.0,0.0,0.0,-105.0,6984.0,47.0,45.0,7.0,39.0,0.0,253.75,0.95,4.93
2022/10/21,20.45,20.5,19.9,19.9,376.0,7537.0,-1.9704,0.1307,260.0,-193.0,0.0,-3.0,-196.0,6994.0,15.0,5.0,2.0,40.0,3.0,248.75,0.93,5.03
2022/10/24,20.25,20.4,19.9,19.9,462.0,9309.0,0.0,0.1606,272.0,117.0,0.0,46.0,163.0,6971.0,18.0,41.0,5.0,35.0,0.0,248.75,0.93,5.03
2022/10/25,19.95,20.1,19.65,19.85,494.0,9806.0,-0.2513,0.1718,394.0,13.0,0.0,47.0,60.0,6963.0,20.0,28.0,1.0,34.0,0.0,248.13,0.93,5.04
2022/10/26,19.9,19.9,19.6,19.8,652.0,12889.0,-0.2519,0.2267,370.0,-189.0,0.0,31.0,-158.0,6929.0,11.0,45.0,2.0,36.0,4.0,247.5,0.93,5.05
2022/10/27,19.8,20.4,19.8,20.4,617.0,12466.0,3.0303,0.2145,385.0,432.0,0.0,2.0,434.0,6933.0,51.0,47.0,2.0,50.0,16.0,255.0,0.95,4.9
2022/10/28,20.35,20.45,19.8,19.8,487.0,9732.0,-2.9412,0.1693,480.0,-318.0,0.0,-12.0,-330.0,6982.0,75.0,26.0,8.0,42.0,0.0,247.5,0.93,5.05
2022/10/31,20.0,20.2,19.85,20.1,276.0,5552.0,1.5152,0.096,207.0,29.0,1.0,6.0,36.0,6992.0,37.0,24.0,0.0,41.0,0.0,251.25,0.94,4.98
2022/11/01,19.95,20.5,19.95,20.35,545.0,11076.0,1.2438,0.1895,359.0,255.0,0.0,12.0,267.0,6956.0,27.0,63.0,0.0,42.0,1.0,254.38,0.95,4.91
2022/11/02,20.4,20.55,20.3,20.45,473.0,9662.0,0.4914,0.1645,329.0,96.0,0.0,5.0,101.0,6993.0,41.0,4.0,5.0,37.0,0.0,255.63,0.96,4.89
2022/11/03,20.25,20.55,20.2,20.5,328.0,6705.0,0.2445,0.1141,202.0,147.0,0.0,-5.0,142.0,6996.0,11.0,5.0,0.0,37.0,0.0,256.25,0.96,4.88
2022/11/04,20.35,20.95,20.35,20.9,595.0,12322.0,1.9512,0.2069,414.0,27.0,0.0,-3.0,24.0,6974.0,20.0,42.0,1.0,37.0,1.0,261.25,0.98,4.78
2022/11/07,21.1,21.1,20.65,20.7,634.0,13187.0,-0.9569,0.2205,459.0,-236.0,0.0,0.0,-236.0,7037.0,78.0,15.0,2.0,35.0,0.0,258.75,0.97,4.83
2022/11/08,20.85,21.2,20.7,20.85,763.0,16025.0,0.7246,0.2653,472.0,215.0,1.0,-10.0,206.0,7001.0,35.0,71.0,5.0,30.0,0.0,260.63,0.97,4.8
2022/11/09,20.95,21.15,20.9,21.0,609.0,12798.0,0.7194,0.2118,346.0,189.0,3.0,-2.0,190.0,7029.0,61.0,33.0,0.0,30.0,0.0,262.5,0.98,4.76
2022/11/10,21.0,21.3,20.9,21.05,527.0,11121.0,0.2381,0.1833,354.0,131.0,1.0,0.0,132.0,7032.0,32.0,29.0,0.0,36.0,6.0,263.13,0.98,4.75
2022/11/11,21.6,21.65,21.0,21.1,720.0,15284.0,0.2375,0.2504,412.0,-88.0,1.0,-1.0,-88.0,7027.0,89.0,94.0,1.0,35.0,0.0,263.75,0.99,4.74
2022/11/14,21.5,22.15,21.5,21.95,2152.0,47077.0,4.0284,0.7483,1044.0,626.0,0.0,-1.0,625.0,6920.0,69.0,176.0,1.0,34.0,0.0,37.2,0.99,4.56
2022/11/15,22.1,22.1,21.7,21.8,1069.0,23428.0,-0.6834,0.3717,745.0,-137.0,1.0,205.0,69.0,6933.0,37.0,24.0,0.0,34.0,0.0,36.95,0.99,4.59
2022/11/16,22.05,22.1,21.5,21.5,640.0,13891.0,-1.3761,0.2225,467.0,-115.0,3.0,5.0,-107.0,7004.0,78.0,7.0,0.0,34.0,0.0,36.44,0.97,4.65
2022/11/17,21.6,22.35,21.6,22.25,1441.0,31901.0,3.4884,0.5011,814.0,216.0,2.0,46.0,264.0,7118.0,172.0,58.0,0.0,38.0,4.0,37.71,1.01,4.49
2022/11/18,22.3,22.7,21.85,21.9,2623.0,58326.0,-1.573,0.9121,1341.0,-1049.0,1.0,1.0,-1047.0,7128.0,137.0,127.0,14.0,24.0,0.0,37.12,0.99,4.57
2022/11/21,21.9,21.95,21.45,21.5,633.0,13715.0,-1.8265,0.2201,440.0,-72.0,1.0,0.0,-71.0,7165.0,129.0,92.0,0.0,24.0,0.0,36.44,0.97,4.65
2022/11/22,21.5,21.5,21.1,21.3,528.0,11227.0,-0.9302,0.1836,364.0,67.0,0.0,1.0,68.0,7118.0,67.0,77.0,0.0,24.0,0.0,36.1,0.96,4.69
2022/11/23,21.6,21.8,21.55,21.7,409.0,8884.0,1.8779,0.1422,260.0,137.0,0.0,0.0,137.0,7063.0,20.0,74.0,1.0,23.0,0.0,36.78,0.98,4.61
2022/11/24,21.9,21.9,21.6,21.75,389.0,8468.0,0.2304,0.1353,277.0,81.0,1.0,5.0,87.0,6988.0,36.0,81.0,0.0,23.0,0.0,36.86,0.98,4.6
2022/11/25,21.75,21.9,21.5,21.5,420.0,9124.0,-1.1494,0.146,276.0,78.0,0.0,0.0,78.0,6919.0,9.0,78.0,0.0,23.0,0.0,36.44,0.97,4.65
2022/11/28,21.75,21.8,21.35,21.6,333.0,7226.0,0.4651,0.1158,242.0,57.0,0.0,-9.0,48.0,6912.0,21.0,28.0,0.0,23.0,0.0,36.61,0.98,4.63
2022/11/29,21.6,21.85,21.45,21.75,359.0,7823.0,0.6944,0.1248,242.0,90.0,0.0,5.0,95.0,6879.0,3.0,36.0,4.0,19.0,0.0,36.86,0.98,4.6
2022/11/30,21.85,22.45,21.8,22.2,1400.0,31051.0,2.069,0.4868,776.0,-143.0,0.0,0.0,-143.0,6887.0,97.0,89.0,4.0,15.0,0.0,37.63,1.0,4.5
2022/12/01,22.35,22.4,22.15,22.35,987.0,22008.0,0.6757,0.3432,572.0,250.0,1.0,-12.0,239.0,6817.0,105.0,175.0,0.0,15.0,0.0,37.88,1.01,4.47
2022/12/02,22.35,22.7,22.35,22.55,1017.0,22898.0,0.8949,0.3536,554.0,487.0,0.0,-13.0,474.0,6823.0,64.0,58.0,0.0,15.0,0.0,38.22,1.02,4.43
2022/12/05,22.5,22.7,22.35,22.35,558.0,12555.0,-0.8869,0.194,458.0,-80.0,0.0,0.0,-80.0,6838.0,70.0,55.0,0.0,15.0,0.0,37.88,1.01,4.47
2022/12/06,22.4,22.4,21.95,22.0,491.0,10880.0,-1.566,0.1707,358.0,-124.0,0.0,-2.0,-126.0,6858.0,57.0,37.0,0.0,17.0,2.0,37.29,0.99,4.55
2022/12/07,21.95,22.3,21.65,21.7,563.0,12357.0,-1.3636,0.1958,375.0,-5.0,0.0,-6.0,-11.0,6902.0,90.0,46.0,1.0,16.0,0.0,36.78,0.98,4.61
2022/12/08,21.7,22.75,21.6,22.45,1736.0,38813.0,3.4562,0.6037,796.0,-67.0,2.0,7.0,-58.0,7389.0,622.0,135.0,0.0,16.0,0.0,38.05,1.01,4.45
2022/12/09,22.4,22.45,21.65,21.8,1573.0,34479.0,-2.8953,0.547,930.0,-322.0,0.0,0.0,-322.0,7221.0,175.0,342.0,0.0,23.0,7.0,36.95,0.99,4.59
2022/12/12,21.75,21.75,21.25,21.25,1016.0,21722.0,-2.5229,0.3533,542.0,-44.0,0.0,1.0,-43.0,7026.0,73.0,258.0,6.0,19.0,2.0,36.02,0.96,4.71
2022/12/13,21.4,21.4,21.1,21.15,452.0,9599.0,-0.4706,0.1572,323.0,-146.0,8.0,0.0,-138.0,7042.0,41.0,24.0,0.0,19.0,0.0,35.85,0.96,4.73
2022/12/14,21.3,21.65,21.2,21.6,513.0,11021.0,2.1277,0.1784,339.0,151.0,10.0,18.0,179.0,6997.0,19.0,59.0,0.0,19.0,0.0,36.61,0.98,4.63
2022/12/15,21.6,21.75,21.55,21.7,409.0,8866.0,0.463,0.1422,234.0,159.0,0.0,-9.0,150.0,6943.0,10.0,14.0,0.0,19.0,0.0,36.78,0.98,4.61
2022/12/16,21.55,21.55,21.2,21.25,627.0,13400.0,-2.0737,0.218,429.0,-170.0,0.0,-16.0,-186.0,6896.0,26.0,42.0,0.0,29.0,10.0,36.02,0.96,4.71
2022/12/19,21.2,21.35,21.05,21.15,409.0,8670.0,-0.4706,0.1422,260.0,-10.0,4.0,-3.0,-9.0,6898.0,20.0,16.0,0.0,30.0,1.0,35.85,0.96,4.73
2022/12/20,21.15,21.15,20.6,20.65,560.0,11697.0,-2.3641,0.1947,348.0,-213.0,1.0,2.0,-210.0,6885.0,38.0,51.0,0.0,30.0,0.0,35.0,0.93,4.84
2022/12/21,20.65,20.8,20.5,20.55,271.0,5605.0,-0.4843,0.0942,214.0,-39.0,0.0,-13.0,-52.0,6907.0,28.0,6.0,0.0,30.0,0.0,34.83,0.93,4.87
2022/12/22,20.8,20.9,20.65,20.7,248.0,5160.0,0.7299,0.0862,177.0,-62.0,0.0,0.0,-62.0,6915.0,17.0,9.0,0.0,30.0,0.0,35.08,0.94,4.83
2022/12/23,20.6,20.75,20.3,20.7,250.0,5139.0,0.0,0.0869,184.0,16.0,0.0,-14.0,2.0,6909.0,3.0,4.0,0.0,30.0,0.0,35.08,0.94,4.83
2022/12/26,20.7,21.4,20.7,21.35,672.0,14228.0,3.1401,0.2337,432.0,54.0,0.0,63.0,117.0,7054.0,202.0,53.0,2.0,38.0,10.0,36.19,0.96,4.68
2022/12/27,21.35,21.4,20.8,20.85,768.0,16202.0,-2.3419,0.2671,585.0,-169.0,0.0,-52.0,-221.0,6987.0,54.0,121.0,6.0,32.0,0.0,35.34,0.94,4.8
2022/12/28,20.65,20.8,20.4,20.5,397.0,8169.0,-1.6787,0.138,337.0,-139.0,0.0,-19.0,-158.0,6963.0,22.0,46.0,4.0,28.0,0.0,34.75,0.93,4.88
2022/12/29,20.3,20.5,20.1,20.3,258.0,5262.0,-0.9756,0.0897,201.0,-4.0,0.0,-5.0,-9.0,6983.0,44.0,23.0,0.0,28.0,0.0,34.41,0.92,4.93
2022/12/30,20.45,20.55,20.25,20.3,250.0,5083.0,0.0,0.0869,198.0,-41.0,0.0,-3.0,-44.0,6979.0,9.0,13.0,2.0,26.0,1.0,34.41,0.92,4.93
2023/01/03,20.3,20.4,19.95,20.3,327.0,6610.0,0.0,0.1137,280.0,-23.0,1.0,67.0,45.0,6919.0,19.0,76.0,8.0,18.0,0.0,16.96,0.72,4.25
2023/01/04,20.3,20.7,20.3,20.45,477.0,9811.0,0.7389,0.1659,308.0,-18.0,0.0,144.0,126.0,6871.0,11.0,59.0,0.0,20.0,2.0,34.66,0.92,4.89
2023/01/05,20.45,20.65,20.35,20.35,195.0,4012.0,-0.489,0.0678,166.0,-27.0,0.0,8.0,-19.0,6870.0,6.0,5.0,2.0,18.0,0.0,34.49,0.92,4.91
2023/01/06,20.15,20.5,20.15,20.5,279.0,5696.0,0.7371,0.097,214.0,52.0,0.0,35.0,87.0,6839.0,4.0,35.0,0.0,18.0,0.0,34.75,0.93,4.88
2023/01/09,20.55,20.85,20.55,20.65,498.0,10318.0,0.7317,0.1732,291.0,66.0,1.0,20.0,87.0,6808.0,9.0,18.0,9.0,9.0,0.0,35.0,0.93,4.84
2023/01/10,20.65,20.95,20.65,20.65,533.0,11065.0,0.0,0.1853,364.0,-60.0,0.0,1.0,-59.0,6867.0,90.0,28.0,0.0,9.0,0.0,35.0,0.93,4.84
2023/01/11,20.65,20.65,20.45,20.55,281.0,5770.0,-0.4843,0.0977,234.0,-6.0,0.0,3.0,-3.0,6881.0,29.0,15.0,0.0,9.0,0.0,34.83,0.93,4.87
2023/01/12,20.65,20.75,20.3,20.3,255.0,5220.0,-1.2165,0.0887,239.0,11.0,1.0,-10.0,2.0,6834.0,19.0,66.0,0.0,9.0,0.0,34.41,0.92,4.93
2023/01/13,20.4,20.5,20.25,20.35,314.0,6390.0,0.2463,0.1092,191.0,-48.0,-1.0,12.0,-37.0,6810.0,35.0,59.0,0.0,9.0,0.0,34.49,0.92,4.91
2023/01/16,20.4,20.45,20.2,20.3,222.0,4522.0,-0.2457,0.0772,232.0,64.0,0.0,-4.0,60.0,6801.0,12.0,19.0,0.0,9.0,0.0,34.41,0.92,4.93
2023/01/17,20.3,20.45,20.25,20.3,273.0,5552.0,0.0,0.0949,180.0,2.0,-1.0,4.0,5.0,6748.0,5.0,53.0,0.0,9.0,0.0,34.41,0.92,4.93
2023/01/30,20.6,20.6,20.3,20.6,450.0,9232.0,1.4778,0.1565,278.0,55.0,6.0,24.0,85.0,6726.0,17.0,34.0,0.0,9.0,0.0,34.92,0.93,4.85
2023/01/31,20.6,20.8,20.6,20.8,327.0,6784.0,0.9709,0.1137,209.0,191.0,1.0,2.0,194.0,6726.0,6.0,5.0,0.0,9.0,0.0,35.25,0.94,4.81
2023/02/01,20.8,20.95,20.75,20.95,324.0,6772.0,0.7212,0.1127,279.0,-19.0,0.0,-8.0,-27.0,6738.0,26.0,10.0,0.0,9.0,0.0,35.51,0.95,4.77
2023/02/02,21.0,21.25,21.0,21.2,829.0,17549.0,1.1933,0.2883,417.0,176.0,1.0,-11.0,166.0,6779.0,62.0,21.0,0.0,9.0,0.0,35.93,0.96,4.72
2023/02/03,21.2,21.2,21.0,21.1,442.0,9319.0,-0.4717,0.1537,297.0,-104.0,0.0,-3.0,-107.0,6810.0,46.0,5.0,0.0,9.0,0.0,35.76,0.95,4.74
2023/02/06,20.9,20.95,20.8,20.9,200.0,4181.0,-0.9479,0.0695,236.0,-7.0,0.0,-3.0,-10.0,6817.0,12.0,5.0,0.0,9.0,0.0,35.42,0.94,4.78
2023/02/07,20.85,21.0,20.8,20.85,238.0,4982.0,-0.2392,0.0828,224.0,-2.0,0.0,0.0,-2.0,6799.0,5.0,23.0,0.0,9.0,0.0,35.34,0.94,4.8
2023/02/08,20.9,21.0,20.85,20.95,289.0,6064.0,0.4796,0.1005,235.0,26.0,0.0,-3.0,23.0,6823.0,30.0,6.0,0.0,9.0,0.0,35.51,0.95,4.77
2023/02/09,20.85,20.95,20.7,20.7,469.0,9762.0,-1.1933,0.1631,315.0,-39.0,0.0,-1.0,-40.0,6803.0,22.0,42.0,0.0,9.0,0.0,35.08,0.94,4.83
2023/02/10,20.8,20.8,20.5,20.6,405.0,8325.0,-0.4831,0.1408,315.0,-58.0,0.0,-10.0,-68.0,6820.0,31.0,11.0,0.0,9.0,0.0,34.92,0.93,4.85
2023/02/13,20.05,20.4,20.05,20.35,602.0,12199.0,-1.2136,0.2093,399.0,69.0,0.0,-4.0,65.0,6829.0,25.0,16.0,0.0,9.0,0.0,34.49,0.92,4.91
2023/02/14,20.45,20.55,20.4,20.4,260.0,5325.0,0.2457,0.0904,204.0,4.0,0.0,0.0,4.0,6817.0,2.0,6.0,0.0,9.0,0.0,34.58,0.92,4.9
2023/02/15,20.45,20.65,20.3,20.4,261.0,5353.0,0.0,0.0908,257.0,-9.0,0.0,1.0,-8.0,6818.0,14.0,6.0,0.0,9.0,0.0,34.58,0.92,4.9
2023/02/16,20.4,20.55,20.4,20.55,359.0,7354.0,0.7353,0.1248,298.0,3.0,0.0,0.0,3.0,6818.0,23.0,30.0,0.0,9.0,0.0,34.83,0.93,4.87
2023/02/17,20.4,20.55,20.35,20.55,297.0,6094.0,0.0,0.1033,242.0,29.0,0.0,-1.0,29.0,6784.0,11.0,45.0,0.0,9.0,0.0,34.83,0.93,4.87
2023/02/20,20.7,20.95,20.7,20.9,578.0,12056.0,1.7032,0.201,427.0,195.0,0.0,-9.0,186.0,6753.0,21.0,39.0,0.0,9.0,0.0,35.42,0.94,4.78
2023/02/21,20.95,20.95,20.75,20.85,379.0,7910.0,-0.2392,0.1318,312.0,-81.0,0.0,-4.0,-85.0,6769.0,66.0,50.0,0.0,10.0,1.0,35.34,0.94,4.8
2023/02/22,20.75,20.75,20.55,20.65,423.0,8722.0,-0.9592,0.1471,350.0,-25.0,0.0,-18.0,-43.0,6764.0,12.0,17.0,0.0,10.0,0.0,35.0,0.93,4.84
2023/02/23,20.75,20.95,20.7,20.95,709.0,14807.0,1.4528,0.2465,402.0,222.0,0.0,0.0,222.0,6755.0,34.0,40.0,1.0,9.0,0.0,35.51,0.95,4.77
2023/02/24,21.0,21.1,20.65,20.75,593.0,12327.0,-0.9547,0.2062,435.0,-50.0,0.0,-5.0,-55.0,6763.0,41.0,26.0,0.0,29.0,20.0,35.17,0.94,4.82
2023/03/01,20.65,20.75,20.45,20.6,554.0,11442.0,-0.7229,0.1926,400.0,-104.0,0.0,-10.0,-114.0,6688.0,31.0,105.0,19.0,10.0,0.0,34.92,0.93,4.85
2023/03/02,20.6,20.7,20.6,20.65,242.0,4998.0,0.2427,0.0841,228.0,32.0,1.0,-14.0,18.0,6696.0,19.0,11.0,0.0,11.0,1.0,35.0,0.93,4.84
2023/03/03,20.7,21.3,20.55,21.2,1668.0,35001.0,2.6634,0.58,841.0,171.0,0.0,-2.0,169.0,6852.0,244.0,78.0,0.0,14.0,3.0,35.93,0.96,4.72
2023/03/06,21.45,22.25,21.45,22.15,7106.0,156602.0,4.4811,2.4709,3409.0,-607.0,0.0,-3.0,-610.0,6900.0,494.0,446.0,1.0,165.0,152.0,37.54,1.0,4.51
2023/03/07,21.95,21.95,21.7,21.85,1386.0,30250.0,-1.3544,0.4819,980.0,-306.0,-62.0,-16.0,-384.0,6895.0,137.0,131.0,66.0,101.0,2.0,37.03,0.99,4.58
2023/03/08,21.75,22.05,21.55,21.95,1329.0,28920.0,0.4577,0.4621,682.0,50.0,-123.0,12.0,-61.0,6977.0,203.0,121.0,21.0,81.0,1.0,37.2,0.99,4.56
2023/03/09,21.95,22.35,21.65,22.05,3796.0,83929.0,0.4556,1.32,1925.0,-236.0,0.0,-15.0,-251.0,7084.0,291.0,184.0,11.0,78.0,8.0,37.37,1.0,4.54
2023/03/10,22.0,22.0,21.5,21.65,1389.0,30033.0,-1.8141,0.483,891.0,-439.0,0.0,-107.0,-546.0,7045.0,68.0,107.0,74.0,5.0,1.0,36.69,0.98,4.62
2023/03/13,21.3,21.4,20.9,21.1,896.0,18901.0,-2.5404,0.3116,682.0,-63.0,0.0,-72.0,-135.0,7088.0,70.0,27.0,1.0,4.0,0.0,35.76,0.95,4.74
2023/03/14,20.95,21.1,20.7,20.75,639.0,13322.0,-1.6588,0.2222,556.0,-12.0,0.0,-77.0,-89.0,6996.0,12.0,104.0,0.0,23.0,19.0,35.17,0.94,4.82
2023/03/15,20.8,20.95,20.75,20.75,543.0,11310.0,0.0,0.1888,438.0,44.0,0.0,-17.0,27.0,7019.0,45.0,22.0,17.0,6.0,0.0,44.15,0.96,4.82
2023/03/16,20.65,20.65,19.95,20.15,1526.0,30949.0,-2.8916,0.5307,887.0,-114.0,0.0,12.0,-102.0,6897.0,56.0,178.0,1.0,6.0,1.0,42.87,0.93,4.96
2023/03/17,20.35,20.4,20.15,20.25,423.0,8565.0,0.4963,0.1471,337.0,-55.0,0.0,-45.0,-100.0,6896.0,17.0,16.0,1.0,7.0,2.0,43.09,0.93,4.94
2023/03/20,20.25,20.25,20.05,20.1,454.0,9147.0,-0.7407,0.1579,441.0,-195.0,0.0,0.0,-195.0,6908.0,25.0,13.0,0.0,7.0,0.0,42.77,0.93,4.98
2023/03/21,20.25,20.4,20.2,20.3,538.0,10924.0,0.995,0.1871,429.0,-135.0,0.0,0.0,-135.0,6905.0,38.0,31.0,0.0,8.0,1.0,43.19,0.94,4.93
2023/03/22,20.4,20.5,20.35,20.4,575.0,11760.0,0.4926,0.2,393.0,-30.0,0.0,0.0,-30.0,6885.0,51.0,71.0,2.0,6.0,0.0,43.4,0.94,4.9
2023/03/23,20.45,20.8,20.4,20.65,609.0,12561.0,1.2255,0.2118,475.0,-14.0,0.0,-10.0,-24.0,6847.0,29.0,67.0,1.0,9.0,4.0,43.94,0.95,4.84
2023/03/24,20.65,20.8,20.45,20.45,504.0,10354.0,-0.9685,0.1753,426.0,-43.0,0.0,-40.0,-83.0,6884.0,47.0,10.0,3.0,7.0,1.0,43.51,0.94,4.89
2023/03/27,20.45,20.6,20.4,20.45,412.0,8460.0,0.0,0.1433,349.0,36.0,0.0,-45.0,-9.0,6905.0,62.0,41.0,0.0,7.0,0.0,43.51,0.94,4.89
2023/03/28,20.45,20.45,20.1,20.1,719.0,14543.0,-1.7115,0.25,645.0,-56.0,0.0,-40.0,-96.0,6816.0,42.0,131.0,0.0,7.0,0.0,42.77,0.93,4.98
2023/03/29,20.2,20.25,20.05,20.15,372.0,7511.0,0.2488,0.1294,287.0,-58.0,0.0,1.0,-57.0,6833.0,36.0,19.0,1.0,6.0,0.0,42.87,0.93,4.96
2023/03/30,20.15,20.3,20.05,20.15,597.0,12038.0,0.0,0.2076,341.0,60.0,0.0,-153.0,-93.0,6847.0,24.0,10.0,0.0,6.0,0.0,42.87,0.93,4.96
2023/03/31,20.25,20.4,20.15,20.2,432.0,8740.0,0.2481,0.1502,331.0,24.0,0.0,0.0,24.0,6830.0,24.0,31.0,0.0,6.0,0.0,42.98,0.93,4.95
2023/04/06,20.05,20.15,20.0,20.15,446.0,8947.0,-0.2475,0.1551,356.0,-62.0,0.0,0.0,-62.0,6829.0,19.0,17.0,0.0,7.0,1.0,42.87,0.93,4.96
2023/04/07,20.15,20.2,20.05,20.1,396.0,7976.0,-0.2481,0.1377,374.0,-127.0,0.0,1.0,-126.0,6842.0,25.0,12.0,0.0,7.0,0.0,42.77,0.93,4.98
2023/04/10,20.15,20.3,20.1,20.2,351.0,7106.0,0.4975,0.1221,308.0,15.0,0.0,0.0,15.0,6869.0,45.0,18.0,0.0,7.0,0.0,42.98,0.93,4.95
2023/04/11,20.35,20.45,20.2,20.4,768.0,15604.0,0.9901,0.2671,443.0,217.0,0.0,2.0,219.0,6851.0,29.0,46.0,0.0,7.0,0.0,43.4,0.94,4.9
2023/04/12,20.5,20.8,20.5,20.65,918.0,18974.0,1.2255,0.3193,614.0,267.0,0.0,10.0,277.0,6834.0,78.0,95.0,0.0,7.0,0.0,43.94,0.95,4.84
2023/04/13,20.7,20.75,20.4,20.5,660.0,13599.0,-0.7264,0.2295,503.0,-115.0,0.0,4.0,-111.0,6796.0,37.0,75.0,0.0,7.0,0.0,43.62,0.95,4.88
2023/04/14,20.6,20.8,20.55,20.55,551.0,11369.0,0.2439,0.1916,390.0,169.0,0.0,0.0,169.0,6783.0,17.0,30.0,0.0,7.0,0.0,43.72,0.95,4.87
2023/04/17,20.3,20.6,20.3,20.55,842.0,17208.0,0.0,0.2928,624.0,157.0,0.0,99.0,256.0,6786.0,38.0,35.0,1.0,6.0,0.0,43.72,0.95,4.87
2023/04/18,20.6,20.8,20.45,20.75,746.0,15415.0,0.9732,0.2594,444.0,150.0,0.0,-1.0,149.0,6815.0,66.0,17.0,2.0,4.0,0.0,44.15,0.96,4.82
2023/04/19,20.85,20.9,20.7,20.85,744.0,15478.0,0.4819,0.2587,495.0,224.0,0.0,14.0,238.0,6767.0,31.0,78.0,0.0,4.0,0.0,44.36,0.96,4.8
2023/04/20,20.75,20.8,20.45,20.5,649.0,13353.0,-1.6787,0.2257,437.0,-196.0,0.0,-1.0,-197.0,6789.0,79.0,56.0,2.0,2.0,0.0,43.62,0.95,4.88
2023/04/21,20.5,21.15,20.05,20.5,1225.0,24914.0,0.0,0.426,724.0,-278.0,0.0,1.0,-277.0,6808.0,123.0,103.0,2.0,0.0,0.0,43.62,0.95,4.88
2023/04/24,20.4,20.65,20.4,20.4,296.0,6064.0,-0.4878,0.1029,331.0,-3.0,0.0,-1.0,-4.0,6816.0,86.0,78.0,0.0,0.0,0.0,43.4,0.94,4.9
2023/04/25,20.5,20.5,20.05,20.15,447.0,9037.0,-1.2255,0.1555,468.0,-95.0,0.0,1.0,-94.0,6851.0,89.0,54.0,0.0,0.0,0.0,42.87,0.93,4.96
2023/04/26,20.1,20.3,19.95,20.25,465.0,9354.0,0.4963,0.1617,419.0,74.0,0.0,20.0,94.0,6816.0,47.0,71.0,0.0,0.0,0.0,43.09,0.93,4.94
2023/04/27,20.2,20.25,20.0,20.15,289.0,5829.0,-0.4938,0.1005,465.0,41.0,0.0,-1.0,40.0,6793.0,6.0,28.0,0.0,6.0,6.0,42.87,0.93,4.96
2023/04/28,20.25,20.45,20.25,20.3,368.0,7490.0,0.7444,0.128,290.0,24.0,0.0,1.0,25.0,6818.0,34.0,9.0,1.0,5.0,0.0,43.19,0.94,4.93
2023/05/02,20.35,20.35,20.2,20.25,297.0,6034.0,-0.2463,0.1033,275.0,93.0,0.0,0.0,93.0,6782.0,3.0,35.0,0.0,8.0,3.0,43.09,0.93,4.94
2023/05/03,20.35,20.4,20.25,20.3,339.0,6903.0,0.2469,0.1179,299.0,103.0,0.0,3.0,106.0,6773.0,13.0,22.0,0.0,8.0,0.0,43.19,0.94,4.93
2023/05/04,20.35,20.8,20.25,20.65,582.0,11923.0,1.7241,0.2024,398.0,154.0,0.0,-3.0,151.0,6761.0,11.0,21.0,1.0,8.0,1.0,43.94,0.95,4.84
2023/05/05,20.6,20.8,20.6,20.6,315.0,6525.0,-0.2421,0.1095,213.0,34.0,0.0,0.0,34.0,6755.0,6.0,9.0,0.0,8.0,0.0,43.83,0.95,4.85
2023/05/08,20.6,20.65,20.3,20.4,331.0,6766.0,-0.9709,0.1151,312.0,-24.0,0.0,5.0,-19.0,6758.0,12.0,5.0,0.0,8.0,0.0,43.4,0.94,4.9
2023/05/09,20.4,20.4,20.05,20.15,651.0,13142.0,-1.2255,0.2264,423.0,-202.0,0.0,0.0,-202.0,6739.0,33.0,48.0,0.0,8.0,0.0,42.87,0.93,4.96
2023/05/10,20.15,20.25,20.05,20.2,223.0,4511.0,0.2481,0.0776,188.0,-73.0,0.0,-1.0,-74.0,6718.0,13.0,1.0,1.0,9.0,2.0,42.98,0.93,4.95
2023/05/11,20.15,20.15,19.8,19.9,875.0,17466.0,-1.4851,0.3043,598.0,-328.0,0.0,0.0,-328.0,6758.0,68.0,28.0,1.0,11.0,3.0,42.34,0.92,5.03
2023/05/12,19.9,19.9,19.6,19.8,435.0,8587.0,-0.5025,0.1513,477.0,-141.0,0.0,0.0,-141.0,6736.0,52.0,19.0,0.0,14.0,3.0,42.13,0.91,5.05
2023/05/15,19.8,19.8,19.5,19.8,530.0,10426.0,0.0,0.1843,852.0,-105.0,0.0,7.0,-98.0,6740.0,27.0,4.0,0.0,17.0,3.0,63.87,0.91,5.05
2023/05/16,19.85,19.95,19.75,19.8,247.0,4899.0,0.0,0.0859,302.0,6.0,0.0,22.0,28.0,6749.0,24.0,15.0,0.0,21.0,4.0,63.87,0.91,5.05
2023/05/17,19.8,20.0,19.8,19.9,334.0,6656.0,0.5051,0.1162,290.0,66.0,0.0,71.0,137.0,6586.0,3.0,124.0,12.0,11.0,2.0,64.19,0.92,5.03
2023/05/18,19.9,20.15,19.9,20.0,390.0,7806.0,0.5025,0.1356,304.0,154.0,0.0,33.0,187.0,6515.0,30.0,51.0,9.0,3.0,1.0,64.52,0.92,5.0
2023/05/19,20.15,20.2,20.0,20.0,259.0,5203.0,0.0,0.0901,238.0,100.0,0.0,9.0,109.0,6383.0,9.0,39.0,0.0,3.0,0.0,64.52,0.92,5.0
2023/05/22,20.2,20.2,19.95,20.0,323.0,6466.0,0.0,0.1123,305.0,89.0,0.0,0.0,89.0,6410.0,53.0,26.0,0.0,3.0,0.0,64.52,0.92,5.0
2023/05/23,20.0,20.2,19.9,20.15,407.0,8179.0,0.75,0.1415,346.0,175.0,0.0,1.0,176.0,6276.0,25.0,159.0,0.0,3.0,0.0,65.0,0.93,4.96
2023/05/24,20.15,20.15,20.0,20.05,285.0,5723.0,-0.4963,0.0991,257.0,122.0,0.0,20.0,142.0,6231.0,7.0,51.0,0.0,3.0,0.0,64.68,0.92,4.99
2023/05/25,20.05,20.2,20.0,20.1,304.0,6120.0,0.2494,0.1057,257.0,-36.0,0.0,1.0,-35.0,6245.0,20.0,6.0,0.0,3.0,0.0,64.84,0.93,2.24
2023/05/26,20.1,20.1,19.9,20.0,503.0,10068.0,-0.4975,0.1749,354.0,-215.0,0.0,0.0,-215.0,6269.0,32.0,3.0,0.0,3.0,0.0,64.52,0.92,2.25
2023/05/29,20.0,20.3,19.85,20.15,1746.0,35077.0,0.75,0.6072,755.0,-168.0,0.0,-4.0,-172.0,6389.0,148.0,23.0,0.0,4.0,1.0,65.0,0.93,2.23
2023/05/30,20.2,20.2,19.95,19.95,469.0,9410.0,-0.9926,0.1631,259.0,-16.0,0.0,0.0,-16.0,6391.0,42.0,40.0,0.0,4.0,0.0,64.35,0.92,2.26
2023/05/31,19.95,20.25,19.9,20.1,831.0,16695.0,0.7519,0.289,429.0,167.0,0.0,28.0,195.0,6611.0,240.0,20.0,0.0,4.0,0.0,64.84,0.93,2.24
2023/06/01,20.1,20.3,20.0,20.25,718.0,14496.0,0.7463,0.2497,339.0,213.0,0.0,0.0,213.0,6810.0,231.0,29.0,0.0,4.0,0.0,65.32,0.93,2.22
2023/06/02,20.3,20.4,20.2,20.3,564.0,11440.0,0.2469,0.1961,376.0,144.0,0.0,7.0,151.0,6694.0,9.0,112.0,0.0,4.0,0.0,65.48,0.94,2.22
2023/06/05,20.4,20.5,20.25,20.35,907.0,18475.0,0.2463,0.3154,488.0,265.0,0.0,0.0,265.0,6915.0,301.0,70.0,1.0,3.0,0.0,65.65,0.94,2.21
2023/06/06,20.35,20.4,20.2,20.25,475.0,9647.0,-0.4914,0.1652,288.0,20.0,0.0,1.0,21.0,7005.0,105.0,15.0,0.0,3.0,0.0,65.32,0.93,2.22
2023/06/07,20.3,20.35,20.25,20.3,435.0,8840.0,0.2469,0.1513,243.0,156.0,0.0,1.0,157.0,6967.0,53.0,53.0,0.0,3.0,0.0,65.48,0.94,2.22
2023/06/08,20.4,20.4,20.2,20.25,356.0,7220.0,-0.2463,0.1238,289.0,103.0,0.0,0.0,103.0,6964.0,15.0,18.0,0.0,3.0,0.0,65.32,0.93,2.22
2023/06/09,20.35,20.35,20.15,20.2,496.0,10042.0,-0.2469,0.1725,323.0,214.0,0.0,2.0,216.0,6991.0,45.0,18.0,0.0,3.0,0.0,65.16,0.93,2.23
2023/06/12,20.35,20.35,20.15,20.2,193.0,3906.0,0.0,0.0671,191.0,-5.0,0.0,0.0,-5.0,6993.0,32.0,10.0,0.0,3.0,0.0,65.16,0.93,2.23
2023/06/13,20.2,20.25,20.1,20.1,591.0,11917.0,-0.495,0.2055,327.0,47.0,0.0,14.0,61.0,7021.0,79.0,50.0,0.0,3.0,0.0,64.84,0.93,2.24
2023/06/14,20.2,20.35,20.1,20.2,469.0,9482.0,0.4975,0.1631,291.0,116.0,0.0,6.0,122.0,7038.0,39.0,22.0,0.0,3.0,0.0,65.16,0.93,2.23
2023/06/15,20.2,20.75,20.2,20.6,1857.0,38194.0,1.9802,0.6458,882.0,381.0,0.0,-2.0,379.0,7098.0,162.0,99.0,2.0,1.0,0.0,66.45,0.95,2.18
2023/06/16,20.7,21.0,20.5,20.8,1588.0,32965.0,0.9709,0.5523,853.0,197.0,0.0,2.0,199.0,7257.0,278.0,118.0,0.0,1.0,0.0,67.1,0.96,2.16
2023/06/19,20.8,20.9,20.6,20.6,702.0,14519.0,-0.9615,0.2441,531.0,64.0,0.0,-1.0,63.0,7183.0,89.0,24.0,0.0,1.0,0.0,66.45,0.95,2.18
2023/06/20,21.0,21.1,20.75,20.85,1517.0,31751.0,1.2136,0.5276,796.0,368.0,0.0,0.0,368.0,7089.0,86.0,171.0,0.0,1.0,0.0,67.26,0.96,2.16
2023/06/21,20.9,21.0,20.6,20.75,957.0,19915.0,-0.4796,0.3328,580.0,63.0,0.0,0.0,63.0,6848.0,53.0,289.0,0.0,1.0,0.0,66.94,0.96,2.17
2023/06/26,20.5,20.8,20.5,20.65,452.0,9328.0,-0.4819,0.1572,395.0,49.0,0.0,2.0,51.0,6774.0,61.0,33.0,0.0,1.0,0.0,66.61,0.95,2.18
2023/06/27,20.55,20.75,20.3,20.35,563.0,11538.0,-1.4528,0.1958,443.0,-116.0,0.0,0.0,-116.0,6777.0,69.0,56.0,0.0,3.0,2.0,65.65,0.94,2.21
2023/06/28,20.35,20.5,20.3,20.3,396.0,8073.0,-0.2457,0.1377,226.0,-83.0,0.0,1.0,-82.0,6783.0,37.0,26.0,2.0,2.0,1.0,65.48,0.94,2.22
2023/06/29,20.9,21.2,20.65,20.75,1742.0,36402.0,2.2167,0.6058,757.0,448.0,0.0,2.0,450.0,6899.0,257.0,135.0,0.0,3.0,1.0,66.94,0.96,2.17
2023/06/30,20.7,20.75,20.55,20.55,466.0,9633.0,-0.9639,0.1621,305.0,38.0,0.0,-7.0,31.0,6863.0,86.0,82.0,0.0,3.0,0.0,66.29,0.95,2.19
2023/07/03,20.6,20.7,20.5,20.55,843.0,17329.0,0.0,0.2932,412.0,50.0,0.0,3.0,53.0,6724.0,65.0,148.0,1.0,2.0,0.0,66.29,0.95,2.19
2023/07/04,20.55,20.6,20.4,20.45,640.0,13125.0,-0.4866,0.2226,364.0,-31.0,0.0,0.0,-31.0,6662.0,77.0,135.0,0.0,2.0,0.0,65.97,0.94,2.2
2023/07/05,20.45,20.5,20.3,20.35,761.0,15533.0,-0.489,0.2647,409.0,-191.0,0.0,-17.0,-208.0,6708.0,71.0,25.0,0.0,2.0,0.0,65.65,0.94,2.21
2023/07/06,20.3,20.45,20.2,20.25,661.0,13409.0,-0.4914,0.2299,432.0,-197.0,0.0,-11.0,-208.0,6698.0,57.0,59.0,0.0,2.0,0.0,65.32,0.93,2.22
2023/07/07,20.4,20.85,20.25,20.4,1280.0,26216.0,0.7407,0.4451,675.0,-171.0,0.0,-4.0,-175.0,6956.0,371.0,90.0,1.0,1.0,0.0,65.81,0.94,2.21
2023/07/10,20.4,20.6,20.4,20.6,894.0,18359.0,0.9804,0.3109,423.0,220.0,0.0,-11.0,209.0,6893.0,202.0,247.0,0.0,1.0,0.0,66.45,0.95,2.18
2023/07/11,20.7,20.8,20.25,20.25,750.0,15313.0,-1.699,0.2608,508.0,-147.0,0.0,0.0,-147.0,6921.0,75.0,28.0,0.0,1.0,0.0,65.32,0.93,2.22
2023/07/12,20.3,20.4,19.8,19.8,2072.0,41409.0,-2.2222,0.7206,1070.0,-620.0,0.0,-6.0,-626.0,6684.0,143.0,348.0,1.0,1.0,1.0,63.87,0.91,2.27
2023/07/13,19.95,20.0,19.6,19.65,1352.0,26800.0,-0.7576,0.4702,778.0,-467.0,0.0,0.0,-467.0,6612.0,47.0,103.0,1.0,0.0,0.0,63.39,0.91,2.29
2023/07/14,19.7,19.75,19.6,19.7,830.0,16341.0,0.2545,0.2886,519.0,-332.0,0.0,-1.0,-333.0,6702.0,127.0,37.0,0.0,0.0,0.0,63.55,0.91,2.28
2023/07/17,19.7,19.85,19.45,19.75,966.0,18974.0,0.2538,0.3359,575.0,-171.0,0.0,0.0,-171.0,6692.0,82.0,87.0,0.0,0.0,0.0,63.71,0.91,2.28
2023/07/18,19.85,21.45,19.8,20.85,9556.0,198876.0,5.5696,3.3233,4002.0,-143.0,0.0,-1.0,-144.0,6757.0,768.0,703.0,0.0,0.0,0.0,67.26,0.96,2.16
2023/07/19,20.6,20.7,19.9,19.95,2679.0,54252.0,-2.1583,0.9317,1360.0,-290.0,0.0,2.0,-288.0,6847.0,338.0,246.0,0.0,0.0,0.0,64.35,0.92,2.26
2023/07/20,20.0,21.4,19.95,20.8,5216.0,108603.0,4.2607,1.814,2446.0,887.0,0.0,-5.0,882.0,6754.0,378.0,470.0,0.0,41.0,41.0,67.1,0.96,2.16
2023/07/21,20.65,20.85,20.35,20.5,1934.0,39886.0,-1.4423,0.6726,1092.0,-301.0,0.0,1.0,-300.0,6816.0,286.0,222.0,32.0,9.0,0.0,66.13,0.95,2.2
2023/07/24,20.5,20.5,19.8,19.95,1905.0,38063.0,-2.6829,0.6625,1069.0,-892.0,0.0,0.0,-892.0,6748.0,247.0,307.0,3.0,6.0,0.0,64.35,0.92,2.26
2023/07/25,20.0,20.0,19.6,19.8,1603.0,31667.0,-0.7519,0.5575,939.0,-81.0,0.0,0.0,-81.0,6825.0,143.0,56.0,0.0,7.0,1.0,63.87,0.91,2.27
2023/07/26,19.85,19.85,19.5,19.55,1235.0,24239.0,-1.2626,0.4295,859.0,-378.0,0.0,1.0,-377.0,6761.0,89.0,137.0,0.0,8.0,1.0,63.06,0.9,2.3
2023/07/27,19.65,19.8,19.5,19.75,1216.0,23883.0,1.023,0.4229,613.0,-180.0,0.0,0.0,-180.0,6912.0,201.0,48.0,2.0,8.0,2.0,63.71,0.91,2.28
2023/07/28,19.75,19.8,19.65,19.65,615.0,12120.0,-0.5063,0.2139,512.0,-63.0,0.0,0.0,-63.0,6929.0,74.0,57.0,0.0,8.0,0.0,63.39,0.91,2.29
2023/07/31,19.65,19.9,19.6,19.7,835.0,16465.0,0.2545,0.2904,485.0,-290.0,0.0,0.0,-290.0,7050.0,131.0,8.0,4.0,4.0,0.0,63.55,0.91,2.28
2023/08/01,19.75,19.8,19.55,19.6,526.0,10345.0,-0.5076,0.1829,602.0,-162.0,0.0,0.0,-162.0,7100.0,69.0,17.0,0.0,2.0,0.0,63.23,0.9,2.3
2023/08/02,19.6,19.7,19.45,19.7,1263.0,24724.0,0.5102,0.4392,647.0,-485.0,157.0,-14.0,-342.0,7137.0,142.0,105.0,0.0,2.0,0.0,63.55,0.91,2.28
2023/08/04,19.8,20.2,19.75,19.9,1071.0,21341.0,1.0152,0.3725,713.0,-98.0,157.0,-5.0,54.0,7143.0,93.0,82.0,0.0,4.0,2.0,64.19,0.92,2.26
2023/08/07,19.95,20.15,19.8,20.1,1377.0,27590.0,1.005,0.4789,627.0,498.0,4.0,-2.0,500.0,7081.0,170.0,205.0,0.0,7.0,3.0,64.84,0.93,2.24
2023/08/08,20.1,20.15,19.75,19.75,598.0,11917.0,-1.7413,0.208,399.0,-148.0,0.0,-11.0,-159.0,7113.0,136.0,96.0,0.0,6.0,0.0,63.71,0.91,2.28
2023/08/09,19.95,20.45,19.95,19.95,1617.0,32620.0,1.0127,0.5623,855.0,309.0,0.0,0.0,309.0,6908.0,83.0,288.0,1.0,6.0,1.0,64.35,0.92,2.26
2023/08/10,20.15,20.4,19.85,19.9,935.0,18736.0,-0.2506,0.3252,519.0,-307.0,0.0,0.0,-307.0,6877.0,78.0,105.0,0.0,3.0,0.0,64.19,0.92,2.26
2023/08/11,19.9,20.05,19.65,19.65,462.0,9123.0,-1.2563,0.1607,458.0,-162.0,2.0,-2.0,-162.0,6813.0,27.0,86.0,1.0,1.0,0.0,63.39,0.91,2.29
2023/08/14,19.8,20.1,19.8,19.85,1100.0,21908.0,1.0178,0.3825,572.0,115.0,0.0,0.0,115.0,6781.0,93.0,118.0,0.0,4.0,3.0,48.41,0.93,2.27
2023/08/15,20.1,20.6,19.85,20.45,1802.0,36574.0,3.0227,0.6267,921.0,848.0,0.0,0.0,848.0,6729.0,240.0,288.0,1.0,3.0,0.0,49.88,0.96,2.2
2023/08/16,20.4,20.75,20.3,20.6,2028.0,41758.0,0.7335,0.7053,951.0,796.0,0.0,0.0,796.0,6649.0,114.0,193.0,0.0,7.0,4.0,50.24,0.96,2.18
2023/08/17,20.7,21.35,20.6,21.25,3567.0,75273.0,3.1553,1.2405,1899.0,1954.0,0.0,-2.0,1952.0,6517.0,186.0,318.0,0.0,9.0,2.0,51.83,0.99,2.12
2023/08/18,21.1,22.8,21.05,22.2,9219.0,204309.0,4.4706,3.2061,4408.0,3364.0,0.0,95.0,3459.0,6599.0,706.0,613.0,0.0,42.0,33.0,54.15,1.04,2.03
2023/08/21,22.6,23.0,22.35,22.85,7141.0,162577.0,2.9279,2.4834,3542.0,173.0,0.0,-11.0,162.0,6478.0,621.0,736.0,0.0,67.0,25.0,55.73,1.07,1.97
2023/08/22,23.0,23.05,22.3,22.6,3482.0,78677.0,-1.0941,1.2109,1865.0,276.0,0.0,-12.0,264.0,6566.0,313.0,223.0,24.0,50.0,7.0,55.12,1.06,1.99
2023/08/23,22.9,23.05,22.45,23.0,3799.0,86810.0,1.7699,1.3212,1942.0,321.0,0.0,-1.0,320.0,6334.0,231.0,462.0,17.0,36.0,3.0,56.1,1.08,1.96
2023/08/24,23.5,23.6,22.7,22.9,2610.0,59995.0,-0.4348,0.9077,1671.0,-88.0,0.0,0.0,-88.0,6402.0,255.0,186.0,2.0,37.0,3.0,55.85,1.07,1.97
2023/08/25,22.65,23.3,22.15,23.0,2807.0,64203.0,0.4367,0.9762,1535.0,910.0,0.0,-4.0,906.0,6575.0,415.0,241.0,2.0,36.0,1.0,56.1,1.08,1.96
2023/08/28,23.3,23.45,23.0,23.3,2755.0,64238.0,1.3043,0.9581,1460.0,0.0,0.0,-1.0,-1.0,6584.0,336.0,327.0,0.0,46.0,10.0,56.83,1.09,1.93
2023/08/29,23.4,23.5,22.75,22.9,2142.0,49353.0,-1.7167,0.7449,1198.0,-14.0,0.0,0.0,-14.0,6564.0,240.0,260.0,2.0,56.0,12.0,55.85,1.07,1.97
2023/08/30,23.0,23.35,22.85,23.15,1591.0,36867.0,1.0917,0.5533,777.0,692.0,0.0,1.0,693.0,6510.0,296.0,350.0,0.0,58.0,2.0,56.46,1.08,1.94
2023/08/31,23.15,23.45,23.0,23.25,1691.0,39303.0,0.432,0.5881,760.0,517.0,0.0,0.0,517.0,6365.0,172.0,281.0,20.0,43.0,5.0,56.71,1.09,1.94
2023/09/01,23.2,23.8,23.1,23.8,3019.0,71094.0,2.3656,1.0499,1488.0,313.0,0.0,38.0,351.0,6807.0,573.0,131.0,1.0,49.0,7.0,58.05,1.11,1.89
2023/09/04,24.0,24.0,22.35,23.0,4214.0,96843.0,-3.3613,1.4655,2534.0,-541.0,0.0,-16.0,-557.0,6968.0,468.0,307.0,3.0,57.0,11.0,56.1,1.08,1.96
2023/09/05,23.05,23.25,22.45,22.6,2067.0,47079.0,-1.7391,0.7188,1403.0,287.0,0.0,-71.0,216.0,6827.0,153.0,294.0,12.0,45.0,0.0,55.12,1.06,1.99
2023/09/06,22.6,22.85,22.5,22.55,1151.0,26032.0,-0.2212,0.4003,718.0,-183.0,0.0,-35.0,-218.0,6866.0,106.0,61.0,2.0,44.0,1.0,55.0,1.06,2.0
2023/09/07,22.55,22.8,22.4,22.55,1066.0,24080.0,0.0,0.3707,720.0,-48.0,0.0,-4.0,-52.0,6920.0,125.0,67.0,1.0,44.0,1.0,55.0,1.06,2.0
2023/09/08,22.6,22.6,21.8,22.0,2207.0,48844.0,-2.439,0.7675,1326.0,-475.0,0.0,3.0,-472.0,7005.0,320.0,235.0,29.0,18.0,3.0,53.66,1.03,2.05
2023/09/11,23.15,24.15,23.0,23.9,7939.0,189198.0,8.6364,2.7609,5048.0,-283.0,0.0,25.0,-258.0,7122.0,714.0,597.0,2.0,132.0,116.0,58.29,1.12,1.88
2023/09/12,24.0,24.05,23.05,23.4,4243.0,99474.0,-2.0921,1.4756,2620.0,-978.0,0.0,36.0,-942.0,7226.0,350.0,245.0,34.0,103.0,6.0,57.07,1.1,1.92
2023/09/13,23.5,24.9,23.25,23.4,12625.0,305249.0,0.0,4.3906,6666.0,-1579.0,0.0,51.0,-1528.0,7747.0,1047.0,526.0,3.0,136.0,36.0,57.07,1.1,1.92
2023/09/14,23.6,24.25,23.3,23.85,3963.0,94380.0,1.9231,1.3782,1977.0,935.0,0.0,0.0,935.0,7692.0,370.0,395.0,18.0,127.0,9.0,58.17,1.12,1.89
2023/09/15,23.8,23.85,23.3,23.35,2157.0,50639.0,-2.0964,0.7501,1282.0,-698.0,0.0,1.0,-697.0,7797.0,290.0,184.0,26.0,101.0,0.0,56.95,1.09,1.93
2023/09/18,23.15,24.0,23.1,23.95,2311.0,54803.0,2.5696,0.8037,1105.0,905.0,0.0,-2.0,903.0,7833.0,335.0,296.0,3.0,102.0,7.0,58.41,1.12,1.88
2023/09/19,24.0,24.4,23.85,24.05,2551.0,61502.0,0.4175,0.8872,1342.0,525.0,0.0,-3.0,522.0,7654.0,272.0,451.0,0.0,111.0,9.0,58.66,1.13,1.87
2023/09/20,24.2,24.65,24.0,24.35,3368.0,81894.0,1.2474,1.1713,1744.0,674.0,0.0,0.0,674.0,7724.0,419.0,348.0,1.0,111.0,2.0,59.39,1.14,1.85
2023/09/21,24.2,24.25,23.5,23.6,2888.0,68499.0,-3.0801,1.0044,1603.0,-685.0,0.0,-7.0,-692.0,7776.0,422.0,370.0,11.0,107.0,7.0,57.56,1.1,1.91
2023/09/22,23.05,24.65,23.05,24.2,3718.0,89172.0,2.5424,1.293,1671.0,524.0,0.0,-3.0,521.0,7876.0,611.0,506.0,9.0,108.0,10.0,59.02,1.13,1.86
2023/09/25,24.35,24.35,23.7,23.9,1871.0,44836.0,-1.2397,0.6507,1032.0,252.0,0.0,1.0,253.0,7735.0,308.0,447.0,2.0,107.0,1.0,58.29,1.12,1.88
2023/09/26,24.05,24.15,23.55,23.75,1259.0,29970.0,-0.6276,0.4378,945.0,332.0,0.0,-5.0,327.0,7568.0,142.0,308.0,1.0,105.0,0.0,57.93,1.11,1.89
2023/09/27,23.7,24.05,23.55,24.0,891.0,21231.0,1.0526,0.3099,633.0,81.0,0.0,-5.0,76.0,7565.0,84.0,87.0,0.0,106.0,1.0,58.54,1.12,1.88
2023/09/28,24.1,24.35,23.7,24.15,1622.0,39134.0,0.625,0.5641,919.0,624.0,0.0,-3.0,621.0,7409.0,121.0,277.0,0.0,106.0,0.0,58.9,1.13,1.86
2023/10/02,24.4,25.45,24.35,25.2,5984.0,150098.0,4.3478,2.0811,3106.0,1154.0,0.0,-3.0,1151.0,7698.0,882.0,590.0,0.0,122.0,16.0,61.46,1.18,1.79
2023/10/03,25.4,25.65,24.9,25.0,4138.0,104546.0,-0.7937,1.4391,2240.0,500.0,0.0,13.0,513.0,7766.0,476.0,398.0,1.0,128.0,7.0,60.98,1.17,1.8
2023/10/04,24.8,25.4,24.6,25.4,3091.0,77568.0,1.6,1.075,1770.0,1007.0,0.0,-9.0,998.0,7656.0,246.0,356.0,6.0,125.0,3.0,61.95,1.19,1.77
2023/10/05,25.7,25.75,25.15,25.3,2301.0,58482.0,-0.3937,0.8002,1406.0,-626.0,0.0,17.0,-609.0,7927.0,405.0,129.0,0.0,129.0,4.0,61.71,1.18,1.78
2023/10/06,25.3,25.35,24.45,24.45,2880.0,71279.0,-3.3597,1.0016,1767.0,-138.0,0.0,0.0,-138.0,8037.0,495.0,385.0,13.0,118.0,2.0,59.63,1.14,1.84
2023/10/11,24.75,25.1,24.15,24.75,2017.0,49699.0,1.227,0.7015,1131.0,364.0,0.0,17.0,381.0,8133.0,340.0,244.0,0.0,125.0,7.0,60.37,1.16,1.82
2023/10/12,24.3,24.5,23.65,23.9,4048.0,97068.0,-3.4343,1.4078,2418.0,-478.0,0.0,-153.0,-631.0,8590.0,840.0,383.0,10.0,132.0,17.0,58.29,1.12,1.88
2023/10/13,24.05,24.4,23.75,23.95,1496.0,35988.0,0.2092,0.5203,1027.0,353.0,0.0,0.0,353.0,8611.0,181.0,158.0,0.0,135.0,5.0,58.41,1.12,1.88
2023/10/16,23.95,23.95,23.3,23.5,1974.0,46375.0,-1.8789,0.6865,1091.0,-60.0,0.0,27.0,-33.0,8579.0,303.0,335.0,26.0,124.0,15.0,57.32,1.1,1.91
2023/10/17,23.55,23.6,22.8,22.95,2935.0,67717.0,-2.3404,1.0207,1614.0,127.0,0.0,-18.0,109.0,8648.0,323.0,252.0,15.0,112.0,5.0,55.98,1.07,1.96
2023/10/18,23.0,23.3,22.7,22.8,1383.0,31624.0,-0.6536,0.481,875.0,-339.0,0.0,12.0,-327.0,8837.0,275.0,86.0,14.0,106.0,8.0,55.61,1.07,1.97
2023/10/19,22.7,22.8,22.15,22.55,1561.0,35195.0,-1.0965,0.5429,912.0,-321.0,0.0,3.0,-318.0,8909.0,243.0,170.0,79.0,30.0,3.0,55.0,1.06,2.0
2023/10/20,22.6,22.6,21.85,22.2,1382.0,30589.0,-1.5521,0.4806,765.0,-2.0,0.0,-1.0,-3.0,9022.0,205.0,89.0,3.0,31.0,7.0,54.15,1.04,2.03
2023/10/23,22.05,22.65,22.05,22.35,553.0,12432.0,0.6757,0.1923,407.0,-99.0,0.0,-1.0,-100.0,9046.0,86.0,62.0,0.0,39.0,8.0,54.51,1.05,2.01
2023/10/24,22.6,22.7,22.15,22.6,679.0,15279.0,1.1186,0.2361,400.0,-3.0,0.0,0.0,-3.0,9144.0,152.0,53.0,2.0,40.0,4.0,55.12,1.06,1.99
2023/10/25,23.1,23.3,22.8,23.15,1045.0,24170.0,2.4336,0.3634,747.0,-130.0,0.0,0.0,-130.0,9141.0,87.0,88.0,13.0,62.0,37.0,56.46,1.08,1.94
2023/10/26,22.95,22.95,22.4,22.45,1090.0,24652.0,-3.0238,0.3791,663.0,-353.0,0.0,-10.0,-363.0,9292.0,198.0,47.0,38.0,55.0,31.0,54.76,1.05,2.0
2023/10/27,22.7,22.85,22.55,22.6,493.0,11175.0,0.6682,0.1715,296.0,-123.0,0.0,-1.0,-124.0,9255.0,2.0,37.0,3.0,52.0,0.0,55.12,1.06,1.99
2023/10/30,22.55,23.2,22.55,23.0,864.0,19877.0,1.7699,0.3005,419.0,80.0,0.0,3.0,83.0,9224.0,39.0,70.0,33.0,22.0,3.0,56.1,1.08,1.96
2023/10/31,22.9,23.15,22.45,22.5,756.0,17190.0,-2.1739,0.2629,473.0,-233.0,0.0,-4.0,-237.0,9225.0,53.0,52.0,4.0,18.0,0.0,54.88,1.05,2.0
2023/11/01,22.6,23.25,22.6,23.05,896.0,20647.0,2.4444,0.3116,497.0,186.0,0.0,-3.0,183.0,9262.0,97.0,60.0,0.0,27.0,9.0,56.22,1.08,1.95
2023/11/02,23.2,23.4,23.1,23.1,623.0,14457.0,0.2169,0.2167,381.0,83.0,0.0,0.0,83.0,9208.0,44.0,98.0,1.0,30.0,4.0,56.34,1.08,1.95
2023/11/03,23.1,23.4,23.05,23.25,606.0,14104.0,0.6494,0.2107,318.0,146.0,0.0,0.0,146.0,9196.0,60.0,72.0,4.0,26.0,0.0,56.71,1.09,1.94
2023/11/06,23.4,23.5,23.2,23.35,552.0,12844.0,0.4301,0.192,380.0,-37.0,0.0,0.0,-37.0,9210.0,51.0,37.0,0.0,28.0,2.0,56.95,1.09,1.93
2023/11/07,23.35,23.7,23.35,23.7,699.0,16511.0,1.4989,0.2431,428.0,144.0,0.0,0.0,144.0,9227.0,92.0,75.0,0.0,28.0,0.0,57.8,1.11,1.9
2023/11/08,23.95,24.15,23.65,23.75,1058.0,25311.0,0.211,0.3679,586.0,-149.0,0.0,0.0,-149.0,9169.0,20.0,78.0,2.0,32.0,6.0,57.93,1.11,1.89
2023/11/09,23.0,23.9,22.5,23.65,2939.0,67836.0,-0.4211,1.0221,1556.0,-441.0,0.0,0.0,-441.0,9784.0,788.0,173.0,8.0,29.0,5.0,57.68,1.11,1.9
2023/11/10,23.4,23.75,23.35,23.55,757.0,17789.0,-0.4228,0.2633,501.0,45.0,0.0,-2.0,43.0,9896.0,145.0,30.0,1.0,30.0,2.0,57.44,1.1,1.91
2023/11/13,25.0,25.8,24.55,25.4,9583.0,242191.0,7.8556,3.3327,4422.0,4091.0,0.0,3.0,4094.0,9982.0,762.0,676.0,2.0,69.0,41.0,39.08,1.13,1.77
2023/11/14,25.0,25.05,23.75,23.8,6180.0,150380.0,-6.2992,2.1492,3495.0,-1293.0,0.0,104.0,-1189.0,9431.0,790.0,1341.0,38.0,39.0,8.0,36.62,1.06,1.89
2023/11/15,24.25,24.85,23.8,24.65,2976.0,72728.0,3.5714,1.035,1600.0,1064.0,2.0,154.0,1220.0,9289.0,258.0,400.0,3.0,45.0,9.0,37.92,1.1,1.83
2023/11/16,24.75,25.65,24.75,25.0,5320.0,134637.0,1.4199,1.8501,2600.0,2097.0,0.0,26.0,2123.0,9325.0,546.0,510.0,2.0,51.0,8.0,38.46,1.11,1.8
2023/11/17,25.45,25.9,25.25,25.25,3656.0,93387.0,1.0,1.2714,1791.0,722.0,-11.0,-1.0,710.0,9592.0,570.0,303.0,4.0,57.0,10.0,38.85,1.13,1.78
2023/11/20,25.5,25.8,25.1,25.15,2663.0,67770.0,-0.396,0.9261,1488.0,50.0,0.0,1.0,51.0,9680.0,261.0,173.0,3.0,71.0,17.0,38.69,1.12,1.79
2023/11/21,25.45,25.5,24.85,25.15,1852.0,46486.0,0.0,0.6441,1248.0,156.0,0.0,40.0,196.0,9807.0,268.0,141.0,6.0,65.0,0.0,38.69,1.12,1.79
2023/11/22,25.3,25.8,25.15,25.5,2981.0,76270.0,1.3917,1.0367,1553.0,1059.0,0.0,-1.0,1058.0,9874.0,430.0,363.0,0.0,70.0,5.0,39.23,1.14,1.76
2023/11/23,25.7,26.65,25.65,26.3,5651.0,147895.0,3.1373,1.9653,3212.0,343.0,7.0,-5.0,345.0,10281.0,815.0,408.0,1.0,78.0,9.0,40.46,1.17,1.71
2023/11/24,26.35,26.75,26.05,26.6,3401.0,90052.0,1.1407,1.1828,1826.0,833.0,0.0,-1.0,832.0,10454.0,499.0,326.0,1.0,100.0,23.0,40.92,1.19,1.69
2023/11/27,26.9,27.15,26.35,26.55,4256.0,114120.0,-0.188,1.4801,2141.0,1202.0,0.0,-3.0,1199.0,9532.0,410.0,1332.0,8.0,95.0,3.0,40.85,1.18,1.69
2023/11/28,26.6,26.95,26.5,26.75,2126.0,56912.0,0.7533,0.7394,1261.0,555.0,0.0,7.0,562.0,9343.0,159.0,348.0,0.0,127.0,32.0,41.15,1.19,1.68
2023/11/29,26.8,26.9,26.35,26.65,1763.0,47016.0,-0.3738,0.6131,1213.0,731.0,0.0,-1.0,730.0,9315.0,105.0,133.0,0.0,129.0,2.0,41.0,1.19,1.69
2023/11/30,26.8,27.15,26.6,26.85,1854.0,49875.0,0.7505,0.6448,1265.0,440.0,0.0,-4.0,436.0,9285.0,236.0,266.0,18.0,118.0,7.0,41.31,1.2,1.68
2023/12/01,26.9,27.05,26.35,26.45,1897.0,50501.0,-1.4898,0.6597,1430.0,505.0,0.0,0.0,505.0,9060.0,246.0,471.0,41.0,86.0,9.0,40.69,1.18,1.7
2023/12/04,26.6,26.85,26.0,26.05,2518.0,66296.0,-1.5123,0.8757,1768.0,587.0,0.0,0.0,587.0,9126.0,369.0,303.0,27.0,86.0,27.0,40.08,1.16,1.73
2023/12/05,26.1,26.1,25.65,25.8,1603.0,41453.0,-0.9597,0.5575,1066.0,278.0,0.0,-20.0,258.0,8924.0,111.0,313.0,11.0,75.0,0.0,39.69,1.15,1.74
2023/12/06,25.9,26.7,25.65,26.25,2078.0,54240.0,1.7442,0.7227,1248.0,-668.0,0.0,-12.0,-680.0,9338.0,520.0,106.0,20.0,59.0,4.0,40.38,1.17,1.71
2023/12/07,26.65,27.55,26.5,26.75,7940.0,214824.0,1.9048,2.7614,3869.0,-367.0,0.0,8.0,-359.0,9631.0,775.0,482.0,0.0,68.0,9.0,41.15,1.19,1.68
2023/12/08,26.65,26.9,26.0,26.2,2587.0,68157.0,-2.0561,0.8997,1681.0,-490.0,0.0,-5.0,-495.0,9502.0,252.0,381.0,7.0,61.0,0.0,40.31,1.17,1.72
2023/12/11,26.5,26.5,25.75,26.1,1881.0,49088.0,-0.3817,0.6542,811.0,537.0,0.0,20.0,557.0,8927.0,112.0,666.0,0.0,60.0,0.0,40.15,1.16,1.72
2023/12/12,26.2,27.3,26.1,27.1,7881.0,212823.0,3.8314,2.7409,4102.0,-357.0,0.0,25.0,-332.0,9042.0,635.0,508.0,0.0,159.0,99.0,41.69,1.21,1.66
2023/12/13,26.8,27.6,26.75,27.25,4618.0,125532.0,0.5535,1.6061,2527.0,779.0,0.0,-6.0,773.0,8970.0,460.0,532.0,67.0,110.0,18.0,41.92,1.21,1.65
2023/12/14,27.35,27.75,26.85,27.2,4250.0,115970.0,-0.1835,1.4781,2052.0,238.0,2.0,-8.0,232.0,9092.0,963.0,841.0,25.0,91.0,6.0,41.85,1.21,1.65
2023/12/15,27.3,27.55,26.6,27.05,2648.0,71292.0,-0.5515,0.9209,1502.0,-277.0,0.0,2.0,-275.0,9069.0,342.0,365.0,16.0,80.0,5.0,41.62,1.21,1.66
2023/12/18,26.9,27.15,26.2,26.2,2089.0,55484.0,-3.1423,0.7265,1264.0,-294.0,0.0,-2.0,-296.0,8882.0,158.0,345.0,14.0,66.0,0.0,40.31,1.17,1.72
2023/12/19,26.2,26.2,25.3,25.4,2636.0,67503.0,-3.0534,0.9168,1442.0,77.0,0.0,2.0,79.0,9172.0,454.0,164.0,4.0,64.0,2.0,39.08,1.13,1.77
2023/12/20,25.45,25.7,25.3,25.65,998.0,25516.0,0.9843,0.3471,623.0,107.0,0.0,6.0,113.0,9123.0,29.0,77.0,9.0,55.0,0.0,39.46,1.14,1.75
2023/12/21,25.4,25.45,25.1,25.1,1427.0,36001.0,-2.1442,0.4963,874.0,-291.0,0.0,1.0,-290.0,9246.0,172.0,49.0,11.0,45.0,1.0,38.62,1.12,1.79
2023/12/22,25.35,25.35,25.0,25.1,907.0,22773.0,0.0,0.3154,493.0,-311.0,0.0,-10.0,-321.0,9377.0,167.0,36.0,0.0,45.0,0.0,38.62,1.12,1.79
2023/12/25,25.2,25.3,24.95,25.05,1483.0,37150.0,-0.1992,0.5158,514.0,182.0,0.0,0.0,182.0,9546.0,195.0,26.0,6.0,40.0,1.0,38.54,1.12,1.8
2023/12/26,25.3,25.9,25.25,25.45,1835.0,46913.0,1.5968,0.6382,1063.0,184.0,0.0,-8.0,176.0,9588.0,136.0,94.0,10.0,31.0,1.0,39.15,1.13,1.77
2023/12/27,25.55,26.95,25.3,26.7,7701.0,204162.0,4.9116,2.6783,3775.0,-614.0,0.0,-20.0,-634.0,9745.0,563.0,406.0,2.0,122.0,93.0,41.08,1.19,1.69
2023/12/28,26.6,26.65,26.15,26.3,2540.0,66893.0,-1.4981,0.8834,1485.0,-250.0,0.0,-10.0,-260.0,9431.0,157.0,471.0,81.0,51.0,10.0,40.46,1.17,1.71
2023/12/29,26.6,27.0,26.2,26.4,2669.0,71154.0,0.3802,0.9282,1399.0,987.0,0.0,-4.0,983.0,9587.0,243.0,87.0,15.0,39.0,3.0,40.62,1.18,1.7
2024/01/02,26.6,26.95,26.5,26.55,1504.0,40170.0,0.5682,0.5231,914.0,-148.0,0.0,-8.0,-156.0,9620.0,172.0,139.0,3.0,37.0,1.0,40.85,1.18,1.69
2024/01/03,26.75,27.35,26.55,26.7,3163.0,85174.0,0.565,1.1,1884.0,615.0,0.0,18.0,633.0,9538.0,193.0,264.0,1.0,40.0,4.0,41.08,1.19,1.69
2024/01/04,26.7,26.95,26.15,26.2,1505.0,39785.0,-1.8727,0.5234,1089.0,-198.0,-2.0,0.0,-200.0,9562.0,115.0,91.0,3.0,37.0,0.0,40.31,1.17,1.72
2024/01/05,26.3,26.5,25.6,25.6,1690.0,43858.0,-2.2901,0.5878,1064.0,0.0,0.0,3.0,3.0,9560.0,97.0,99.0,3.0,36.0,2.0,39.38,1.14,1.76
2024/01/08,25.6,25.85,24.95,25.15,1929.0,48777.0,-1.7578,0.6709,961.0,468.0,0.0,-19.0,449.0,8758.0,129.0,930.0,5.0,31.0,0.0,38.69,1.12,1.79
2024/01/09,25.25,25.6,25.0,25.55,2709.0,68704.0,1.5905,0.9421,1445.0,-849.0,0.0,-1.0,-850.0,9042.0,376.0,92.0,2.0,46.0,17.0,39.31,1.14,1.76
2024/01/10,25.55,25.6,24.5,25.25,3396.0,85377.0,-1.1742,1.1811,1653.0,-90.0,0.0,5.0,-85.0,8831.0,236.0,445.0,7.0,47.0,8.0,38.85,1.13,1.78
2024/01/11,25.25,25.3,24.75,25.2,769.0,19382.0,-0.198,0.2674,485.0,-99.0,0.0,18.0,-81.0,8941.0,139.0,29.0,11.0,36.0,0.0,38.77,1.12,1.79
2024/01/12,25.2,25.25,24.8,24.95,1211.0,30265.0,-0.9921,0.4212,627.0,-225.0,0.0,-39.0,-264.0,8844.0,126.0,221.0,3.0,34.0,1.0,38.38,1.11,1.8
2024/01/15,25.35,25.35,24.95,24.95,598.0,14987.0,0.0,0.208,417.0,43.0,0.0,11.0,54.0,8599.0,77.0,199.0,5.0,29.0,0.0,38.38,1.11,1.8
2024/01/16,24.85,26.4,24.6,25.55,8754.0,226106.0,2.4048,3.0445,4592.0,-3617.0,0.0,4.0,-3613.0,8930.0,723.0,392.0,3.0,127.0,101.0,39.31,1.14,1.76
2024/01/17,25.6,25.95,24.65,24.75,4156.0,104583.0,-3.1311,1.4454,2243.0,-854.0,0.0,5.0,-849.0,8838.0,235.0,327.0,99.0,72.0,44.0,38.08,1.1,1.82
2024/01/18,24.8,25.1,24.55,25.1,1805.0,44739.0,1.4141,0.6278,1088.0,610.0,0.0,11.0,621.0,8685.0,90.0,242.0,17.0,65.0,13.0,38.62,1.12,1.79
2024/01/19,24.95,25.45,24.8,24.8,1516.0,37864.0,-1.1952,0.5272,1068.0,-41.0,0.0,-2.0,-43.0,8633.0,108.0,160.0,13.0,52.0,0.0,38.15,1.11,1.81
2024/01/22,24.9,24.9,24.15,24.25,2577.0,62994.0,-2.2177,0.8962,1538.0,-783.0,0.0,1.0,-782.0,8812.0,301.0,122.0,20.0,47.0,15.0,37.31,1.08,1.86
2024/01/23,24.2,25.05,24.2,25.05,1506.0,37194.0,3.299,0.5238,855.0,100.0,0.0,31.0,131.0,9006.0,351.0,157.0,24.0,26.0,3.0,38.54,1.12,1.8
2024/01/24,25.4,26.1,25.15,25.25,9526.0,244094.0,0.7984,3.313,4721.0,-1981.0,0.0,-62.0,-2043.0,8990.0,550.0,565.0,4.0,23.0,1.0,38.85,1.13,1.78
2024/01/25,25.25,25.25,24.65,24.75,1862.0,46235.0,-1.9802,0.6476,1249.0,-319.0,0.0,-2.0,-321.0,8984.0,166.0,172.0,0.0,44.0,21.0,38.08,1.1,1.82
2024/01/26,24.8,24.8,24.25,24.35,1190.0,29115.0,-1.6162,0.4139,857.0,-461.0,0.0,3.0,-458.0,8984.0,96.0,96.0,1.0,43.0,0.0,37.46,1.09,1.85
2024/01/29,25.0,25.3,24.6,24.75,2679.0,66846.0,1.6427,0.9317,1405.0,113.0,0.0,1.0,114.0,8912.0,312.0,379.0,21.0,27.0,5.0,38.08,1.1,1.82
2024/01/30,24.95,24.95,24.6,24.6,686.0,16985.0,-0.6061,0.2386,566.0,-90.0,0.0,0.0,-90.0,8815.0,74.0,141.0,0.0,27.0,0.0,37.85,1.1,1.83
2024/01/31,24.55,25.05,24.55,24.85,1221.0,30334.0,1.0163,0.4246,829.0,158.0,0.0,0.0,158.0,8716.0,79.0,172.0,1.0,30.0,4.0,38.23,1.11,1.81
2024/02/01,25.0,25.0,24.6,24.85,758.0,18775.0,0.0,0.2636,540.0,-86.0,0.0,7.0,-79.0,8659.0,47.0,104.0,0.0,39.0,9.0,38.23,1.11,1.81
2024/02/02,24.8,24.95,24.5,24.5,1067.0,26309.0,-1.4085,0.3711,738.0,-292.0,0.0,-3.0,-295.0,8657.0,74.0,72.0,11.0,25.0,0.0,37.69,1.09,1.84
2024/02/05,24.4,24.4,23.8,23.95,1926.0,46215.0,-2.2449,0.6698,1286.0,-798.0,-13.0,11.0,-800.0,8649.0,108.0,116.0,7.0,18.0,0.0,36.85,1.07,1.88
2024/02/15,24.1,24.2,23.7,24.1,898.0,21528.0,0.6263,0.3123,683.0,114.0,0.0,-1.0,113.0,8709.0,104.0,38.0,0.0,24.0,6.0,37.08,1.07,1.87
2024/02/16,24.45,26.0,24.45,25.9,5467.0,139001.0,7.4689,1.9013,2821.0,2618.0,0.0,202.0,2820.0,8330.0,120.0,499.0,1.0,26.0,3.0,39.85,1.15,1.74
2024/02/19,25.9,26.1,25.6,25.9,3237.0,83994.0,0.0,1.1258,1646.0,1182.0,0.0,-43.0,1139.0,8045.0,139.0,219.0,0.0,26.0,0.0,39.85,1.15,1.74
2024/02/20,25.95,26.0,25.45,25.6,1248.0,32089.0,-1.1583,0.434,903.0,133.0,0.0,-64.0,69.0,7314.0,94.0,147.0,0.0,27.0,1.0,39.38,1.14,1.76
2024/02/21,25.7,25.9,25.5,25.85,1200.0,30864.0,0.9766,0.4173,751.0,325.0,0.0,9.0,334.0,7140.0,97.0,80.0,0.0,27.0,0.0,39.77,1.15,1.74
2024/02/22,25.9,25.95,25.7,25.8,979.0,25278.0,-0.1934,0.3405,824.0,417.0,-3.0,15.0,429.0,7077.0,52.0,115.0,0.0,28.0,1.0,39.69,1.15,1.74
2024/02/23,25.9,26.05,25.5,25.55,1278.0,32902.0,-0.969,0.4445,919.0,120.0,-20.0,-3.0,97.0,6363.0,52.0,130.0,0.0,28.0,0.0,39.31,1.14,1.76
2024/02/26,25.55,26.2,25.55,26.15,2516.0,65236.0,2.3483,0.875,1364.0,419.0,-8.0,7.0,418.0,6312.0,146.0,197.0,0.0,29.0,1.0,40.23,1.17,1.72
2024/02/27,26.25,26.25,25.6,25.7,1681.0,43490.0,-1.7208,0.5846,994.0,-37.0,0.0,0.0,-37.0,6166.0,114.0,104.0,2.0,27.0,0.0,39.54,1.15,1.75
2024/02/29,25.75,25.9,25.3,25.8,940.0,24052.0,0.3891,0.3269,991.0,-102.0,0.0,13.0,-89.0,6142.0,68.0,77.0,1.0,26.0,0.0,39.69,1.15,1.74
2024/03/01,25.8,26.1,25.7,25.9,1633.0,42406.0,0.3876,0.5679,848.0,745.0,0.0,8.0,753.0,6028.0,61.0,175.0,0.0,27.0,1.0,39.85,1.15,1.74
2024/03/04,26.05,26.25,25.8,25.9,1882.0,49022.0,0.0,0.6545,1356.0,307.0,0.0,1.0,308.0,6160.0,235.0,92.0,0.0,28.0,1.0,39.85,1.15,1.74
2024/03/05,26.0,26.25,25.8,25.95,1632.0,42491.0,0.1931,0.5676,964.0,471.0,-7.0,-1.0,463.0,6092.0,215.0,282.0,2.0,26.0,0.0,39.92,1.16,1.73
2024/03/06,26.0,26.4,25.85,26.1,1717.0,44730.0,0.578,0.5971,1037.0,324.0,0.0,-1.0,323.0,6254.0,268.0,105.0,0.0,26.0,0.0,40.15,1.16,1.72
2024/03/07,26.25,26.25,25.7,26.0,1688.0,43841.0,-0.3831,0.5871,1083.0,-127.0,-2.0,0.0,-129.0,6053.0,322.0,196.0,0.0,26.0,0.0,40.0,1.16,1.73
2024/03/08,26.0,26.0,25.0,25.1,1906.0,48367.0,-3.4615,0.6629,1527.0,-224.0,0.0,-28.0,-252.0,6065.0,188.0,176.0,2.0,26.0,2.0,26.42,1.12,1.79
2024/03/11,25.1,25.9,25.05,25.65,928.0,23814.0,2.1912,0.3227,711.0,377.0,-3.0,8.0,382.0,6075.0,80.0,70.0,0.0,26.0,0.0,27.0,1.14,1.75
2024/03/12,25.7,26.4,25.7,25.95,2199.0,57554.0,1.1696,0.7648,1142.0,1076.0,0.0,7.0,1083.0,5929.0,304.0,450.0,1.0,26.0,1.0,27.32,1.16,1.73
2024/03/13,26.0,26.15,25.1,25.2,1537.0,39194.0,-2.8902,0.5345,1208.0,-645.0,0.0,-11.0,-656.0,5935.0,85.0,79.0,2.0,24.0,0.0,26.53,1.12,1.79
2024/03/14,25.2,25.4,24.85,25.0,1082.0,27167.0,-0.7937,0.3763,788.0,-165.0,0.0,-16.0,-181.0,5974.0,69.0,29.0,0.0,24.0,0.0,26.32,1.12,1.8
2024/03/15,25.0,25.0,24.5,24.55,1266.0,31214.0,-1.8,0.4403,1289.0,-607.0,0.0,-5.0,-612.0,5937.0,95.0,52.0,2.0,22.0,0.0,25.84,1.1,1.83
2024/03/18,24.6,24.6,24.2,24.35,1169.0,28417.0,-0.8147,0.4066,780.0,119.0,0.0,2.0,121.0,5813.0,70.0,194.0,7.0,15.0,0.0,25.63,1.09,1.85
2024/03/19,24.35,25.75,24.25,25.55,2622.0,65669.0,4.9281,0.9119,1436.0,-508.0,0.0,-14.0,-522.0,6511.0,781.0,83.0,0.0,15.0,0.0,26.89,1.14,1.76
2024/03/20,26.0,27.85,25.65,26.05,25241.0,674163.0,1.9569,8.7784,12228.0,-6427.0,-2.0,-40.0,-6469.0,7146.0,1912.0,1277.0,0.0,28.0,13.0,27.42,1.16,1.73
2024/03/21,26.5,26.95,26.0,26.7,11925.0,316285.0,2.4952,4.1473,5599.0,2391.0,0.0,70.0,2461.0,6879.0,742.0,1009.0,1.0,34.0,7.0,28.11,1.19,1.69
2024/03/22,26.65,26.85,26.4,26.5,4359.0,115894.0,-0.7491,1.516,2036.0,1402.0,0.0,-9.0,1393.0,6635.0,236.0,478.0,9.0,26.0,1.0,27.89,1.18,1.7
2024/03/25,26.8,27.45,26.6,26.9,5752.0,155324.0,1.5094,2.0005,2619.0,1859.0,0.0,48.0,1907.0,6509.0,443.0,569.0,0.0,37.0,11.0,28.32,1.2,1.67
2024/03/26,27.05,27.2,26.1,26.25,3180.0,84723.0,-2.4164,1.106,2113.0,277.0,0.0,48.0,325.0,6357.0,269.0,421.0,9.0,28.0,0.0,27.63,1.17,1.71
2024/03/27,26.5,27.1,26.3,26.4,2509.0,66697.0,0.5714,0.8726,1681.0,-736.0,0.0,1.0,-735.0,6449.0,218.0,126.0,0.0,29.0,1.0,27.79,1.18,1.7
2024/03/28,26.4,26.8,26.0,26.05,1590.0,41799.0,-1.3258,0.553,1075.0,44.0,0.0,2.0,46.0,6332.0,123.0,240.0,5.0,24.0,0.0,27.42,1.16,1.73
2024/03/29,26.2,26.6,25.55,26.45,2873.0,74898.0,1.5355,0.9992,1710.0,109.0,0.0,3.0,112.0,6313.0,314.0,333.0,3.0,21.0,0.0,27.84,1.18,1.7
2024/04/01,26.4,26.9,26.4,26.7,2312.0,61702.0,0.9452,0.8041,1340.0,467.0,-1.0,-41.0,425.0,6439.0,340.0,214.0,0.0,21.0,0.0,28.11,1.19,1.69
2024/04/02,28.4,29.35,27.8,29.35,13748.0,396641.0,9.9251,4.7813,5545.0,765.0,0.0,6.0,771.0,7285.0,1788.0,942.0,0.0,73.0,52.0,30.89,1.31,1.53
2024/04/03,32.25,32.25,31.3,32.25,12152.0,390957.0,9.8807,4.2263,3731.0,550.0,0.0,-35.0,515.0,8972.0,2348.0,661.0,6.0,129.0,62.0,33.95,1.44,1.4
